0.0,0.5230639097847174,0.0,0.0,0.0,0.5323291304267987,0.0,0.3141081515898159,0.0,0.480036291559498,0.0,0.0,0.0,0.0,0.4859726390561929,0.4617554285944344,0.6555109410457296,0.5227016917893494,0.0,0.4471985514506569,0.6345896550583638,0.5355307025122146,0.3291921956251275,0.4626226692656249,0.6820556313462172,0.6679901440768747,0.214945907712705,0.1825513024455602,0.7735803412344961,0.0,0.2593714985313536,0.0,0.1947222228000133,0.0,0.0,0.0,0.0,0.0,0.098985273828512,0.0482620123601347,0.497077149254474,0.0,0.0,0.0,0.0,0.791338333408013,0.0975241679458966,0.0,0.0,0.0,0.0,0.0,0.0,0.0,0.0,0.0,0.0,0.0,0.0,0.0,0.4027155971793715,0.0,0.5602835684032599,0.0,0.0,0.6504697947284379,0.4135195715465222,0.0,0.3794984280207668,0.6455172612664878,0.4839434099204084,0.0,0.0,0.0,0.0,0.0
0.5230639097847174,0.0,0.0,0.0,0.2502488905616205,0.7622208259040314,0.4952108170903176,0.2782990048129834,0.2086723092097384,0.0,0.0,0.0,0.2909350865838236,0.0,0.5957184822570776,0.702635176759155,0.0,0.8238791348855283,0.0,0.6281998745363669,0.319300404123588,0.6958532404858363,0.4578538403984297,0.0,0.8849186677236127,0.8681485148303326,0.6583732019806718,0.3317857298014537,0.7117739212321902,0.0,0.138792720244915,0.0,0.0249802877112563,0.0,0.0,0.0,0.0,0.0,0.0,0.0,0.3859846646333779,0.0,0.0,0.0,0.0,0.3876893762502383,0.5548372073818414,0.0,0.0,0.0,0.0,0.0,0.0,0.0,0.0,0.0,0.0,0.0,0.0,0.6119710745145291,0.6331622184789879,0.0,0.5310280806224108,0.0,0.4691898987008827,0.2652015299846537,0.5924078318663633,0.5152196947424225,0.0,0.6583571876950981,0.6246404125545243,0.6673847347246251,0.0,0.6188260847685995,0.0,0.3757251892884214
0.0,0.0,0.0,0.0,0.6627641920144102,0.3542577047592326,0.217507291696377,0.2089280693096302,0.8191616407220129,0.0,0.8656217785820107,0.0,0.4877380415431966,0.2510502885457256,0.0,0.0,0.0,0.0,0.8776689466148833,0.0,0.0,0.0,0.4538855601002886,0.0,0.0,0.0,0.7410263338359299,0.6221558540666187,0.0,0.4631103414217353,0.3919550011664814,0.0,0.0,0.0581414015350882,0.0079412955283331,0.2931050876167024,0.1644301082022767,0.0,0.0,0.0,0.0,0.0,0.2108265933131676,0.0,0.0,0.0,0.0,0.948309112827034,0.0,0.7027518023286501,0.2400277977386977,0.0,0.2553951363875156,0.8032730798311836,0.0,0.91810386715555,0.0,0.0,0.2992404227326954,0.0,0.0,0.0,0.0,0.9080728321907876,0.0,0.0,0.0,0.1900669729494656,0.0,0.0,0.0,0.5749560477028065,0.0,0.0,0.0,0.0
0.0,0.0,0.0,0.0,0.0,0.0,0.0,0.0,0.0,0.0,0.0654377304719428,0.0,0.2270307256350545,0.0,0.0,0.0,0.0,0.0,0.1288623179787585,0.0,0.0,0.0,0.0,0.0,0.0,0.0,0.0,0.0649152085157163,0.0,0.0,0.0,0.2729635017073012,0.0,0.2029247527022202,0.0260037713708947,0.1423460809974728,0.4321929479468748,0.0,0.0,0.0,0.0,0.0,0.0,0.0,0.0,0.0,0.0,0.0,0.0,0.0,0.0,0.0,0.0,0.0,0.0,0.0,0.0,0.0,0.0,0.0,0.0,0.0,0.0,0.0,0.0,0.0,0.0,0.0,0.0,0.0,0.0,0.0,0.0,0.0,0.0,0.0
0.0,0.2502488905616205,0.6627641920144102,0.0,0.0,0.5836500562610493,0.6368052293273491,0.1947976958661834,0.8906382430455896,0.1099540759147201,0.8099055327647673,0.4008208016216411,0.3715391741796952,0.2704422980359184,0.0,0.0,0.0,0.0,0.6239291599153811,0.6441462306491099,0.0,0.556105953023351,0.3288862152175031,0.0,0.1160672806071453,0.0,0.6851555196613743,0.5908808286799502,0.3261856015495284,0.0,0.1073234084781294,0.0,0.0,0.0,0.0,0.1408016482182615,0.1532529671882367,0.0,0.0,0.0,0.0,0.0,0.2297084560089205,0.0,0.0,0.0,0.0,0.7382278264212817,0.0,0.0,0.0,0.0,0.301260767807558,0.8450513335105726,0.0,0.7470705100436873,0.0,0.0,0.0,0.0,0.0,0.0,0.0,0.0,0.0,0.0,0.0,0.2864516144163143,0.0,0.0,0.0,0.583701199558974,0.0,0.0,0.0,0.0
0.5323291304267987,0.7622208259040314,0.3542577047592326,0.0,0.5836500562610493,0.0,0.7269928231472546,0.485031409776763,0.5501776925555978,0.3260019684827211,0.4202409393794786,0.0,0.3115015412950757,0.2572747074343104,0.6402306142325842,0.3780524442296366,0.0,0.6094845083470012,0.332032733985776,0.735245691818362,0.3261819245278125,0.7170204106529334,0.6074009169250925,0.0,0.6632434647623626,0.6961823518597668,0.7390256822197888,0.4678805672076705,0.7222130467535406,0.3823963531118775,0.0844084978895755,0.0,0.0,0.0,0.0,0.0464238415351491,0.0,0.0,0.0,0.0,0.2043154427159861,0.0,0.1579412906864334,0.0,0.0,0.0,0.0,0.4830855159956693,0.0,0.0,0.6835976654127063,0.5633944859095531,0.5085236467499078,0.5101982370155391,0.0,0.3659386870352666,0.0,0.5625985966319167,0.0,0.5972144367111972,0.0,0.0,0.0,0.4466922290162767,0.6605216042244713,0.2575174722757894,0.60322517727201,0.7032914579440854,0.0,0.0,0.0,0.764932665728448,0.6913690925285741,0.6060013800356989,0.0,0.3694164764315284
0.0,0.4952108170903176,0.217507291696377,0.0,0.6368052293273491,0.7269928231472546,0.0,0.0908546478275739,0.4976174202286914,0.3812444185864694,0.4106291493072908,0.2014623475697969,0.0990554013955614,0.1698250425844314,0.0,0.1015872959119469,0.4910643907582915,0.3504724550493955,0.2037971884073196,0.7525951784866552,0.0,0.6661137566562245,0.1864344046902838,0.1251288839916616,0.4327384180323091,0.3759705299783414,0.6231526802716352,0.3881903702016051,0.7932825299729124,0.0,0.0,0.0,0.0,0.0,0.0,0.0,0.0,0.0,0.0,0.0,0.0,0.0,0.0,0.0,0.0,0.0,0.0,0.0,0.0,0.0,0.2601696598441945,0.0,0.0,0.0,0.0,0.0,0.0,0.0,0.0,0.0,0.0,0.0,0.0,0.0,0.0,0.0,0.0,0.5354298546232141,0.0,0.0,0.0,0.6465432235585851,0.0,0.0,0.0,0.0
0.3141081515898159,0.2782990048129834,0.2089280693096302,0.0,0.1947976958661834,0.485031409776763,0.0908546478275739,0.0,0.1568008881333954,0.462253078331448,0.1259288186490526,0.0,0.2388040777510298,0.2022013299846163,0.1240549062696115,0.1311919176215626,0.0,0.2482525515257294,0.2007212741053241,0.1413554374358186,0.5201602534122458,0.1199890408932241,0.7990886844191295,0.6417046874349626,0.3677371745258972,0.4244303812550554,0.1572881577430268,0.2744356711465779,0.1700882376612254,0.2761525239909706,0.2368361619558797,0.179159124064759,0.3291082983250588,0.1735713186546937,0.0,0.2153469908481181,0.0,0.0,0.1768484701551659,0.0,0.2300552537307734,0.0,0.1326593752989856,0.0,0.0,0.0,0.0,0.1721974926709936,0.0,0.075527874454609,0.4987644753055151,0.2095416433981509,0.7637994802412195,0.1175550031167757,0.0,0.1904587283810787,0.0,0.3294450643947578,0.1298100139014244,0.1522998054968146,0.0,0.0,0.0,0.1801720232454854,0.0903219550452416,0.3098726050598904,0.0,0.5478626956115967,0.0,0.0,0.0,0.1154262551551372,0.2167151657048916,0.1380878531487696,0.0,0.1158567452591978
0.0,0.2086723092097384,0.8191616407220129,0.0,0.8906382430455896,0.5501776925555978,0.4976174202286914,0.1568008881333954,0.0,0.0820837312387077,0.9029127554124932,0.4290658350531786,0.4771257570787079,0.1886567796797081,0.0,0.1600040354028774,0.0,0.0,0.7629782047671502,0.6639246202808428,0.0,0.6280882620818247,0.3910000768841423,0.0,0.0,0.0,0.8016662788353042,0.6593776167335821,0.2922190495750439,0.5265280997643788,0.3092470190451493,0.0,0.0,0.0,0.0,0.215949300533201,0.159982863347284,0.0451713892030558,0.0,0.0,0.0,0.0,0.162889570203275,0.0,0.0,0.0,0.0,0.8643511518549597,0.0,0.0,0.2743249524617721,0.0,0.2808408003889223,0.974239760293488,0.0,0.882926577601632,0.0,0.0,0.1248602705539221,0.0,0.0,0.0,0.0,0.857645962858854,0.0,0.0,0.0,0.2721713709281543,0.0,0.0,0.0,0.7043861690253885,0.0,0.0,0.0,0.0
0.480036291559498,0.0,0.0,0.0,0.1099540759147201,0.3260019684827211,0.3812444185864694,0.462253078331448,0.0820837312387077,0.0,0.0,0.5501381192434895,0.08641395998966,0.0552600681029042,0.0,0.1393172265894551,0.6475266260991426,0.1960574423401355,0.0,0.0,0.0,0.2951662670926824,0.3127690595365211,0.5372157708809875,0.329967046335929,0.2810012450407293,0.0934839906983351,0.3180877965691522,0.0,0.0,0.3115591746710855,0.0,0.0488651618525663,0.0,0.0,0.0,0.0,0.0892564458447071,0.0527970717390673,0.1187345326832987,0.152215270696094,0.0,0.0,0.0,0.1832911719978781,0.0,0.0,0.0,0.0,0.0,0.0,0.0,0.0,0.0,0.1619823655696662,0.0,0.1883571352179088,0.0,0.0,0.0,0.0,0.2360688697584578,0.1679926972368345,0.0,0.0,0.0,0.0,0.0,0.214721581384513,0.1635082625103888,0.2148828777225717,0.0,0.260300596861065,0.0,0.0,0.3179376778453062
0.0,0.0,0.8656217785820107,0.0654377304719428,0.8099055327647673,0.4202409393794786,0.4106291493072908,0.1259288186490526,0.9029127554124932,0.0,0.0,0.3791096616031538,0.4539678287326033,0.2292898413483074,0.0,0.0,0.0,0.0,0.8279466864910399,0.0,0.0,0.0,0.3575872469182846,0.0,0.0,0.0,0.7711123711145689,0.5565609124607923,0.0,0.0,0.2036153514862697,0.0,0.0,0.0,0.0,0.2307575996050087,0.1368211360373267,0.0509932052534498,0.0,0.0,0.0,0.0,0.1847752688746226,0.0,0.0,0.0,0.0,0.8701338401262253,0.0,0.7751252373641051,0.2126106470316451,0.530769775138823,0.2447470449598623,0.9084632371372626,0.0,0.9326140851099536,0.0,0.4570837280016188,0.1926304931394392,0.0,0.0,0.0,0.0,0.8942175956016187,0.0,0.0,0.0,0.2246498217394062,0.0,0.0,0.0,0.6583037550700549,0.0,0.0,0.0,0.0
0.0,0.0,0.0,0.0,0.4008208016216411,0.0,0.2014623475697969,0.0,0.4290658350531786,0.5501381192434895,0.3791096616031538,0.0,0.3558568335952441,0.0,0.0,0.0,0.1624827031356297,0.0,0.0,0.0,0.0,0.0,0.0,0.4434955463540453,0.0,0.0,0.0,0.5575315201953854,0.0,0.0,0.3490441602327495,0.0,0.0,0.0168491459626555,0.0,0.2163146417506014,0.1353630532584166,0.283897587662608,0.0,0.0,0.0,0.0,0.0,0.0,0.1071318362645778,0.0,0.0,0.0,0.0,0.0,0.0,0.0,0.0,0.0,0.4175952842320019,0.0,0.7600608361359562,0.0,0.0,0.0,0.0,0.0,0.0,0.0,0.0,0.0,0.0,0.0,0.0691166450482136,0.0,0.027640772436851,0.0,0.0,0.0,0.0,0.2845628972330434
0.0,0.2909350865838236,0.4877380415431966,0.2270307256350545,0.3715391741796952,0.3115015412950757,0.0990554013955614,0.2388040777510298,0.4771257570787079,0.08641395998966,0.4539678287326033,0.3558568335952441,0.0,0.0,0.0866717580776037,0.4818949574377865,0.2772519151106674,0.4785437028876774,0.500676536524291,0.2192553661574288,0.2772292241407094,0.2422065006234824,0.4433376912969824,0.2705330847865453,0.1868361779303832,0.1675210189011284,0.4306889927462473,0.7067148470924183,0.0954512413650631,0.4782275340229354,0.5696346548758814,0.171171363098067,0.1930993017751922,0.4431614732540673,0.1436756787472879,0.3804130331410841,0.2221839737988296,0.147296565556753,0.0,0.0,0.0,0.0,0.0902686628925577,0.0,0.0,0.0,0.0,0.4115912169519717,0.0,0.0,0.3988411545693984,0.0,0.1373938648826974,0.0,0.0,0.0,0.0,0.0,0.0,0.0,0.0,0.0,0.0,0.0,0.0,0.0,0.0,0.0417580911284403,0.0,0.0,0.0,0.348864819455626,0.0,0.3938850866632286,0.0,0.0
0.0,0.0,0.2510502885457256,0.0,0.2704422980359184,0.2572747074343104,0.1698250425844314,0.2022013299846163,0.1886567796797081,0.0552600681029042,0.2292898413483074,0.0,0.0,0.0,0.0,0.0,0.0,0.0,0.1568260725455017,0.0,0.0,0.0,0.3347345837538711,0.0,0.0,0.0,0.283664763969109,0.025554010939802,0.0,0.0,0.0,0.0,0.0,0.0,0.0,0.2191507417978176,0.0,0.0,0.0,0.0,0.0,0.0,0.1374505145860098,0.0,0.0,0.0,0.0,0.2209393726440989,0.0,0.0,0.0,0.0,0.0,0.179815386204579,0.0,0.2734417224598353,0.0,0.0,0.0,0.0,0.0,0.0,0.0,0.0,0.0,0.0,0.0,0.2320311859008352,0.0,0.0,0.0,0.0,0.0,0.0,0.0,0.0
0.4859726390561929,0.5957184822570776,0.0,0.0,0.0,0.6402306142325842,0.0,0.1240549062696115,0.0,0.0,0.0,0.0,0.0866717580776037,0.0,0.0,0.3439828046370937,0.0,0.5681599380586166,0.0,0.8698866164281642,0.2957222885267822,0.8845074087095965,0.2981374066792329,0.2499054369900409,0.5561869775031895,0.5659377821994932,0.6107030970107845,0.5095800103378973,0.7144839282524477,0.0,0.184519430897905,0.0,0.0,0.0,0.0,0.0,0.0,0.0,0.0,0.0,0.0508905861001499,0.0,0.0,0.0,0.0,0.0,0.3805756318323775,0.0,0.0,0.0,0.410857193610431,0.0,0.2827686339807159,0.0,0.0,0.0,0.0,0.0,0.0,0.9002137404271029,0.5389789065606025,0.0,0.0,0.0,0.8388114298928789,0.3085243500007615,0.8416299786173077,0.56919835530712,0.0,0.0,0.4520687003107877,0.6948635588036767,0.7672285043549522,0.67226622905259,0.0,0.6053692454943291
0.4617554285944344,0.702635176759155,0.0,0.0,0.0,0.3780524442296366,0.1015872959119469,0.1311919176215626,0.1600040354028774,0.1393172265894551,0.0,0.0,0.4818949574377865,0.0,0.3439828046370937,0.0,0.5963402201523419,0.8663487707720453,0.0,0.3259972275308638,0.4136720747052517,0.5070168923970226,0.2327222381438248,0.2909066972066831,0.6457595254449686,0.712228847079048,0.3805097135431367,0.4182798995452951,0.5056250665570154,0.3196859093071895,0.6096047124150444,0.1943992517222629,0.3420364599924914,0.3998400899264727,0.1059999504931904,0.0,0.0,0.0,0.1203608591397341,0.2915050699757973,0.3657070505742405,0.0,0.0,0.0,0.0,0.4320721565891237,0.5215689532122953,0.0,0.0,0.0,0.0,0.0,0.0,0.0,0.0,0.0,0.0,0.0,0.0,0.4552549341797698,0.8016592168348002,0.0,0.690065976862483,0.0,0.2831480664318966,0.0921920527571208,0.5000387798206976,0.0,0.0,0.4711510760214336,0.7060390949675348,0.0,0.0,0.0,0.0,0.6558132180324047
0.6555109410457296,0.0,0.0,0.0,0.0,0.0,0.4910643907582915,0.0,0.0,0.6475266260991426,0.0,0.1624827031356297,0.2772519151106674,0.0,0.0,0.5963402201523419,0.0,0.7121832110242634,0.0,0.5474478718330985,0.0,0.6039741023862498,0.0,0.4414932686218612,0.7001809470037972,0.702485271459296,0.0,0.4352141212411167,0.0,0.0,0.3783234246061546,0.0,0.1676854435470507,0.0,0.0,0.0,0.0,0.0,0.0,0.1287116989053675,0.3520261587647705,0.0,0.0,0.0,0.0,0.0,0.0,0.0,0.0,0.0,0.0,0.0,0.0,0.0,0.0102245499123296,0.0,0.0,0.0,0.0,0.0,0.0,0.5650800361335706,0.6099060828207001,0.0,0.0,0.0,0.0,0.0,0.1697474040386654,0.432935292603168,0.5241082302855123,0.0,0.0,0.0,0.0,0.0
0.5227016917893494,0.8238791348855283,0.0,0.0,0.0,0.6094845083470012,0.3504724550493955,0.2482525515257294,0.0,0.1960574423401355,0.0,0.0,0.4785437028876774,0.0,0.5681599380586166,0.8663487707720453,0.7121832110242634,0.0,0.0,0.5850786562939625,0.41946888271446,0.7066626883537102,0.3731352869798348,0.3383711726728436,0.8175056465856871,0.8420251674371632,0.5604582003178444,0.5211041564191248,0.6764385847783876,0.0,0.4643512630428928,0.0,0.2087195043213079,0.184233564035239,0.0,0.0,0.0,0.0,0.0,0.1725074949159672,0.3286741897189821,0.0,0.0,0.0,0.0,0.4324334399938295,0.5038816865421207,0.0,0.0,0.0,0.0,0.0,0.0,0.0,0.1783899717438212,0.0,0.0184106416251135,0.0,0.0,0.0,0.7731839813353091,0.6205198572117048,0.7722456814250852,0.0,0.0,0.0,0.6284469842193754,0.0,0.2373333728691583,0.6104636514027708,0.7466676122272351,0.0,0.0,0.0,0.0,0.6152547291016476
0.0,0.0,0.8776689466148833,0.1288623179787585,0.6239291599153811,0.332032733985776,0.2037971884073196,0.2007212741053241,0.7629782047671502,0.0,0.8279466864910399,0.0,0.500676536524291,0.1568260725455017,0.0,0.0,0.0,0.0,0.0,0.0,0.0,0.0,0.4373658562731883,0.0,0.0,0.0,0.6628747996279098,0.6176076024647272,0.0,0.0,0.4642879475928686,0.0,0.0,0.1484943742183251,0.0252427952547972,0.3728704081278198,0.2310998158233148,0.0,0.0,0.0,0.0,0.0,0.2679569056105457,0.0,0.0,0.0,0.0,0.8139136776860435,0.0,0.0,0.2849771686678932,0.0,0.2301627065153785,0.7734553419043424,0.0,0.8456041333779946,0.0,0.0,0.2685012982067532,0.0,0.0,0.0,0.0,0.9163485236549362,0.0,0.0,0.0,0.2161797008786899,0.0,0.0,0.0,0.4987299228293805,0.0,0.0,0.0,0.0
0.4471985514506569,0.6281998745363669,0.0,0.0,0.6441462306491099,0.735245691818362,0.7525951784866552,0.1413554374358186,0.6639246202808428,0.0,0.0,0.0,0.2192553661574288,0.0,0.8698866164281642,0.3259972275308638,0.5474478718330985,0.5850786562939625,0.0,0.0,0.2579926896051633,0.9599061623614906,0.3473583725275022,0.0,0.5294338539405611,0.4978713822125492,0.7914741037741008,0.5787233190997728,0.7916014337284705,0.4913476700059077,0.2325319353245055,0.0,0.0,0.0,0.0,0.0009859883788972,0.0,0.0,0.0,0.0,0.0,0.0,0.0,0.0,0.0,0.0,0.4322270193548891,0.0,0.0,0.0,0.4110020580069953,0.0,0.3156393075921826,0.0,0.0,0.0,0.0,0.0,0.0,0.8154185473882133,0.0,0.0,0.0,0.0,0.9509740159879556,0.2337156264130348,0.919323187379886,0.5436432442417374,0.0,0.0,0.407960640083508,0.8173472270296118,0.8223874643856061,0.7597857350848183,0.0,0.6264908064586432
0.6345896550583638,0.319300404123588,0.0,0.0,0.0,0.3261819245278125,0.0,0.5201602534122458,0.0,0.0,0.0,0.0,0.2772292241407094,0.0,0.2957222885267822,0.4136720747052517,0.0,0.41946888271446,0.0,0.2579926896051633,0.0,0.3454194786028227,0.4939813112862268,0.5680469201203886,0.5196851532680627,0.4083834047266495,0.1442555274293237,0.3670218672447903,0.5109501889459922,0.5488666598772137,0.4676367816216933,0.2142378875217481,0.3818488110491478,0.1825837779749418,0.0,0.0105551390596657,0.0,0.0,0.2960121414390681,0.3992804533781203,0.3173532957641685,0.1650880548035652,0.0,0.0,0.0,0.6283453923325317,0.3062850133198205,0.0,0.0,0.0,0.3276051934923459,0.0,0.4628354902805773,0.0,0.0,0.0,0.0,0.0,0.0,0.3739446574059155,0.3402103479867027,0.0,0.0,0.0,0.2763800825763043,0.7202606012991076,0.3383882889039435,0.5434081346996403,0.0,0.4503153512438513,0.5499481746282139,0.2033693710268106,0.4184546622760258,0.5157831915853787,0.0,0.4756122648663388
0.5355307025122146,0.6958532404858363,0.0,0.0,0.556105953023351,0.7170204106529334,0.6661137566562245,0.1199890408932241,0.6280882620818247,0.2951662670926824,0.0,0.0,0.2422065006234824,0.0,0.8845074087095965,0.5070168923970226,0.6039741023862498,0.7066626883537102,0.0,0.9599061623614906,0.3454194786028227,0.0,0.3498135570308708,0.0,0.6115427065448563,0.5939421886074567,0.7786669833357276,0.5888401974520449,0.8222317045175466,0.5314832137356079,0.3500685800426832,0.0,0.0,0.0,0.0,0.022134708158691,0.0,0.0,0.0,0.0,0.0344953985227975,0.0,0.0,0.0,0.0,0.5950497953748366,0.475839334896026,0.0,0.0,0.0,0.4112898087998708,0.0,0.0,0.0,0.0,0.0,0.0,0.0,0.0,0.864133323697968,0.7206067282122292,0.0,0.693402277510664,0.0,0.90844502202935,0.2585727299610623,0.9563949096684976,0.5289771015102794,0.0,0.507858323125368,0.4980896421843592,0.8065412781176149,0.0,0.7875684754359209,0.0,0.7107768333731855
0.3291921956251275,0.4578538403984297,0.4538855601002886,0.0,0.3288862152175031,0.6074009169250925,0.1864344046902838,0.7990886844191295,0.3910000768841423,0.3127690595365211,0.3575872469182846,0.0,0.4433376912969824,0.3347345837538711,0.2981374066792329,0.2327222381438248,0.0,0.3731352869798348,0.4373658562731883,0.3473583725275022,0.4939813112862268,0.3498135570308708,0.0,0.5102075242266907,0.4810870594159891,0.4336343096902667,0.4841024763199127,0.4925647526515331,0.2375643651845043,0.4691444040008738,0.3896715502816253,0.0074700897362664,0.1683063105914196,0.1895463256977749,0.0,0.3570183938917658,0.0,0.0,0.0,0.141562342257514,0.1552385654106806,0.1034359040439607,0.2331078028812442,0.0,0.0,0.0,0.4980029285321821,0.4085463212811495,0.0,0.2642361045650612,0.6932545668722625,0.4311458425693838,0.7001505761414507,0.3614968214175301,0.0,0.4266178906839009,0.0,0.473270827865753,0.2787504661973003,0.3616189566808452,0.0,0.0,0.0,0.4052251260326521,0.3496376249302436,0.2231514262351068,0.2944145617449029,0.7116560649362184,0.0,0.0,0.5266830048337743,0.4354969095503468,0.4194453827968797,0.3733432387401402,0.2961519708087778,0.2614798555869437
0.4626226692656249,0.0,0.0,0.0,0.0,0.0,0.1251288839916616,0.6417046874349626,0.0,0.5372157708809875,0.0,0.4434955463540453,0.2705330847865453,0.0,0.2499054369900409,0.2909066972066831,0.4414932686218612,0.3383711726728436,0.0,0.0,0.5680469201203886,0.0,0.5102075242266907,0.0,0.3376058722880143,0.4203586969195856,0.2000925494697516,0.4387873886099948,0.0,0.0,0.4623308503031804,0.1144352281303086,0.2462260746108382,0.1685306483613732,0.0,0.3727036453950689,0.0,0.1432770503121831,0.0785526489908123,0.3107248663172369,0.170410336136667,0.0,0.0,0.0,0.1414146294913501,0.4127768749348813,0.0,0.0,0.0,0.0,0.0,0.0,0.0,0.0,0.4127767652813822,0.0,0.4283897178111025,0.0,0.0,0.0,0.233095730651264,0.3359684540412966,0.3147423791226801,0.0,0.0,0.0,0.0,0.0,0.6109934089761998,0.1479678555960831,0.5369238706684496,0.0,0.0,0.0,0.0,0.3549901483476548
0.6820556313462172,0.8849186677236127,0.0,0.0,0.1160672806071453,0.6632434647623626,0.4327384180323091,0.3677371745258972,0.0,0.329967046335929,0.0,0.0,0.1868361779303832,0.0,0.5561869775031895,0.6457595254449686,0.7001809470037972,0.8175056465856871,0.0,0.5294338539405611,0.5196851532680627,0.6115427065448563,0.4810870594159891,0.3376058722880143,0.0,0.8904382695367418,0.4863437233683584,0.2455695021507195,0.7344173669084411,0.0,0.1802425096152013,0.0,0.1868807052939975,0.0,0.0,0.0,0.0,0.0,0.0427269802321382,0.1019615289592581,0.5149689235222884,0.0057784250929366,0.0,0.0,0.0,0.5203287374088617,0.4034693992949744,0.0,0.0,0.0,0.0,0.0,0.0,0.0,0.0,0.0,0.0,0.0,0.0,0.0,0.5802128207181348,0.4537467216128185,0.5881755595410695,0.0,0.3957139265349584,0.5180645156051181,0.5063295876205024,0.0,0.217368355560914,0.7816494771247395,0.6916673526967947,0.0,0.0,0.0,0.0,0.3939140846415844
0.6679901440768747,0.8681485148303326,0.0,0.0,0.0,0.6961823518597668,0.3759705299783414,0.4244303812550554,0.0,0.2810012450407293,0.0,0.0,0.1675210189011284,0.0,0.5659377821994932,0.712228847079048,0.702485271459296,0.8420251674371632,0.0,0.4978713822125492,0.4083834047266495,0.5939421886074567,0.4336343096902667,0.4203586969195856,0.8904382695367418,0.0,0.4258652256649433,0.2691116625936389,0.6918370984257037,0.0,0.1903731044979789,0.0,0.2065406481644342,0.0,0.0,0.0682393947621291,0.0,0.0,0.0375081590029454,0.0976867959205583,0.503098243674875,0.0,0.0,0.0,0.0695666683423198,0.4931709783301283,0.3825379404992025,0.0,0.0,0.0,0.0,0.0,0.0,0.0,0.0,0.0,0.0,0.0,0.0,0.5397810950246188,0.5888478722902681,0.4027902955000763,0.615811911020771,0.0,0.3482966919461703,0.3491935428493022,0.4871942327729738,0.4980435644705072,0.2509791422715459,0.6547145201823573,0.7365170211693547,0.4620278225256793,0.0,0.5079300680948484,0.0,0.3901335853757535
0.214945907712705,0.6583732019806718,0.7410263338359299,0.0,0.6851555196613743,0.7390256822197888,0.6231526802716352,0.1572881577430268,0.8016662788353042,0.0934839906983351,0.7711123711145689,0.0,0.4306889927462473,0.283664763969109,0.6107030970107845,0.3805097135431367,0.0,0.5604582003178444,0.6628747996279098,0.7914741037741008,0.1442555274293237,0.7786669833357276,0.4841024763199127,0.2000925494697516,0.4863437233683584,0.4258652256649433,0.0,0.5774237596588707,0.5151762744899006,0.5192951127381545,0.2401946476428594,0.0,0.0,0.0,0.0,0.1471296894854174,0.0921129922249298,0.0,0.0,0.0,0.0,0.0,0.1831544740622029,0.0,0.0,0.0,0.6181123136967254,0.8280575143779041,0.0,0.0,0.4453385142378249,0.6649515952080597,0.2709062082117038,0.8023778026957521,0.0,0.7556191999575101,0.0,0.549465542948607,0.1265601252425066,0.6499498101392309,0.0,0.0,0.0,0.7715319091076623,0.7910414357762459,0.0,0.7392776905370262,0.4672012951102038,0.0,0.0,0.4009260653089928,0.9516450454471496,0.649675347199406,0.6544390343429091,0.2363229455999477,0.5226456750684801
0.1825513024455602,0.3317857298014537,0.6221558540666187,0.0649152085157163,0.5908808286799502,0.4678805672076705,0.3881903702016051,0.2744356711465779,0.6593776167335821,0.3180877965691522,0.5565609124607923,0.5575315201953854,0.7067148470924183,0.025554010939802,0.5095800103378973,0.4182798995452951,0.4352141212411167,0.5211041564191248,0.6176076024647272,0.5787233190997728,0.3670218672447903,0.5888401974520449,0.4925647526515331,0.4387873886099948,0.2455695021507195,0.2691116625936389,0.5774237596588707,0.0,0.3941751639124371,0.6823727275310378,0.6129844099704392,0.0,0.0,0.1567270171526244,0.0,0.2507483570211324,0.2275784501555594,0.1057309758593151,0.0,0.0,0.0,0.0,0.2881940248086876,0.0,0.0,0.0,0.0,0.0,0.0,0.0,0.386857228894691,0.0,0.2631765968264559,0.0,0.0,0.0,0.0,0.0,0.0,0.5685018358466464,0.0,0.0,0.0,0.0,0.6241589251343078,0.0794453182750698,0.0,0.3366968348524646,0.0,0.0,0.0,0.5335575791467312,0.7078178603441806,0.5777609583855327,0.0,0.564133081636824
0.7735803412344961,0.7117739212321902,0.0,0.0,0.3261856015495284,0.7222130467535406,0.7932825299729124,0.1700882376612254,0.2922190495750439,0.0,0.0,0.0,0.0954512413650631,0.0,0.7144839282524477,0.5056250665570154,0.0,0.6764385847783876,0.0,0.7916014337284705,0.5109501889459922,0.8222317045175466,0.2375643651845043,0.0,0.7344173669084411,0.6918370984257037,0.5151762744899006,0.3941751639124371,0.0,0.4681731079967237,0.1635769595632282,0.0,0.0,0.0,0.0,0.0,0.0,0.0,0.0,0.0,0.3958050543182407,0.0,0.0,0.0,0.0,0.0,0.2995255123460177,0.0,0.0,0.0,0.4076295577657459,0.0,0.3095293748801075,0.0,0.0,0.0,0.0,0.4348748284605387,0.0,0.6666729108525703,0.0,0.0,0.0,0.0,0.6987947783206192,0.5803639799444167,0.7474740813971185,0.6726022376843506,0.0,0.0,0.4821170303081835,0.6466448324906385,0.7151745894587569,0.8181552933665268,0.0,0.6204506805426688
0.0,0.0,0.4631103414217353,0.0,0.0,0.3823963531118775,0.0,0.2761525239909706,0.5265280997643788,0.0,0.0,0.0,0.4782275340229354,0.0,0.0,0.3196859093071895,0.0,0.0,0.0,0.4913476700059077,0.5488666598772137,0.5314832137356079,0.4691444040008738,0.0,0.0,0.0,0.5192951127381545,0.6823727275310378,0.4681731079967237,0.0,0.5986998837220203,0.0,0.0,0.1088179936669617,0.0,0.0,0.0,0.0,0.0,0.0,0.0,0.0,0.0,0.0,0.0,0.0,0.0,0.0,0.0,0.0,0.0,0.0,0.0,0.0,0.0,0.0,0.0,0.0,0.0,0.0,0.0,0.0,0.0,0.0,0.5472702656645179,0.0,0.0,0.4665419397134565,0.0,0.0,0.0,0.5012365011529591,0.0,0.0,0.0,0.0
0.2593714985313536,0.138792720244915,0.3919550011664814,0.0,0.1073234084781294,0.0844084978895755,0.0,0.2368361619558797,0.3092470190451493,0.3115591746710855,0.2036153514862697,0.3490441602327495,0.5696346548758814,0.0,0.184519430897905,0.6096047124150444,0.3783234246061546,0.4643512630428928,0.4642879475928686,0.2325319353245055,0.4676367816216933,0.3500685800426832,0.3896715502816253,0.4623308503031804,0.1802425096152013,0.1903731044979789,0.2401946476428594,0.6129844099704392,0.1635769595632282,0.5986998837220203,0.0,0.1939787989714146,0.3198686227464609,0.586724667751432,0.1727254140241646,0.3267659997404973,0.1060645353888936,0.1970869822267945,0.0552026337340974,0.3213802026061864,0.0117362316371945,0.0,0.0,0.0,0.0,0.3874923852170536,0.4362423203935157,0.0,0.0,0.0,0.136952786280769,0.0,0.077260649250326,0.0,0.6168242748050355,0.0,0.3977586359795443,0.0,0.0,0.2910519119404848,0.4904097209133911,0.0,0.4085512825451408,0.0,0.2639856698084401,0.0185115800787872,0.3397774795202036,0.0692258709856659,0.4554953400755935,0.1102808811384,0.5207232526511734,0.1590040185349893,0.3536583359879503,0.4234060143651549,0.0,0.6332831109240797
0.0,0.0,0.0,0.2729635017073012,0.0,0.0,0.0,0.179159124064759,0.0,0.0,0.0,0.0,0.171171363098067,0.0,0.0,0.1943992517222629,0.0,0.0,0.0,0.0,0.2142378875217481,0.0,0.0074700897362664,0.1144352281303086,0.0,0.0,0.0,0.0,0.0,0.0,0.1939787989714146,0.0,0.6200822291306176,0.4815054190338245,0.4335401933175005,0.183105092352043,0.0,0.1032747400964373,0.8092675624966226,0.5887763122345377,0.145761717112981,0.0705401313584611,0.0,0.0,0.1475211290887832,0.0,0.043688239437462,0.0,0.0,0.0,0.0,0.0,0.0,0.0,0.2645792194050098,0.0,0.0,0.0,0.0,0.0,0.0,0.0,0.0,0.0,0.0,0.0,0.0,0.0,0.3242104775432991,0.0,0.1538686489113473,0.0,0.0,0.0,0.0,0.0
0.1947222228000133,0.0249802877112563,0.0,0.0,0.0,0.0,0.0,0.3291082983250588,0.0,0.0488651618525663,0.0,0.0,0.1930993017751922,0.0,0.0,0.3420364599924914,0.1676854435470507,0.2087195043213079,0.0,0.0,0.3818488110491478,0.0,0.1683063105914196,0.2462260746108382,0.1868807052939975,0.2065406481644342,0.0,0.0,0.0,0.0,0.3198686227464609,0.6200822291306176,0.0,0.6161670060282899,0.389189765043223,0.0415268851800744,0.0,0.0344268516385977,0.5844710709362546,0.7899210818215926,0.4101829694495988,0.0694089494885316,0.0,0.0,0.1891135248635285,0.0442389049871289,0.0,0.0,0.0,0.0,0.0,0.0,0.0,0.0,0.2060112916924819,0.0,0.0,0.0,0.0,0.0,0.0649097510945124,0.3432202817605724,0.1160303928539107,0.0,0.0,0.1496713733767389,0.0,0.0,0.4121923213080796,0.0092768041366382,0.3091647034606822,0.0,0.0,0.0,0.0,0.0
0.0,0.0,0.0581414015350882,0.2029247527022202,0.0,0.0,0.0,0.1735713186546937,0.0,0.0,0.0,0.0168491459626555,0.4431614732540673,0.0,0.0,0.3998400899264727,0.0,0.184233564035239,0.1484943742183251,0.0,0.1825837779749418,0.0,0.1895463256977749,0.1685306483613732,0.0,0.0,0.0,0.1567270171526244,0.0,0.1088179936669617,0.586724667751432,0.4815054190338245,0.6161670060282899,0.0,0.4712824109472632,0.318042704927117,0.144706214645713,0.4223839786956139,0.3253454547922292,0.6466884873640493,0.2074904262052167,0.0731931076421329,0.0,0.0,0.1777974687986442,0.0,0.1938539036174771,0.0,0.0,0.0,0.0657782763154389,0.0,0.0,0.0,0.5253132982716533,0.0,0.2323753413413541,0.0,0.0,0.0,0.1241894843276913,0.0,0.0,0.0,0.0,0.0,0.0,0.0,0.3192166080092886,0.0,0.3162828975208755,0.0,0.0,0.0,0.0,0.107158866794174
0.0,0.0,0.0079412955283331,0.0260037713708947,0.0,0.0,0.0,0.0,0.0,0.0,0.0,0.0,0.1436756787472879,0.0,0.0,0.1059999504931904,0.0,0.0,0.0252427952547972,0.0,0.0,0.0,0.0,0.0,0.0,0.0,0.0,0.0,0.0,0.0,0.1727254140241646,0.4335401933175005,0.389189765043223,0.4712824109472632,0.0,0.1144127738126063,0.0886353187018681,0.0497710312097922,0.3692484723837888,0.3827376755098484,0.0,0.01812231360708,0.0,0.027207454939663,0.064531165385452,0.0,0.054518936094403,0.0,0.0,0.0,0.0,0.0,0.0,0.0,0.0,0.0,0.0,0.0,0.0,0.0,0.0,0.0,0.0,0.0,0.0,0.0,0.0,0.0,0.0,0.0,0.0127600937085749,0.0,0.0,0.0,0.0,0.0
0.0,0.0,0.2931050876167024,0.1423460809974728,0.1408016482182615,0.0464238415351491,0.0,0.2153469908481181,0.215949300533201,0.0,0.2307575996050087,0.2163146417506014,0.3804130331410841,0.2191507417978176,0.0,0.0,0.0,0.0,0.3728704081278198,0.0009859883788972,0.0105551390596657,0.022134708158691,0.3570183938917658,0.3727036453950689,0.0,0.0682393947621291,0.1471296894854174,0.2507483570211324,0.0,0.0,0.3267659997404973,0.183105092352043,0.0415268851800744,0.318042704927117,0.1144127738126063,0.0,0.2793470636186291,0.1417748645107039,0.0,0.1203385779581821,0.0,0.0,0.113271840220631,0.2488834816616992,0.0,0.0,0.0,0.2517091990807603,0.0,0.0,0.234094943266328,0.0426343249979899,0.1148585985224849,0.2821594787338369,0.0,0.3072356910896775,0.5218818438955877,0.222784717956153,0.3389332353509594,0.0,0.0,0.0,0.0,0.3139121278164083,0.0,0.0,0.0,0.0113801787014378,0.0,0.0,0.0,0.0272873741605364,0.1118600911140749,0.0,0.0,0.0
0.0,0.0,0.1644301082022767,0.4321929479468748,0.1532529671882367,0.0,0.0,0.0,0.159982863347284,0.0,0.1368211360373267,0.1353630532584166,0.2221839737988296,0.0,0.0,0.0,0.0,0.0,0.2310998158233148,0.0,0.0,0.0,0.0,0.0,0.0,0.0,0.0921129922249298,0.2275784501555594,0.0,0.0,0.1060645353888936,0.0,0.0,0.144706214645713,0.0886353187018681,0.2793470636186291,0.0,0.1943168801794945,0.0,0.0,0.0,0.0,0.0,0.0,0.0,0.0,0.0,0.0,0.0,0.0,0.0,0.0,0.0,0.0,0.0,0.0,0.0,0.0,0.0,0.0,0.0,0.0,0.0,0.0,0.0,0.0,0.0,0.0,0.0,0.0,0.0,0.0,0.0,0.0,0.0,0.0
0.0,0.0,0.0,0.0,0.0,0.0,0.0,0.0,0.0451713892030558,0.0892564458447071,0.0509932052534498,0.283897587662608,0.147296565556753,0.0,0.0,0.0,0.0,0.0,0.0,0.0,0.0,0.0,0.0,0.1432770503121831,0.0,0.0,0.0,0.1057309758593151,0.0,0.0,0.1970869822267945,0.1032747400964373,0.0344268516385977,0.4223839786956139,0.0497710312097922,0.1417748645107039,0.1943168801794945,0.0,0.0492603497863379,0.1407841982544957,0.0,0.097584657593203,0.0,0.0,0.2164079808522047,0.0,0.0,0.0,0.0,0.0,0.0,0.0,0.0,0.0,0.2805620998269746,0.0,0.3566425993261904,0.0,0.0,0.0,0.0,0.0,0.0,0.0,0.0,0.0,0.0,0.0,0.1430382165789529,0.0,0.0510837047381151,0.0,0.0,0.0,0.0,0.0
0.098985273828512,0.0,0.0,0.0,0.0,0.0,0.0,0.1768484701551659,0.0,0.0527970717390673,0.0,0.0,0.0,0.0,0.0,0.1203608591397341,0.0,0.0,0.0,0.0,0.2960121414390681,0.0,0.0,0.0785526489908123,0.0427269802321382,0.0375081590029454,0.0,0.0,0.0,0.0,0.0552026337340974,0.8092675624966226,0.5844710709362546,0.3253454547922292,0.3692484723837888,0.0,0.0,0.0492603497863379,0.0,0.5812855304513161,0.3429736073684505,0.1159927704193607,0.0,0.0,0.2445988528765413,0.0647511999806319,0.0,0.0,0.1854074675341559,0.0,0.049246658642927,0.0,0.0975744872136459,0.0,0.0882730375229078,0.0,0.0,0.0,0.0982459080480258,0.0,0.0,0.2344279886894391,0.0,0.0,0.0,0.2185764386787164,0.0,0.0,0.2809980169310572,0.0894674448914694,0.1376628002499183,0.0,0.0,0.0,0.1976650624043692,0.0
0.0482620123601347,0.0,0.0,0.0,0.0,0.0,0.0,0.0,0.0,0.1187345326832987,0.0,0.0,0.0,0.0,0.0,0.2915050699757973,0.1287116989053675,0.1725074949159672,0.0,0.0,0.3992804533781203,0.0,0.141562342257514,0.3107248663172369,0.1019615289592581,0.0976867959205583,0.0,0.0,0.0,0.0,0.3213802026061864,0.5887763122345377,0.7899210818215926,0.6466884873640493,0.3827376755098484,0.1203385779581821,0.0,0.1407841982544957,0.5812855304513161,0.0,0.3653640339320635,0.1086243076342607,0.0,0.0,0.2712863997751516,0.0,0.0133632003151077,0.0,0.0,0.0,0.1254523880302524,0.0,0.1145643010110939,0.0,0.3199178075939634,0.0,0.0590254708973779,0.1618056699483421,0.0,0.0,0.0162826336359588,0.3982279594712857,0.0461501503075596,0.0,0.0,0.1553166017322619,0.0,0.0,0.3505108818995913,0.0,0.3013762602780451,0.0,0.0,0.0,0.1334910941985096,0.0
0.497077149254474,0.3859846646333779,0.0,0.0,0.0,0.2043154427159861,0.0,0.2300552537307734,0.0,0.152215270696094,0.0,0.0,0.0,0.0,0.0508905861001499,0.3657070505742405,0.3520261587647705,0.3286741897189821,0.0,0.0,0.3173532957641685,0.0344953985227975,0.1552385654106806,0.170410336136667,0.5149689235222884,0.503098243674875,0.0,0.0,0.3958050543182407,0.0,0.0117362316371945,0.145761717112981,0.4101829694495988,0.2074904262052167,0.0,0.0,0.0,0.0,0.3429736073684505,0.3653640339320635,0.0,0.0,0.0,0.0,0.1150265891021766,0.3156899797403319,0.0,0.0,0.0,0.0,0.206950983380085,0.0,0.12028157623118,0.0,0.0,0.0,0.0,0.0,0.0,0.0,0.2288994760219978,0.2781641771605501,0.2578253090699166,0.0,0.0,0.3888528819038756,0.0,0.2731809924675814,0.0917605028521565,0.3955065470203962,0.3704087445196956,0.0,0.0149864169384097,0.1941711761012411,0.131242939057127,0.1231427256196963
0.0,0.0,0.0,0.0,0.0,0.0,0.0,0.0,0.0,0.0,0.0,0.0,0.0,0.0,0.0,0.0,0.0,0.0,0.0,0.0,0.1650880548035652,0.0,0.1034359040439607,0.0,0.0057784250929366,0.0,0.0,0.0,0.0,0.0,0.0,0.0705401313584611,0.0694089494885316,0.0731931076421329,0.01812231360708,0.0,0.0,0.097584657593203,0.1159927704193607,0.1086243076342607,0.0,0.0,0.0,0.0,0.0,0.0,0.0,0.0,0.0,0.0,0.0730499501966202,0.006051836654265,0.0622154072643477,0.0,0.0,0.0,0.0,0.0,0.0,0.0,0.0,0.0,0.0,0.0,0.0,0.1145851292336019,0.0,0.0280291586599275,0.0,0.0,0.0,0.0,0.0,0.0,0.0439728807839243,0.0
0.0,0.0,0.2108265933131676,0.0,0.2297084560089205,0.1579412906864334,0.0,0.1326593752989856,0.162889570203275,0.0,0.1847752688746226,0.0,0.0902686628925577,0.1374505145860098,0.0,0.0,0.0,0.0,0.2679569056105457,0.0,0.0,0.0,0.2331078028812442,0.0,0.0,0.0,0.1831544740622029,0.2881940248086876,0.0,0.0,0.0,0.0,0.0,0.0,0.0,0.113271840220631,0.0,0.0,0.0,0.0,0.0,0.0,0.0,0.5064189589939011,0.0,0.0,0.0,0.1695867740853419,0.1080481685396643,0.1465663704673694,0.0786597023019213,0.066799616458355,0.1726479048295506,0.1598717931097755,0.0980572431585152,0.1991898503306303,0.2587782456574879,0.1686343275102126,0.2287357761335866,0.0778186281729921,0.0,0.0,0.0,0.2778982386042683,0.1482250253392751,0.0,0.1122910557658305,0.1696850303792425,0.0,0.0456501644540189,0.063638746126763,0.0600779696470539,0.0981215926782025,0.0,0.0,0.0592632250138502
0.0,0.0,0.0,0.0,0.0,0.0,0.0,0.0,0.0,0.0,0.0,0.0,0.0,0.0,0.0,0.0,0.0,0.0,0.0,0.0,0.0,0.0,0.0,0.0,0.0,0.0,0.0,0.0,0.0,0.0,0.0,0.0,0.0,0.0,0.027207454939663,0.2488834816616992,0.0,0.0,0.0,0.0,0.0,0.0,0.5064189589939011,0.0,0.0,0.0,0.0,0.1575788415521449,0.0973079407999711,0.1434087642686996,0.0475875500362619,0.0,0.0,0.1206822239495082,0.1652138667859002,0.1447601076703763,0.1820762199721639,0.2101609873600823,0.278134451386661,0.0,0.0,0.0,0.0,0.2253816337109334,0.0,0.0,0.0,0.0,0.0,0.0,0.0,0.0946013842010877,0.0,0.0,0.0,0.0898862328756549
0.0,0.0,0.0,0.0,0.0,0.0,0.0,0.0,0.0,0.1832911719978781,0.0,0.1071318362645778,0.0,0.0,0.0,0.0,0.0,0.0,0.0,0.0,0.0,0.0,0.0,0.1414146294913501,0.0,0.0695666683423198,0.0,0.0,0.0,0.0,0.0,0.1475211290887832,0.1891135248635285,0.1777974687986442,0.064531165385452,0.0,0.0,0.2164079808522047,0.2445988528765413,0.2712863997751516,0.1150265891021766,0.0,0.0,0.0,0.0,0.0558858765254835,0.0,0.0,0.0,0.0,0.0,0.0669588904177697,0.0,0.0,0.1708132874342851,0.0,0.1597273189572457,0.0068865913003691,0.0,0.0,0.0,0.1808455965183189,0.0,0.0,0.0,0.0,0.0,0.0,0.2430363762809626,0.0687619883555397,0.1448465935347277,0.0,0.0,0.0,0.0,0.0752192821753488
0.791338333408013,0.3876893762502383,0.0,0.0,0.0,0.0,0.0,0.0,0.0,0.0,0.0,0.0,0.0,0.0,0.0,0.4320721565891237,0.0,0.4324334399938295,0.0,0.0,0.6283453923325317,0.5950497953748366,0.0,0.4127768749348813,0.5203287374088617,0.4931709783301283,0.0,0.0,0.0,0.0,0.3874923852170536,0.0,0.0442389049871289,0.0,0.0,0.0,0.0,0.0,0.0647511999806319,0.0,0.3156899797403319,0.0,0.0,0.0,0.0558858765254835,0.0,0.288823378635188,0.0,0.0,0.0,0.2716253833982347,0.0,0.3431033570490205,0.0,0.0357094321971043,0.0,0.0,0.2624560801641891,0.0,0.5546188419441517,0.5327602834554926,0.0,0.630741830137405,0.0,0.4979407086250712,0.6877858736518376,0.5903576277593452,0.5908065670711574,0.4437095965009008,0.5766871723426393,0.5669550156506888,0.3742073297811887,0.500014923730818,0.6327814388039301,0.0,0.5995877145910594
0.0975241679458966,0.5548372073818414,0.0,0.0,0.0,0.0,0.0,0.0,0.0,0.0,0.0,0.0,0.0,0.0,0.3805756318323775,0.5215689532122953,0.0,0.5038816865421207,0.0,0.4322270193548891,0.3062850133198205,0.475839334896026,0.4980029285321821,0.0,0.4034693992949744,0.3825379404992025,0.6181123136967254,0.0,0.2995255123460177,0.0,0.4362423203935157,0.043688239437462,0.0,0.1938539036174771,0.054518936094403,0.0,0.0,0.0,0.0,0.0133632003151077,0.0,0.0,0.0,0.0,0.0,0.288823378635188,0.0,0.0,0.0,0.0,0.5727306013930114,0.5045552093967116,0.2952717254695804,0.4977541863362923,0.4937811703201229,0.0,0.0,0.6590943894247373,0.0,0.4919958113596436,0.6600256236389604,0.3039527298768716,0.4445369559843865,0.0,0.4626491582963207,0.1215249612730846,0.5625505437534835,0.3287330817865337,0.0,0.5611695819397348,0.6857087258021217,0.5805175097045223,0.5232261495008251,0.5667544781973781,0.0,0.4533326273908989
0.0,0.0,0.948309112827034,0.0,0.7382278264212817,0.4830855159956693,0.0,0.1721974926709936,0.8643511518549597,0.0,0.8701338401262253,0.0,0.4115912169519717,0.2209393726440989,0.0,0.0,0.0,0.0,0.8139136776860435,0.0,0.0,0.0,0.4085463212811495,0.0,0.0,0.0,0.8280575143779041,0.0,0.0,0.0,0.0,0.0,0.0,0.0,0.0,0.2517091990807603,0.0,0.0,0.0,0.0,0.0,0.0,0.1695867740853419,0.1575788415521449,0.0,0.0,0.0,0.0,0.203045648056069,0.6965317824600502,0.262450697312249,0.5461200943556724,0.2724941547180114,0.8839364098366547,0.0,0.903965866998552,0.0,0.4992951954512654,0.1636432705757387,0.0,0.0,0.0,0.0,0.9061424356497032,0.0,0.0,0.0,0.2839201414291458,0.0,0.0,0.0,0.7167624562047658,0.6120760494800483,0.4770906313228468,0.1815694484911157,0.4910751243058751
0.0,0.0,0.0,0.0,0.0,0.0,0.0,0.0,0.0,0.0,0.0,0.0,0.0,0.0,0.0,0.0,0.0,0.0,0.0,0.0,0.0,0.0,0.0,0.0,0.0,0.0,0.0,0.0,0.0,0.0,0.0,0.0,0.0,0.0,0.0,0.0,0.0,0.0,0.1854074675341559,0.0,0.0,0.0,0.1080481685396643,0.0973079407999711,0.0,0.0,0.0,0.203045648056069,0.0,0.4715737890737438,0.1444660249970501,0.3442803818579368,0.1518674830169706,0.2253926332258895,0.0,0.3360588482533057,0.0,0.3073460987523153,0.3921100672793928,0.0,0.0,0.0,0.0,0.2103198618786012,0.0,0.0,0.0,0.0,0.0,0.0,0.0,0.0,0.1370711919231221,0.0,0.0,0.1212719762239864
0.0,0.0,0.7027518023286501,0.0,0.0,0.0,0.0,0.075527874454609,0.0,0.0,0.7751252373641051,0.0,0.0,0.0,0.0,0.0,0.0,0.0,0.0,0.0,0.0,0.0,0.2642361045650612,0.0,0.0,0.0,0.0,0.0,0.0,0.0,0.0,0.0,0.0,0.0,0.0,0.0,0.0,0.0,0.0,0.0,0.0,0.0,0.1465663704673694,0.1434087642686996,0.0,0.0,0.0,0.6965317824600502,0.4715737890737438,0.0,0.1276017589141888,0.5871927419296946,0.1152367062470561,0.8416864751426235,0.5036589504117952,0.8396380923985777,0.5867057978135415,0.4146690296334372,0.4794864124875655,0.0,0.0,0.0,0.0,0.6874091672229156,0.0,0.0,0.0,0.0,0.0,0.0,0.0,0.3910785088881922,0.3402470561879945,0.0,0.0,0.3101223907132564
