0.0,0.170770976042287,0.0,0.0,0.0,0.4058635214990193,0.0,0.2230416946126271,0.0,0.345823977817499,0.0,0.2050395313184099,0.3383791165048907,0.0,0.1236068944004143,0.5999815192184238,0.1939113041257705,0.3550506120205666,0.0,0.0421001791189997,0.5293768266850817,0.2375495508508342,0.3249078425363996,0.3422538197988523,0.376190537885077,0.2914861832841863,0.2619291030881789,0.3485099117742912,0.590519615052649,0.0,0.5007135827756966,0.3712340953572879,0.4992528479440549,0.3678232902104312,0.1574203338778312,0.0,0.0,0.060440031617498,0.2844344028495917,0.5454124799150164,0.22857182238551,0.0,0.0,0.0,0.0,0.688260211881853,0.2860179170049119,0.0,0.0,0.0,0.0,0.0,0.0,0.0,0.1507688662768039,0.0,0.0,0.0,0.0,0.0,0.444866386514139,0.0,0.4001078025987871,0.0,0.0,0.5017063385255088,0.2480403818081338,0.0,0.37757514356264,0.3104541170645495,0.3211862682380341,0.0,0.0,0.0,0.0,0.3841115193464086
0.170770976042287,0.0,0.0,0.0,0.2661645226463017,0.4072578539184872,0.1177837797514234,0.1764049819866151,0.2170565381928748,0.0,0.0,0.0,0.3653127002171495,0.0,0.0,0.3689208866230318,0.0994954414708827,0.4888684185892287,0.0,0.098530989164044,0.2356799366905528,0.4019401995387882,0.0,0.0,0.5272560980974509,0.742920124961992,0.0,0.0271385756552452,0.0,0.0,0.1085164705012247,0.5001695600675142,0.1050537757096909,0.2689703454303807,0.2197962160564102,0.0,0.0,0.0,0.412121830154552,0.0239086029417978,0.3793391363480843,0.3790662889287984,0.0,0.0,0.0,0.0327693720467618,0.042836045902903,0.0,0.0,0.0,0.0,0.0,0.0,0.0,0.0,0.0,0.0,0.0,0.0,0.0,0.2693310733296918,0.0,0.0245124076766631,0.0,0.0144814649881779,0.1555301740956819,0.0241188006717786,0.0,0.0,0.1474479790568262,0.3866601867276475,0.0,0.0,0.0,0.0,0.4856015308825286
0.0,0.0,0.0,0.0,0.6971777885944235,0.5738126350945331,0.4785766673749217,0.5658505902973959,0.7905792016769916,0.3430270801237339,0.9133549302480222,0.5170418568174451,0.4208019439887493,0.2482553650181583,0.0,0.0,0.0,0.0,0.8824604304551731,0.0,0.0,0.0,0.5413329133959921,0.0,0.0,0.0,0.7036373579710448,0.5930017075668754,0.0,0.0,0.3096487505238893,0.0135093006623927,0.2423507929225028,0.4287453130397723,0.2002526727287616,0.3288313892813431,0.2734184285723322,0.0,0.0,0.0,0.0,0.0,0.1576866204605704,0.0,0.0,0.0,0.0,0.966199735913733,0.0,0.4337057715659797,0.5935206537678466,0.4280616633037986,0.6155982409325962,0.7759630519876881,0.0,0.8686776345997836,0.0,0.2509023878904678,0.0,0.0,0.0,0.0,0.0,0.8899485317599574,0.0,0.0,0.0,0.6474363992236467,0.0,0.0,0.0,0.6125732929164136,0.3780591608178881,0.0,0.0,0.0
0.0,0.0,0.0,0.0,0.0,0.1647166350526055,0.2348308044665841,0.1932948633838003,0.0,0.4487200985961754,0.0,0.36528937598073,0.2124379343926506,0.0,0.0,0.0,0.0,0.0,0.0,0.0,0.0,0.0,0.3181137434763023,0.0,0.0,0.0,0.2110957387216855,0.3241842250790666,0.3760263331649713,0.0,0.2885554563661321,0.131416665358511,0.0,0.0784540955917299,0.0113267493784162,0.0,0.0,0.0186270774502928,0.0,0.0,0.0,0.0,0.0,0.0,0.0,0.0,0.0,0.0,0.0,0.0,0.0,0.0,0.0,0.0,0.0,0.0,0.0,0.0,0.0,0.0,0.0,0.0,0.0,0.0,0.0,0.0,0.0,0.0,0.0,0.0,0.0,0.0,0.0,0.0,0.0,0.0
0.0,0.2661645226463017,0.6971777885944235,0.0,0.0,0.448935345558739,0.7592071405028424,0.4439726640066103,0.9008088594955046,0.3217833591573009,0.7788948146230708,0.4568601257704242,0.4227193886492082,0.3850446444571708,0.0,0.0356393786249,0.0,0.0,0.5101997539756961,0.6690870544492553,0.0,0.6468527723276056,0.3638316367497627,0.0,0.1740930273255973,0.4823742179288238,0.5730069669146249,0.5950534016532197,0.2337588382050045,0.0,0.3957862561578628,0.0695817671785614,0.1937077206996506,0.5286939457770805,0.2475994839503482,0.5542753095312133,0.2180287265557,0.3940080078522907,0.0,0.0,0.0,0.0,0.3347421977901418,0.0,0.0,0.0,0.0,0.7360893949462345,0.0,0.5674342107776131,0.4428681587299117,0.0,0.5244476686555118,0.8202365160297483,0.0,0.8152501329490304,0.0,0.0,0.0,0.0,0.0,0.0,0.0,0.5657119940317518,0.0,0.0,0.0,0.471880392673818,0.0,0.0,0.0,0.534122352550135,0.0,0.0,0.0,0.0
0.4058635214990193,0.4072578539184872,0.5738126350945331,0.1647166350526055,0.448935345558739,0.0,0.5826981255177429,0.8154255194189537,0.5213883899693617,0.6752308331788213,0.5268580334312981,0.7770386252651128,0.8448471142986465,0.1327352873574324,0.5840715165217476,0.3723284097075486,0.5147504427975433,0.5023621759322711,0.4207397474422258,0.5528056831794564,0.8043326601780163,0.5822635829570346,0.8177972156784963,0.0,0.3469313139192102,0.6751473394251863,0.6583907458500047,0.672570506544096,0.6474474078920383,0.5066693358652006,0.4613784357770871,0.2888102031074714,0.5415176214996222,0.5280380648123821,0.1858336004410381,0.2388521501152208,0.1803995636633201,0.3324299180627467,0.0789446673317322,0.0,0.0,0.0,0.2744020869576051,0.0,0.0,0.0,0.6662672844070876,0.5479407453323791,0.0,0.3866335483308252,0.7460784311331963,0.4964265224639415,0.7397512374666121,0.5426660357056421,0.0,0.5262392844811947,0.0,0.5892082882304933,0.0,0.5746469087771342,0.0,0.0,0.0,0.4619440242938321,0.5323859580268738,0.7568816620255246,0.6106225393107046,0.7536080660752924,0.0,0.0,0.707312104521184,0.6354856708943912,0.5004787578313149,0.4604852082217409,0.2863489269962193,0.1272182524975244
0.0,0.1177837797514234,0.4785766673749217,0.2348308044665841,0.7592071405028424,0.5826981255177429,0.0,0.5114632697792169,0.6358636507938109,0.6451880537729009,0.6384567658020983,0.6333401674633027,0.6523531985191754,0.0278519239542224,0.0,0.1550167440714489,0.7086705346415112,0.4327237498597504,0.2533655820590045,0.5849380051217944,0.0,0.4921360663121,0.6088670869325352,0.5148240918579514,0.3438869227360278,0.52950999472675,0.7072777723087023,0.7145095273960165,0.4958937168965553,0.0,0.5705852103181763,0.0903166634827533,0.3388149082362967,0.435908247749416,0.1488736900337164,0.3028206275896576,0.0,0.4452117611641916,0.0,0.0,0.0,0.0,0.1742805609921608,0.0,0.0,0.0,0.0,0.5282054524529171,0.0,0.0,0.673033324178932,0.0,0.5254994814477129,0.7231490334667049,0.0,0.6539573804771496,0.0,0.0,0.0,0.0,0.0,0.0,0.0,0.3800066824341873,0.0,0.0,0.0,0.629999652723564,0.0,0.0,0.0,0.7419158109972275,0.0,0.0,0.0,0.0
0.2230416946126271,0.1764049819866151,0.5658505902973959,0.1932948633838003,0.4439726640066103,0.8154255194189537,0.5114632697792169,0.0,0.5062272779473318,0.6414046861128891,0.5248633013931262,0.9094995564611076,0.6858371464246312,0.0981386286844442,0.6542830117304206,0.0036120251653552,0.0,0.2404613888357966,0.4126735671194081,0.6087806923519626,0.7094082225554483,0.4709032752408695,0.8778461945112059,0.7144454956938815,0.0114574586506737,0.645770182685427,0.6049518402182603,0.6727785987925143,0.3580425313364049,0.3055812402959399,0.3114109502090766,0.1245924613371455,0.4241091137717097,0.433690860436105,0.169803790405742,0.3543358336746495,0.1716623010715818,0.0,0.0,0.0,0.0,0.0,0.3174455477375805,0.0,0.0,0.0,0.0,0.5214154517802644,0.0,0.4986333291070134,0.7444442652267861,0.5064736050255486,0.9301569458341682,0.5884906930715355,0.0,0.5828558478531944,0.0,0.4810623971150442,0.0,0.685343488810053,0.0,0.0,0.0,0.4683844888630395,0.5974868558025764,0.7324070978562546,0.0,0.8495547711991559,0.0,0.0,0.0,0.6140077658395922,0.4501865499353729,0.3194874891293248,0.0,0.0
0.0,0.2170565381928748,0.7905792016769916,0.0,0.9008088594955046,0.5213883899693617,0.6358636507938109,0.5062272779473318,0.0,0.3154996811515859,0.8406052892645121,0.5141364635392329,0.452050207888389,0.3515566060906762,0.0,0.0,0.0,0.156499923381487,0.6691399276198385,0.7593542532159894,0.0,0.704576502452215,0.4240674797574192,0.3765522852220236,0.0281566409973778,0.442671059582124,0.640755677262445,0.5756029762165403,0.273097417981218,0.4055854074724135,0.3068817721833752,0.0283018116001306,0.2371951345720467,0.4699382599494821,0.2044180440534869,0.4837882088342945,0.2076551822719834,0.3109323252302668,0.0,0.0,0.0,0.0,0.3282109756790977,0.0,0.0,0.0,0.0,0.8713421127768702,0.0,0.6322618162264988,0.49325031473826,0.5527067308375073,0.5609064985103007,0.9167517565916112,0.0,0.8442264607809506,0.0,0.3683027025849553,0.0,0.0,0.0,0.0,0.0,0.6609227351375216,0.0,0.0,0.0,0.53159654265342,0.0,0.0,0.0,0.5652897372130066,0.534072899861288,0.0,0.0,0.0
0.345823977817499,0.0,0.3430270801237339,0.4487200985961754,0.3217833591573009,0.6752308331788213,0.6451880537729009,0.6414046861128891,0.3154996811515859,0.0,0.447144605986393,0.7720535471224214,0.698631987778018,0.0,0.0,0.3753217821333506,0.8415456938738077,0.4628352477024338,0.1478525454639952,0.4050197097969137,0.0,0.3281044682020247,0.7548756866860111,0.6155873175436516,0.3673281789917785,0.5731738655284161,0.6004316486444917,0.6708166171579671,0.6524776421748979,0.0,0.6754910467511699,0.3039979404839393,0.4912037422454527,0.4011244623850256,0.2086034460601215,0.0,0.0,0.4027213666875597,0.0392551966819151,0.5918991265611694,0.0,0.0,0.0,0.0,0.356996381227623,0.6421273943938759,0.0,0.0,0.0,0.0,0.0,0.0,0.0,0.0,0.819312811388317,0.0,0.559781190263942,0.6256764158063322,0.0,0.0,0.0,0.8163975590692668,0.7465331819433748,0.0,0.0,0.0,0.0,0.0,0.6107968687531004,0.6658058297623575,0.7146218057041498,0.0,0.6080878435931167,0.0,0.0,0.0747303620853827
0.0,0.0,0.9133549302480222,0.0,0.7788948146230708,0.5268580334312981,0.6384567658020983,0.5248633013931262,0.8406052892645121,0.447144605986393,0.0,0.5943186086002771,0.4839707772285015,0.1376732990902,0.0,0.0,0.4016489647771635,0.0,0.7864896464488567,0.0,0.0,0.0,0.56450348969618,0.3606480115845878,0.0,0.3922028768669973,0.7847576334512832,0.6983018614885331,0.0,0.0,0.4406829628304524,0.0,0.2631760386700111,0.4544056914050186,0.2442273839003678,0.2872229258246985,0.1041793576139484,0.3078923788765775,0.0,0.0,0.0,0.0,0.1598351609272709,0.0,0.0,0.0,0.0,0.8892083608472731,0.0,0.6519903838774295,0.6404021983903276,0.5740124891810661,0.5766710976238907,0.8491526089837931,0.0,0.957249452820835,0.0,0.335121620288879,0.0,0.0,0.0,0.0,0.0,0.8172798717866234,0.0,0.0,0.0,0.6911146401031865,0.0,0.0,0.0,0.7187095641168032,0.513830473884446,0.0,0.0,0.0
0.2050395313184099,0.0,0.5170418568174451,0.36528937598073,0.4568601257704242,0.7770386252651128,0.6333401674633027,0.9094995564611076,0.5141364635392329,0.7720535471224214,0.5943186086002771,0.0,0.7180428497778077,0.0,0.0,0.0,0.6412820725847318,0.2656279101680154,0.3760589184782236,0.0,0.6131900736619668,0.0,0.8756638401047344,0.7302368132927518,0.0377257291404365,0.6605867789671654,0.6245359953425549,0.6845116720267973,0.0,0.0,0.4285129491063558,0.1264511334469819,0.4564006065235859,0.4770283518483524,0.1308570899248208,0.2504428165156449,0.0669666736456652,0.4565576098754744,0.0,0.5142367077560415,0.0,0.0,0.2629863992546327,0.0,0.4036920037840981,0.0,0.0,0.0,0.0,0.0,0.0,0.0,0.0,0.0,0.7474170822254493,0.0,0.8811973765078649,0.5741234867353742,0.0,0.0,0.0,0.7613405961727636,0.5990711464614034,0.0,0.0,0.0,0.0,0.0,0.6899693249807699,0.4767650525080092,0.7933490943901564,0.0,0.5048284343685326,0.0,0.0,0.0
0.3383791165048907,0.3653127002171495,0.4208019439887493,0.2124379343926506,0.4227193886492082,0.8448471142986465,0.6523531985191754,0.6858371464246312,0.452050207888389,0.698631987778018,0.4839707772285015,0.7180428497778077,0.0,0.0569362982891002,0.5395969362284703,0.3853444474298693,0.7096467238670214,0.6948623388939702,0.3097301606426693,0.5034337285868133,0.6587785972509693,0.5106020355378854,0.6812347139708004,0.5624893315932484,0.3976299526995753,0.6991001258029294,0.5428271514692402,0.7422897837109624,0.5848029646080657,0.4801602579164004,0.4997223758047392,0.2853300686406581,0.5090234975834449,0.4562463042274449,0.1309361263350155,0.2071120605000052,0.1841313253020762,0.4042896855502542,0.1021172281610569,0.4613990608193394,0.0489642563786018,0.0,0.34000636127848,0.0,0.4860837838465374,0.0,0.0,0.3973679322459196,0.0,0.0,0.6412295433356455,0.4921502533093301,0.6138334717513542,0.0,0.0,0.455992083288328,0.6223981779469353,0.0,0.0,0.5042108027620141,0.0,0.0,0.0,0.0,0.4588401023676926,0.0,0.5647364714102604,0.6146261827950004,0.0,0.5367274139658136,0.6783036824826209,0.5120639481492357,0.0,0.364699609936682,0.0,0.0
0.0,0.0,0.2482553650181583,0.0,0.3850446444571708,0.1327352873574324,0.0278519239542224,0.0981386286844442,0.3515566060906762,0.0,0.1376732990902,0.0,0.0569362982891002,0.0,0.0,0.0,0.0,0.0,0.2406954629065559,0.0,0.0548419401133018,0.0,0.0,0.0,0.0,0.0,0.0,0.012454574937713,0.0,0.0,0.0,0.1650804385405145,0.0,0.2729842586649065,0.0,0.5903385777204179,0.4891443204355853,0.0,0.1711038932439929,0.0,0.0,0.0,0.4960459860620583,0.0,0.0,0.0,0.0,0.2615184300063507,0.0,0.0,0.0,0.0,0.0,0.0782274985886925,0.0,0.1309052165543594,0.0,0.0,0.0,0.0,0.0,0.0,0.0,0.0,0.0,0.0,0.0,0.0,0.0,0.0,0.0,0.0,0.0,0.0,0.0,0.0
0.1236068944004143,0.0,0.0,0.0,0.0,0.5840715165217476,0.0,0.6542830117304206,0.0,0.0,0.0,0.0,0.5395969362284703,0.0,0.0,0.0,0.0,0.1909654947324191,0.0,0.9004350279141919,0.6109999860191759,0.7186810779037598,0.6944815716419753,0.4140142924555475,0.0468098983197343,0.369555332754363,0.8573112452464567,0.6881595924793957,0.5222472153621438,0.0,0.4035241404336944,0.0,0.4319473061484272,0.4667534366013683,0.0,0.223912924164577,0.0,0.0,0.0,0.3866570408925926,0.0,0.0,0.1083526866143359,0.0,0.0,0.0,0.7280931384330188,0.0,0.0,0.0,0.7701139466183091,0.0,0.631356329174237,0.0,0.0,0.0,0.0,0.3893861317426623,0.0,0.9591013678713872,0.4006406766530588,0.0,0.0,0.0,0.8761473928919374,0.696601247348658,0.8953362871773491,0.7648276292002326,0.0,0.5615657868455252,0.6582520555660112,0.7869262901192164,0.4330390978488089,0.4803753678733521,0.0,0.0
0.5999815192184238,0.3689208866230318,0.0,0.0,0.0356393786249,0.3723284097075486,0.1550167440714489,0.0036120251653552,0.0,0.3753217821333506,0.0,0.0,0.3853444474298693,0.0,0.0,0.0,0.2688954412376612,0.6781706998977283,0.0,0.0,0.3951413243874479,0.209520178898743,0.1213409957244395,0.2168233343156075,0.6497657756489025,0.2941610333109382,0.1054049964813262,0.2336192886062971,0.5723518285289234,0.5013978008838629,0.5447017254003388,0.5624923640124984,0.5126415955300739,0.3079422472567928,0.1863116159792378,0.0,0.0,0.0,0.4886623375967792,0.4225491688813759,0.3668875029365923,0.3521121939647437,0.0,0.0,0.0,0.4113701886564008,0.1727360964069565,0.0,0.0,0.0,0.0,0.0,0.0,0.0,0.0,0.0,0.0,0.0,0.0,0.0,0.5900088525883412,0.0,0.3529498053920074,0.0,0.0,0.3376406387930685,0.022181941764335,0.0359093961164846,0.0,0.3276409784381219,0.1953086212747871,0.0890118034448808,0.0,0.3454432522227088,0.0,0.5691961283680151
0.1939113041257705,0.0994954414708827,0.0,0.0,0.0,0.5147504427975433,0.7086705346415112,0.0,0.0,0.8415456938738077,0.4016489647771635,0.6412820725847318,0.7096467238670214,0.0,0.0,0.2688954412376612,0.0,0.5965229505870907,0.0,0.3289841107708913,0.0,0.1938180439103415,0.0,0.5504081463576681,0.3520658419916266,0.5482044464658119,0.0,0.5949172850332365,0.5593726279149852,0.0,0.6183651876280621,0.2314097337810409,0.3695812125350164,0.2553450544017717,0.087662896821741,0.0,0.0,0.3563126138623448,0.0,0.463423176808592,0.0,0.0,0.0,0.0,0.0,0.0,0.0,0.0,0.0,0.0,0.0,0.0,0.0,0.0,0.7587343346287365,0.0,0.4534327887706706,0.0,0.0,0.0,0.0,0.8513229158861952,0.7662610712362236,0.0,0.0,0.0,0.0,0.0,0.5949494634016698,0.5953696389559892,0.6206887687413499,0.0,0.0,0.0,0.0,0.0
0.3550506120205666,0.4888684185892287,0.0,0.0,0.0,0.5023621759322711,0.4327237498597504,0.2404613888357966,0.156499923381487,0.4628352477024338,0.0,0.2656279101680154,0.6948623388939702,0.0,0.1909654947324191,0.6781706998977283,0.5965229505870907,0.0,0.0,0.2291155448136489,0.4570703347715722,0.3594010426309272,0.2472725793744702,0.3955506676084736,0.5585862209499054,0.5938496924094915,0.1909006368593037,0.4342023741710029,0.4210048358834282,0.409889711201158,0.5089209393949428,0.4397999781161219,0.3808616560159927,0.2538894431040825,0.0731315757853324,0.0,0.0,0.0,0.2593880022020249,0.2904212123237115,0.188257189418036,0.07821775413696,0.0,0.0,0.0,0.344467885506619,0.3539449460371486,0.0,0.0,0.0,0.0,0.0,0.0,0.0,0.4167475131660662,0.0,0.2218576185707624,0.0,0.0,0.0,0.6070309026439514,0.3859243777844586,0.5703372579956041,0.0,0.0,0.0,0.2461638818751248,0.0,0.3234658586380561,0.434057130293011,0.4176291892673982,0.0,0.0,0.0,0.0,0.3752252745342102
0.0,0.0,0.8824604304551731,0.0,0.5101997539756961,0.4207397474422258,0.2533655820590045,0.4126735671194081,0.6691399276198385,0.1478525454639952,0.7864896464488567,0.3760589184782236,0.3097301606426693,0.2406954629065559,0.0,0.0,0.0,0.0,0.0,0.0,0.0,0.0,0.3442913816834977,0.0,0.0,0.0,0.489973190568299,0.4029907676019779,0.0,0.0,0.1610580660878925,0.0458114384110683,0.0,0.3459154948132065,0.090121410902546,0.2816742010408824,0.2454317955831173,0.145131049170125,0.0,0.0,0.0,0.0,0.2096498089923859,0.0,0.0,0.0,0.0,0.7837756945433935,0.0,0.282132561322948,0.3750399018158248,0.2772978631009609,0.4606935376070956,0.5785970118224941,0.0,0.7166686804031345,0.0,0.2300658160599291,0.0,0.0,0.0,0.0,0.0,0.9193608698399914,0.0,0.0,0.0,0.4568849593132369,0.0,0.0,0.0,0.3841411182193022,0.0,0.0,0.0,0.0
0.0421001791189997,0.098530989164044,0.0,0.0,0.6690870544492553,0.5528056831794564,0.5849380051217944,0.6087806923519626,0.7593542532159894,0.4050197097969137,0.0,0.0,0.5034337285868133,0.0,0.9004350279141919,0.0,0.3289841107708913,0.2291155448136489,0.0,0.0,0.4541708640516002,0.8889741864725157,0.5581695424849972,0.0,0.0423755909997423,0.495669148344945,0.727402028673204,0.6502438306323982,0.352939949400802,0.4151924554079393,0.3795647994304016,0.0,0.2816581892039932,0.5042257641536978,0.1549421189348644,0.3836055943376444,0.2244518338375688,0.0,0.0,0.1884240132335116,0.0,0.0,0.2859333555339727,0.0,0.0,0.0,0.6294541900364796,0.0,0.0,0.0,0.6558506610650167,0.0,0.6302607000474441,0.0,0.0,0.0,0.0,0.3689964951677811,0.0,0.8122661514741161,0.4138145013208544,0.0,0.0,0.0,1.0,0.5552551937194838,0.9440428358138382,0.6797989531416242,0.0,0.5036631135451821,0.6865730334475807,0.6471816587663408,0.4872845991222765,0.3251211253449331,0.1866331905471804,0.0
0.5293768266850817,0.2356799366905528,0.0,0.0,0.0,0.8043326601780163,0.0,0.7094082225554483,0.0,0.0,0.0,0.6131900736619668,0.6587785972509693,0.0548419401133018,0.6109999860191759,0.3951413243874479,0.0,0.4570703347715722,0.0,0.4541708640516002,0.0,0.5111406114288434,0.7177296044817467,0.580296939398934,0.3080747894580714,0.580114497993048,0.6056942228783909,0.6414302934863786,0.6419483386776741,0.0,0.4876127364592622,0.2897835646001848,0.5992103344581794,0.5228579836347215,0.0779332816287538,0.0,0.0,0.0,0.1121750711565631,0.5069335665039109,0.0247239978722714,0.0,0.0,0.0,0.0,0.5586451008196366,0.5827726368315312,0.0,0.0,0.0,0.5813817237034705,0.0,0.6280645629887956,0.0,0.0,0.0,0.0,0.4723689701056444,0.0,0.5894477124819025,0.5235952939475356,0.0,0.0,0.0,0.4244677882658028,0.8346855907924491,0.5621538520420787,0.6508982289024339,0.0,0.4651600830230917,0.6103717372013248,0.5669074346139231,0.4628565134073028,0.4597132406930021,0.0,0.1699275380186502
0.2375495508508342,0.4019401995387882,0.0,0.0,0.6468527723276056,0.5822635829570346,0.4921360663121,0.4709032752408695,0.704576502452215,0.3281044682020247,0.0,0.0,0.5106020355378854,0.0,0.7186810779037598,0.209520178898743,0.1938180439103415,0.3594010426309272,0.0,0.8889741864725157,0.5111406114288434,0.0,0.3855114286199995,0.0,0.2924121630362037,0.5984780632613321,0.5484078485285511,0.5756538748838302,0.3406349703017911,0.53600445736002,0.4284964102682386,0.250866416225606,0.3940882904181724,0.5599968129156256,0.2356943441961002,0.4147866866802708,0.3784263297813861,0.0,0.0550538037839655,0.2273813915678927,0.0886433319456375,0.0,0.4167969802669874,0.0,0.0,0.3296442900166701,0.5032227296308697,0.0,0.0,0.0,0.4418294934670315,0.0,0.0,0.0,0.0,0.0,0.0,0.0,0.0,0.5931407226810512,0.4792331305776465,0.0,0.3523267930268072,0.0,0.840652590996161,0.5791416219351212,0.8395824293371023,0.4959486346616308,0.0,0.4879768017029731,0.6756560797228958,0.4693473258729714,0.5311991935068991,0.2402363023255518,0.0,0.2698261500042151
0.3249078425363996,0.0,0.5413329133959921,0.3181137434763023,0.3638316367497627,0.8177972156784963,0.6088670869325352,0.8778461945112059,0.4240674797574192,0.7548756866860111,0.56450348969618,0.8756638401047344,0.6812347139708004,0.0,0.6944815716419753,0.1213409957244395,0.0,0.2472725793744702,0.3442913816834977,0.5581695424849972,0.7177296044817467,0.3855114286199995,0.0,0.6100117372235239,0.1247594460555996,0.5141786883035706,0.8090690095960885,0.6922535930695596,0.6717842310859687,0.3654556231073577,0.4886149893577343,0.0669585963095099,0.5178240907125278,0.4780443378493956,0.087837194370341,0.0832071068838898,0.0,0.351084975164925,0.0,0.5633183137999833,0.0,0.0,0.0657799821676905,0.0,0.0,0.0,0.8221172720867564,0.4949045677203902,0.0,0.588620419875732,0.8858902434074326,0.5914205424560874,0.8197208628492685,0.6360932739185048,0.0,0.5973558154407479,0.0,0.4925997246369134,0.0,0.8029278840621324,0.0,0.0,0.0,0.4298835615953345,0.5882725098206009,0.76275393603965,0.7051456387816285,0.984130432309425,0.0,0.6087107670892955,0.72450543113445,0.8011580813223327,0.4348473620027094,0.5899702582109785,0.006954735206502,0.0
0.3422538197988523,0.0,0.0,0.0,0.0,0.0,0.5148240918579514,0.7144454956938815,0.3765522852220236,0.6155873175436516,0.3606480115845878,0.7302368132927518,0.5624893315932484,0.0,0.4140142924555475,0.2168233343156075,0.5504081463576681,0.3955506676084736,0.0,0.0,0.580296939398934,0.0,0.6100117372235239,0.0,0.3234033298017598,0.7324639632499066,0.3928247627757117,0.5401240366512717,0.0,0.0,0.4339790111476678,0.4144871466777665,0.4931929081660239,0.3494918215189859,0.0777364878983066,0.2706472554204986,0.1997524206473978,0.4569419778057082,0.2192540949962288,0.5813095346924018,0.0623691097931385,0.0,0.0,0.0,0.4687155122703517,0.4618183999013402,0.0,0.0,0.0,0.0,0.0,0.0,0.0,0.0,0.583107389787106,0.0,0.6528130701912164,0.0,0.0,0.0,0.4872616826496379,0.5240576019331854,0.5031829074818654,0.0,0.0,0.0,0.0,0.0,0.8651224397072156,0.4518670682630757,0.7156909287135939,0.0,0.4920975125763197,0.0,0.0,0.3379932487465633
0.376190537885077,0.5272560980974509,0.0,0.0,0.1740930273255973,0.3469313139192102,0.3438869227360278,0.0114574586506737,0.0281566409973778,0.3673281789917785,0.0,0.0377257291404365,0.3976299526995753,0.0,0.0468098983197343,0.6497657756489025,0.3520658419916266,0.5585862209499054,0.0,0.0423755909997423,0.3080747894580714,0.2924121630362037,0.1247594460555996,0.3234033298017598,0.0,0.5196904508665472,0.1728535001899353,0.2667493841122433,0.4678526463357814,0.0,0.4797868714274537,0.5081302682134201,0.4150549234285801,0.255946582545995,0.1177809471473342,0.0,0.0,0.2942802776382883,0.3996021277789996,0.3971047189210989,0.3194417204092323,0.2051946513144673,0.0,0.0,0.0,0.3491483499600663,0.3728867138060933,0.0,0.0,0.0,0.0,0.0,0.0,0.0,0.4257096629661085,0.0,0.0415294103892978,0.2994087787716287,0.0,0.0,0.6483241175207038,0.177735697559271,0.3692713092108713,0.0,0.0,0.3428370164189747,0.1673035311278822,0.100453904692355,0.3121831746775981,0.6938912440734337,0.4071768089517423,0.0,0.0,0.3717074531093522,0.0,0.5614121767804603
0.2914861832841863,0.742920124961992,0.0,0.0,0.4823742179288238,0.6751473394251863,0.52950999472675,0.645770182685427,0.442671059582124,0.5731738655284161,0.3922028768669973,0.6605867789671654,0.6991001258029294,0.0,0.369555332754363,0.2941610333109382,0.5482044464658119,0.5938496924094915,0.0,0.495669148344945,0.580114497993048,0.5984780632613321,0.5141786883035706,0.7324639632499066,0.5196904508665472,0.0,0.2859243208706438,0.4954679190978608,0.2239370414526404,0.0,0.4340898653040891,0.4448304252649623,0.3772387942057253,0.4513950249220311,0.2438798059968809,0.4017303689006805,0.0,0.4712735774975063,0.1975598871262483,0.3694010512413442,0.1027924937370987,0.0,0.0,0.0,0.4092083944668187,0.4125702093603566,0.5718881079242363,0.0,0.0,0.0,0.4841541795872934,0.0,0.0,0.0,0.6599743085622637,0.0,0.6871825083736416,0.5317614142136826,0.0,0.3354536336101321,0.5871366703785653,0.5872961202662091,0.4785545358002581,0.0,0.4825474246434235,0.5625555866414285,0.5141510384866119,0.5192599758044866,0.5973404698418189,0.5455636552852574,0.8686322371088652,0.3694799593793758,0.4727987390762321,0.2480865939119505,0.0,0.318247989514716
0.2619291030881789,0.0,0.7036373579710448,0.2110957387216855,0.5730069669146249,0.6583907458500047,0.7072777723087023,0.6049518402182603,0.640755677262445,0.6004316486444917,0.7847576334512832,0.6245359953425549,0.5428271514692402,0.0,0.8573112452464567,0.1054049964813262,0.0,0.1909006368593037,0.489973190568299,0.727402028673204,0.6056942228783909,0.5484078485285511,0.8090690095960885,0.3928247627757117,0.1728535001899353,0.2859243208706438,0.0,0.7580670770743351,0.7420858806036914,0.4307909968442328,0.5166555647678304,0.0,0.4891482360192681,0.4814621224427371,0.102844337897521,0.0610443704007074,0.0,0.3725219841481235,0.0,0.475089148544869,0.0,0.0,0.0,0.0,0.0,0.0,0.8317007841102142,0.6918353088720094,0.0,0.6676795580055691,0.8377811734645854,0.6529266760774335,0.5925040374009799,0.8237401704851386,0.0,0.7952162109733307,0.0,0.3730231257548316,0.0,0.9116470359618352,0.0,0.0,0.0,0.5445918854827001,0.7813945525293171,0.7068808082725925,0.8709398391184907,0.8615982125906475,0.0,0.0,0.637561254918156,0.982376391014506,0.4846446606605075,0.7353245697260358,0.0371491835741729,0.0
0.3485099117742912,0.0271385756552452,0.5930017075668754,0.3241842250790666,0.5950534016532197,0.672570506544096,0.7145095273960165,0.6727785987925143,0.5756029762165403,0.6708166171579671,0.6983018614885331,0.6845116720267973,0.7422897837109624,0.012454574937713,0.6881595924793957,0.2336192886062971,0.5949172850332365,0.4342023741710029,0.4029907676019779,0.6502438306323982,0.6414302934863786,0.5756538748838302,0.6922535930695596,0.5401240366512717,0.2667493841122433,0.4954679190978608,0.7580670770743351,0.0,0.6298101310181807,0.5859815472073021,0.6307352628269509,0.1207716974760832,0.5297054030351838,0.5207707057789036,0.2695182261625422,0.2626885188374529,0.1335524952872492,0.4414589735645376,0.0,0.4832365712546879,0.0,0.0,0.1610274608637814,0.0,0.365535280005866,0.0,0.0,0.6090578039454595,0.0,0.0,0.6938890212134982,0.0,0.610392812476233,0.7062577231034248,0.7184017316487464,0.0,0.6242957686787514,0.3707861369090907,0.0,0.7290974781106965,0.0,0.0,0.0,0.0,0.6620649681863038,0.7005912093247422,0.719791348873108,0.7614482938315659,0.0,0.6063204289927363,0.6401951713755815,0.7405359287825418,0.5846242867190898,0.5621955653057918,0.0,0.0261129072502593
0.590519615052649,0.0,0.0,0.3760263331649713,0.2337588382050045,0.6474474078920383,0.4958937168965553,0.3580425313364049,0.273097417981218,0.6524776421748979,0.0,0.0,0.5848029646080657,0.0,0.5222472153621438,0.5723518285289234,0.5593726279149852,0.4210048358834282,0.0,0.352939949400802,0.6419483386776741,0.3406349703017911,0.6717842310859687,0.0,0.4678526463357814,0.2239370414526404,0.7420858806036914,0.6298101310181807,0.0,0.5104079788008486,0.6403852110984067,0.18029537413162,0.6068610950775544,0.4145877518133404,0.105351688434976,0.0,0.0,0.0,0.0144918002783566,0.5717547088612905,0.0,0.0,0.0,0.0,0.0,0.0,0.6747965380942367,0.3048316021712134,0.0,0.0,0.6370124844818514,0.4924330703576737,0.2910139614860758,0.4327445157604666,0.0,0.0,0.0,0.4524370558059954,0.0,0.5818571794101377,0.0,0.0,0.0,0.0,0.3415679977845209,0.681275116546039,0.5487844160819797,0.5954295337667276,0.0,0.0,0.4516552916439577,0.7259013335556777,0.4977676159543006,0.8203828725928068,0.1974187182380938,0.1324051697799019
0.0,0.0,0.0,0.0,0.0,0.5066693358652006,0.0,0.3055812402959399,0.4055854074724135,0.0,0.0,0.0,0.4801602579164004,0.0,0.0,0.5013978008838629,0.0,0.409889711201158,0.0,0.4151924554079393,0.0,0.53600445736002,0.3654556231073577,0.0,0.0,0.0,0.4307909968442328,0.5859815472073021,0.5104079788008486,0.0,0.6407202749982743,0.311463865494784,0.0,0.5588680805975734,0.2407192859320292,0.0,0.0,0.0,0.0,0.0,0.0,0.0,0.0,0.0,0.0,0.0,0.0,0.0,0.0,0.0,0.0,0.0,0.0,0.0,0.0,0.0,0.0,0.0,0.0,0.0,0.0,0.0,0.0,0.0,0.4142161050716325,0.0,0.0,0.3626706918955983,0.0,0.0,0.0,0.3740438699297952,0.0,0.3886630197703561,0.0,0.0
0.5007135827756966,0.1085164705012247,0.3096487505238893,0.2885554563661321,0.3957862561578628,0.4613784357770871,0.5705852103181763,0.3114109502090766,0.3068817721833752,0.6754910467511699,0.4406829628304524,0.4285129491063558,0.4997223758047392,0.0,0.4035241404336944,0.5447017254003388,0.6183651876280621,0.5089209393949428,0.1610580660878925,0.3795647994304016,0.4876127364592622,0.4284964102682386,0.4886149893577343,0.4339790111476678,0.4797868714274537,0.4340898653040891,0.5166555647678304,0.6307352628269509,0.6403852110984067,0.6407202749982743,0.0,0.407624573105341,0.4885438363736187,0.5096899275659468,0.2924265364421526,0.0,0.0,0.3423514901978861,0.1015041814796626,0.4790562892760925,0.0,0.0,0.1157639626945983,0.0,0.0,0.0,0.5928363744554569,0.0,0.0,0.0,0.5018111294684315,0.0,0.3197471150283653,0.0,0.6387228500529776,0.0,0.2844605886466569,0.0,0.0,0.4331748374156989,0.7745208553520287,0.6380721876094503,0.7484925228628857,0.0,0.4104943322056975,0.5687684357694384,0.5434387087812375,0.4988381003781171,0.5246225634780332,0.6035859295074145,0.5323735262632698,0.5392764260460197,0.5398047011612226,0.6552268446093692,0.0,0.3517280296464257
0.3712340953572879,0.5001695600675142,0.0135093006623927,0.131416665358511,0.0695817671785614,0.2888102031074714,0.0903166634827533,0.1245924613371455,0.0283018116001306,0.3039979404839393,0.0,0.1264511334469819,0.2853300686406581,0.1650804385405145,0.0,0.5624923640124984,0.2314097337810409,0.4397999781161219,0.0458114384110683,0.0,0.2897835646001848,0.250866416225606,0.0669585963095099,0.4144871466777665,0.5081302682134201,0.4448304252649623,0.0,0.1207716974760832,0.18029537413162,0.311463865494784,0.407624573105341,0.0,0.3574077407958545,0.3060837271277936,0.1846896684499548,0.0211278743588262,0.1960883037190377,0.2446934841139377,0.7784633131090695,0.3894726908282585,0.5122866112479451,0.2705491657858277,0.2300477526557627,0.3704898586554049,0.3940892900229366,0.3157630853505646,0.1192784224649041,0.0230390717225808,0.0,0.0,0.0,0.0666545510362313,0.1281754784335021,0.0,0.1650253114999245,0.0,0.0591432095632724,0.2404965941834714,0.0,0.0,0.4194368581872478,0.099570665238071,0.2365727292761584,0.0555196310857529,0.0,0.2817774087126519,0.0516533291269575,0.0020859103477036,0.3063456275115255,0.2311920485660666,0.3150944158343154,0.0,0.2200696314245523,0.061849187311266,0.0,0.6848022538408622
0.4992528479440549,0.1050537757096909,0.2423507929225028,0.0,0.1937077206996506,0.5415176214996222,0.3388149082362967,0.4241091137717097,0.2371951345720467,0.4912037422454527,0.2631760386700111,0.4564006065235859,0.5090234975834449,0.0,0.4319473061484272,0.5126415955300739,0.3695812125350164,0.3808616560159927,0.0,0.2816581892039932,0.5992103344581794,0.3940882904181724,0.5178240907125278,0.4931929081660239,0.4150549234285801,0.3772387942057253,0.4891482360192681,0.5297054030351838,0.6068610950775544,0.0,0.4885438363736187,0.3574077407958545,0.0,0.5825290241707495,0.0511204829366071,0.0601963517346779,0.1666686270318823,0.3942499153926736,0.2210029349052884,0.7705213550970627,0.3280660675572777,0.0,0.0,0.0,0.4986079476808842,0.4739342331999326,0.4645705989134591,0.0,0.0,0.0,0.0,0.0,0.0,0.0,0.3721638402563911,0.0,0.4096511688582236,0.0,0.0,0.4060401735267692,0.4808217221422344,0.2518516945896071,0.4008531230347963,0.0,0.3098886241650701,0.5240904105435611,0.4694892419474882,0.4209294187176046,0.4220752424734973,0.4524394829652589,0.4574077947067433,0.4944531234138066,0.2781718435275456,0.0,0.0,0.2565220293893812
0.3678232902104312,0.2689703454303807,0.4287453130397723,0.0784540955917299,0.5286939457770805,0.5280380648123821,0.435908247749416,0.433690860436105,0.4699382599494821,0.4011244623850256,0.4544056914050186,0.4770283518483524,0.4562463042274449,0.2729842586649065,0.4667534366013683,0.3079422472567928,0.2553450544017717,0.2538894431040825,0.3459154948132065,0.5042257641536978,0.5228579836347215,0.5599968129156256,0.4780443378493956,0.3494918215189859,0.255946582545995,0.4513950249220311,0.4814621224427371,0.5207707057789036,0.4145877518133404,0.5588680805975734,0.5096899275659468,0.3060837271277936,0.5825290241707495,0.0,0.3791492345147187,0.3925297746227181,0.2412930279691885,0.4280056855856994,0.0595782085275115,0.4140697184694325,0.2777591678774236,0.0,0.2196889551264937,0.0,0.3350310067079162,0.4146685066426554,0.470420567704712,0.4324691143982514,0.0,0.0,0.3840471972811085,0.4629303972378052,0.4418578328933388,0.4473075230828984,0.4393197706927751,0.0,0.500630408144581,0.3154587812952295,0.0,0.425004272540994,0.4524167136115719,0.3177537674122075,0.3055173478129438,0.0,0.4533768531070423,0.5124779934493822,0.5557680817749897,0.4714197731414635,0.3133146062901042,0.4240945955751002,0.52360921193319,0.4223378237995898,0.3547043603408101,0.3054147217821182,0.0,0.1373856769638033
0.1574203338778312,0.2197962160564102,0.2002526727287616,0.0113267493784162,0.2475994839503482,0.1858336004410381,0.1488736900337164,0.169803790405742,0.2044180440534869,0.2086034460601215,0.2442273839003678,0.1308570899248208,0.1309361263350155,0.0,0.0,0.1863116159792378,0.087662896821741,0.0731315757853324,0.090121410902546,0.1549421189348644,0.0779332816287538,0.2356943441961002,0.087837194370341,0.0777364878983066,0.1177809471473342,0.2438798059968809,0.102844337897521,0.2695182261625422,0.105351688434976,0.2407192859320292,0.2924265364421526,0.1846896684499548,0.0511204829366071,0.3791492345147187,0.0,0.1740971803372472,0.196736717340351,0.2281428108717665,0.0,0.0031581059824363,0.0,0.0,0.0793158189743336,0.0,0.0,0.0,0.1060630388687553,0.0,0.0,0.0,0.107535061616313,0.0,0.0,0.0,0.0,0.0,0.1314461288557632,0.0424363489137891,0.0,0.0292614411845009,0.1892894334965934,0.0,0.0,0.0,0.2013077696675907,0.0,0.1517043798557238,0.1563732932526244,0.0,0.1583750913923305,0.1746495323234903,0.1213906721237766,0.1202999033690698,0.1963110906132338,0.0,0.0
0.0,0.0,0.3288313892813431,0.0,0.5542753095312133,0.2388521501152208,0.3028206275896576,0.3543358336746495,0.4837882088342945,0.0,0.2872229258246985,0.2504428165156449,0.2071120605000052,0.5903385777204179,0.223912924164577,0.0,0.0,0.0,0.2816742010408824,0.3836055943376444,0.0,0.4147866866802708,0.0832071068838898,0.2706472554204986,0.0,0.4017303689006805,0.0610443704007074,0.2626885188374529,0.0,0.0,0.0,0.0211278743588262,0.0601963517346779,0.3925297746227181,0.1740971803372472,0.0,0.4911045741589357,0.3226057829766642,0.0,0.0,0.0621463683366774,0.0,0.4971294077834718,0.0838850065494782,0.1299470117712883,0.0,0.0,0.3438745914871947,0.0,0.1200338059320312,0.0934317381167542,0.1635915232899808,0.3967068786556848,0.3034878932596705,0.0,0.3619498050840332,0.5351537554463435,0.0592397654784308,0.0,0.0,0.0,0.0,0.0,0.2719878969389682,0.3442756910915579,0.0,0.2353479775896383,0.1767787910203097,0.0,0.0,0.0,0.0586462131703287,0.1573836196182771,0.0,0.0,0.0
0.0,0.0,0.2734184285723322,0.0,0.2180287265557,0.1803995636633201,0.0,0.1716623010715818,0.2076551822719834,0.0,0.1041793576139484,0.0669666736456652,0.1841313253020762,0.4891443204355853,0.0,0.0,0.0,0.0,0.2454317955831173,0.2244518338375688,0.0,0.3784263297813861,0.0,0.1997524206473978,0.0,0.0,0.0,0.1335524952872492,0.0,0.0,0.0,0.1960883037190377,0.1666686270318823,0.2412930279691885,0.196736717340351,0.4911045741589357,0.0,0.2287603215518846,0.1393063020149431,0.0,0.2373175850500199,0.2094692110452334,0.3144264206234259,0.0,0.0,0.0,0.0,0.0,0.0,0.0,0.0,0.0,0.0,0.0,0.0,0.0,0.0,0.0,0.0,0.0,0.0,0.0,0.0,0.0,0.0,0.0,0.0,0.0,0.0,0.0,0.0,0.0,0.0,0.0,0.0,0.0
0.060440031617498,0.0,0.0,0.0186270774502928,0.3940080078522907,0.3324299180627467,0.4452117611641916,0.0,0.3109323252302668,0.4027213666875597,0.3078923788765775,0.4565576098754744,0.4042896855502542,0.0,0.0,0.0,0.3563126138623448,0.0,0.145131049170125,0.0,0.0,0.0,0.351084975164925,0.4569419778057082,0.2942802776382883,0.4712735774975063,0.3725219841481235,0.4414589735645376,0.0,0.0,0.3423514901978861,0.2446934841139377,0.3942499153926736,0.4280056855856994,0.2281428108717665,0.3226057829766642,0.2287603215518846,0.0,0.0762857663326624,0.3083431830425358,0.0663369299900504,0.0,0.0,0.0,0.3284241882840347,0.0,0.0,0.0,0.0,0.0,0.0,0.0,0.0,0.0,0.4898298525339989,0.0,0.5410760078389815,0.0,0.0,0.0,0.0,0.0,0.0,0.0,0.0,0.0,0.0,0.0,0.3350514234308494,0.4738144211338003,0.504873126559486,0.0,0.3059497736709101,0.0,0.0,0.0
0.2844344028495917,0.412121830154552,0.0,0.0,0.0,0.0789446673317322,0.0,0.0,0.0,0.0392551966819151,0.0,0.0,0.1021172281610569,0.1711038932439929,0.0,0.4886623375967792,0.0,0.2593880022020249,0.0,0.0,0.1121750711565631,0.0550538037839655,0.0,0.2192540949962288,0.3996021277789996,0.1975598871262483,0.0,0.0,0.0144918002783566,0.0,0.1015041814796626,0.7784633131090695,0.2210029349052884,0.0595782085275115,0.0,0.0,0.1393063020149431,0.0762857663326624,0.0,0.2840856332602752,0.6545054662262662,0.4867833818799205,0.1890775850393642,0.5377112115881093,0.3269235478312124,0.0417644086853716,0.0,0.0,0.0353769779003868,0.0,0.0,0.0,0.0,0.0,0.0,0.0,0.0,0.1574406405444174,0.1929149755768645,0.0,0.2410086808924125,0.0,0.0285946743099719,0.0,0.0,0.0637667103918147,0.0,0.0,0.119180187838701,0.0156812333803416,0.049456500387571,0.0,0.0289160231742523,0.0,0.4583641940945018,0.7320294390092033
0.5454124799150164,0.0239086029417978,0.0,0.0,0.0,0.0,0.0,0.0,0.0,0.5918991265611694,0.0,0.5142367077560415,0.4613990608193394,0.0,0.3866570408925926,0.4225491688813759,0.463423176808592,0.2904212123237115,0.0,0.1884240132335116,0.5069335665039109,0.2273813915678927,0.5633183137999833,0.5813095346924018,0.3971047189210989,0.3694010512413442,0.475089148544869,0.4832365712546879,0.5717547088612905,0.0,0.4790562892760925,0.3894726908282585,0.7705213550970627,0.4140697184694325,0.0031581059824363,0.0,0.0,0.3083431830425358,0.2840856332602752,0.0,0.1986809693496315,0.0,0.0,0.0,0.4341780161643975,0.5694658613075296,0.5098621246718027,0.1829000558366915,0.0,0.2114796920884163,0.5151040717779634,0.3594166338774673,0.3400244873719973,0.3004054580997535,0.4370068432942475,0.1900128812683878,0.3375555666468381,0.3905401071295149,0.0,0.4232231614542328,0.5530341340832334,0.3833666394089076,0.5549130935145049,0.174042695313555,0.2661767693894692,0.5236289441409447,0.4015745455604806,0.4882792529167979,0.5866026002230065,0.5286365275839365,0.4958331029118945,0.5231724522065241,0.3304416396101316,0.5597974938420851,0.2598719797857154,0.2781528759798654
0.22857182238551,0.3793391363480843,0.0,0.0,0.0,0.0,0.0,0.0,0.0,0.0,0.0,0.0,0.0489642563786018,0.0,0.0,0.3668875029365923,0.0,0.188257189418036,0.0,0.0,0.0247239978722714,0.0886433319456375,0.0,0.0623691097931385,0.3194417204092323,0.1027924937370987,0.0,0.0,0.0,0.0,0.0,0.5122866112479451,0.3280660675572777,0.2777591678774236,0.0,0.0621463683366774,0.2373175850500199,0.0663369299900504,0.6545054662262662,0.1986809693496315,0.0,0.450426188785871,0.1982350110615565,0.6204524686388613,0.2758930663706063,0.0,0.0,0.0,0.0551873656003408,0.0,0.0,0.0,0.0,0.0,0.0,0.0,0.0,0.035733816724843,0.2074569755975109,0.0,0.1243089120842046,0.0,0.0,0.0,0.0,0.0,0.0,0.0,0.0,0.0,0.0,0.0,0.0,0.0,0.4614504637175241,0.5804195256012425
0.0,0.3790662889287984,0.0,0.0,0.0,0.0,0.0,0.0,0.0,0.0,0.0,0.0,0.0,0.0,0.0,0.3521121939647437,0.0,0.07821775413696,0.0,0.0,0.0,0.0,0.0,0.0,0.2051946513144673,0.0,0.0,0.0,0.0,0.0,0.0,0.2705491657858277,0.0,0.0,0.0,0.0,0.2094692110452334,0.0,0.4867833818799205,0.0,0.450426188785871,0.0,0.1645700179801329,0.6950238018093329,0.021076261938876,0.0,0.0,0.0,0.0,0.0,0.0,0.0,0.0,0.0,0.0,0.0,0.0,0.0,0.0,0.0,0.0,0.0,0.0,0.0,0.0,0.0,0.0,0.0,0.0,0.0,0.0,0.0,0.0,0.0,0.3051401599103011,0.4366809383615
