0.0,0.4031540818640349,0.0,0.0,0.0,0.2290484157409383,0.0,0.0,0.0,0.4029206738983796,0.0,0.3314684990309782,0.2581047359082079,0.0,0.3796542733730068,0.6514567069984329,0.6075209286535854,0.6440178980773147,0.0,0.226739600468302,0.4419046226213042,0.4421770266032671,0.2034788466417167,0.6701291519547061,0.6524975088167669,0.5957101649330786,0.2673766537921896,0.3114654074153561,0.2674610801029812,0.0,0.5651291751038937,0.2226638766440271,0.4697022834570145,0.2958640509438439,0.0,0.0,0.0,0.1687417623597167,0.2867577957952411,0.4743431127647669,0.3905550571342076,0.0,0.0,0.0,0.0,0.880220738247976,0.2605095298802912,0.0,0.0,0.0,0.0,0.0,0.0,0.0,0.6764625486596149,0.0,0.0,0.0,0.0,0.0,0.5533220329590157,0.0,0.525387280142151,0.0,0.0,0.3974552215718022,0.1663035424782304,0.0,0.6912076473384104,0.5319648699509195,0.6721657828117649,0.0,0.0,0.0,0.0,0.487975228641797
0.4031540818640349,0.0,0.0,0.0,0.2491614494709029,0.7135284017275196,0.5109305860666395,0.4390625445942817,0.427360500984465,0.0,0.0,0.0,0.5807888216965673,0.0,0.5071623552295201,0.5639829524106005,0.7783124149145151,0.7467628519767492,0.0,0.2872989386130444,0.4397641899606738,0.5488937103660122,0.638095027473421,0.0,0.8348811021123242,0.8333912829721835,0.7031710492298926,0.3046859689715848,0.479039943933909,0.0,0.2497613187668416,0.3314122367944945,0.5902689150843748,0.2351994894265803,0.0,0.0,0.0,0.0,0.3809977016383459,0.5397908037529282,0.2770167035542339,0.0,0.0,0.0,0.0,0.5056763912074222,0.7218681679833246,0.0,0.0,0.0,0.7310968110583217,0.0,0.0,0.0,0.0,0.0,0.0,0.0,0.0,0.5174926563694273,0.5613021896116853,0.0,0.6220266672147612,0.0,0.3109259882695158,0.4214827501477632,0.3613753113698155,0.5346206938400355,0.0,0.6937685241229008,0.8003408862524205,0.7054621675122896,0.0,0.5143172167080984,0.0,0.2587467748359866
0.0,0.0,0.0,0.0684331481489343,0.7083858577200465,0.6029236600854421,0.2447324552243031,0.2484844970347056,0.8742125655708926,0.4123839649086976,0.6742504682685531,0.5986544811463475,0.3337051789750489,0.1424634380232508,0.0,0.0,0.0,0.0,0.889651134850966,0.0,0.0,0.0,0.5326133467378177,0.0,0.0,0.0,0.7255644227695878,0.6781826069514241,0.0,0.0,0.3039710722372324,0.0,0.1158925718964056,0.0197836286971629,0.0,0.3045643895987004,0.2336326078419546,0.0,0.0,0.0,0.0,0.0,0.0,0.0,0.0,0.0,0.0,0.9633414297731678,0.0,0.7459923431204076,0.4494815813553928,0.5050984894386951,0.0,0.9462921294138976,0.0,0.8571420400006695,0.0,0.3006239607830743,0.2593799403480221,0.0,0.0,0.0,0.0,0.9295962767718966,0.0,0.0,0.0,0.3069416736626293,0.0,0.0,0.0,0.7513348088405982,0.4453763563706832,0.0,0.0,0.0
0.0,0.0,0.0684331481489343,0.0,0.2802234190353489,0.3980177439105337,0.3719471822250262,0.457011992382095,0.1083682723457448,0.4040711241782719,0.0609950322225792,0.2306644885736508,0.2722462313947418,0.4347313604460997,0.0,0.0,0.0,0.0,0.0824723659353422,0.3116662312267241,0.0,0.0,0.4848529280667704,0.0,0.0,0.0,0.3215566570016085,0.2808119672345779,0.3928364336193719,0.0,0.2133721850087883,0.2712553998561692,0.0,0.299054201188671,0.0,0.3896705583057495,0.1950694558156916,0.2187169979986975,0.0,0.0,0.0,0.0,0.0,0.0,0.0,0.0,0.0,0.0,0.0,0.0,0.0,0.0,0.0,0.0,0.0,0.0,0.0,0.0,0.0,0.0,0.0,0.0,0.0,0.0,0.0,0.0,0.0,0.0,0.0,0.0,0.0,0.0,0.0,0.0,0.0,0.0
0.0,0.2491614494709029,0.7083858577200465,0.2802234190353489,0.0,0.5323987482037109,0.4576685659964936,0.4289677212447074,0.8207533024711404,0.381893906999314,0.8118641470764567,0.4736922046365959,0.4327027443088231,0.4098678147998771,0.0,0.1034395916476591,0.0,0.0,0.7254707106042076,0.653577095115659,0.0,0.5459106519278702,0.5150199810699922,0.0,0.0772402995766283,0.1241607616169651,0.5324634329390006,0.6897553685461768,0.1866119120483723,0.0,0.151979408427934,0.0,0.0,0.061733309844891,0.0,0.4767038305043486,0.3092496070152849,0.2456696984554942,0.0,0.0,0.0,0.0,0.1736429401102905,0.0,0.0,0.0,0.0,0.7373787115887369,0.0,0.801850507197828,0.3223001268547474,0.0,0.1540571493502462,0.7707393913250922,0.0,0.8565743354226651,0.0,0.0,0.0,0.0,0.0,0.0,0.0,0.7302169332806976,0.0,0.0,0.0,0.3607106698436735,0.0,0.0,0.0,0.5359432216172694,0.0,0.0,0.0,0.0
0.2290484157409383,0.7135284017275196,0.6029236600854421,0.3980177439105337,0.5323987482037109,0.0,0.6270653249871875,0.7086038739372538,0.650505873423492,0.6070864907732693,0.4458176415498746,0.7403212651572714,0.613047900929779,0.375491704114383,0.5688168156445195,0.5827125218441763,0.6746831866221816,0.6472908684028846,0.5910931764754106,0.5359438577230174,0.4231875619120542,0.6157897618983841,0.9074770894196564,0.0,0.5366187099959094,0.483671776174814,0.8584004171583295,0.4029935440986138,0.6513215488224214,0.2976317515628163,0.2649350906764271,0.2099357124209078,0.4451456092626526,0.2464301352832576,0.0,0.2817927652199621,0.1056854838515191,0.2868835682778772,0.2409870541375351,0.0,0.091519508876596,0.0,0.2033799502662861,0.0,0.0,0.0,0.6705290245759465,0.6730431412957847,0.0,0.3886431809106704,0.8979949059574261,0.6920126165885399,0.5867798651822187,0.619204288219726,0.0,0.5707262354361922,0.0,0.7276632346396117,0.0,0.7112849918400813,0.0,0.0,0.0,0.59943876489336,0.6036443402069792,0.4817415624589108,0.5892845155486344,0.8164613600194022,0.0,0.0,0.5096940207615733,0.8052628832999231,0.5892810318404258,0.6324894733833585,0.3008546634444535,0.3205757958905129
0.0,0.5109305860666395,0.2447324552243031,0.3719471822250262,0.4576685659964936,0.6270653249871875,0.0,0.5273567185939283,0.3762384698681681,0.5509478520365909,0.3442874171915454,0.4000970064323354,0.711844335498175,0.3890818342523461,0.0,0.4391545485678839,0.4866321877055653,0.4343880863180743,0.2626809811730277,0.3720522047449582,0.0,0.4119576965178932,0.5531432437034344,0.1922852798408911,0.3492458158192134,0.2487456268767063,0.5274159660874795,0.3094850280351867,0.7049630304790986,0.0,0.185865502788335,0.3351813594126669,0.3094679148486355,0.2278449904566993,0.0,0.2790675969346305,0.1192990798705685,0.118969583294856,0.3910817693345129,0.0,0.216726143135673,0.0,0.2511706951830181,0.0,0.0,0.0,0.0,0.2872362223295646,0.0,0.0,0.5940860367192613,0.0,0.5699307372004091,0.3293901987517467,0.0,0.3472651022523593,0.0,0.0,0.0,0.0,0.0,0.0,0.0,0.2855807425086168,0.0,0.0,0.0,0.5619002172785195,0.0,0.0,0.0,0.5047567331643052,0.0,0.0,0.0,0.0
0.0,0.4390625445942817,0.2484844970347056,0.457011992382095,0.4289677212447074,0.7086038739372538,0.5273567185939283,0.0,0.2754740466997302,0.4144726957513128,0.3265978227396068,0.495521582752735,0.6035819970423996,0.587430232166202,0.3677427252510566,0.2907664549125089,0.0,0.2784944877502533,0.2666514074135594,0.328174357021292,0.6690350053631495,0.2923695273419435,0.843741972511085,0.1917393851404231,0.1549604969212824,0.1077653324554818,0.4574852172843801,0.313152899932789,0.5082948674938633,0.239063960302496,0.118940188227826,0.3685104869586204,0.2585280705960313,0.2052484768970975,0.0,0.3622072332978568,0.2144421298733393,0.0,0.3883725978906882,0.0,0.1120327737317573,0.0,0.3238334917794367,0.0,0.0,0.0,0.0,0.403777075826908,0.0,0.3668971166485997,0.6899336249428905,0.6252701901864954,0.8201936252743433,0.2877372054102972,0.0,0.435332376505944,0.0,0.7294102594837408,0.5539330340690336,0.573913217087117,0.0,0.0,0.0,0.3486719809882528,0.4440893987077774,0.5309710758528438,0.0,0.762038674854383,0.0,0.0,0.0,0.4167197726760072,0.4959702646684781,0.4798210592259959,0.0,0.1127775035508625
0.0,0.427360500984465,0.8742125655708926,0.1083682723457448,0.8207533024711404,0.650505873423492,0.3762384698681681,0.2754740466997302,0.0,0.426509298835163,0.8214619359260067,0.5805319395843112,0.3384710793693084,0.1937442915825964,0.0,0.2318448125049128,0.0,0.4985033688745484,0.8256797938753703,0.6579427499182923,0.0,0.6287260828285276,0.5422429489094569,0.3995989680998407,0.4123755910031775,0.4425795526593031,0.7688106144461362,0.5864710557087356,0.1715495641643157,0.3704407312266914,0.2297269849667084,0.0,0.1511143252156375,0.0651809270370619,0.0,0.2812548007209768,0.2474867280920542,0.3062183210939436,0.0254877468065096,0.0,0.0,0.0,0.0835096015526649,0.0,0.0,0.0,0.0,0.8788176891067006,0.0,0.7507655116086164,0.4504630270751289,0.5815093115209128,0.0689211715023811,0.974253826097119,0.0,0.8559995799059227,0.0,0.3573895745520242,0.3066353867232482,0.0,0.0,0.0,0.0,0.8027946291365713,0.0,0.0,0.0,0.3746426431964085,0.0,0.0,0.0,0.7748629420492615,0.500975498345047,0.0,0.0,0.0
0.4029206738983796,0.0,0.4123839649086976,0.4040711241782719,0.381893906999314,0.6070864907732693,0.5509478520365909,0.4144726957513128,0.426509298835163,0.0,0.2418132555700559,0.6867908272728066,0.4900957508664917,0.0,0.0,0.6669349964124697,0.776542385613868,0.6668247832112765,0.3473941811749315,0.3521476351369207,0.0,0.4916695932906021,0.5835330509674911,0.5554232100864762,0.6365839292935161,0.4604373212910181,0.6204545224160886,0.4330045151069099,0.5235200509826864,0.0,0.5051054734961287,0.2105924487799964,0.5023797688829135,0.4764070622956598,0.0,0.4054402528079399,0.0742386836046764,0.5659838395582879,0.229449524986024,0.4867541329592889,0.364950306047372,0.0,0.0,0.0,0.2124636565249307,0.5031476866860805,0.0,0.0,0.0,0.0,0.0,0.0,0.0,0.0,0.6232230054385253,0.0,0.5985535682180739,0.576241491290902,0.0,0.0,0.0,0.6386010457798683,0.6222033659616911,0.0,0.0,0.0,0.0,0.0,0.4635083522208482,0.4653877897597533,0.513855588177577,0.0,0.5750526168284075,0.0,0.0,0.4372469184626586
0.0,0.0,0.6742504682685531,0.0609950322225792,0.8118641470764567,0.4458176415498746,0.3442874171915454,0.3265978227396068,0.8214619359260067,0.2418132555700559,0.0,0.3724724320415306,0.2234886766241305,0.2888784430912457,0.0,0.0,0.1533203051150004,0.0,0.6660978702946606,0.0,0.0,0.0,0.4116693147644349,0.1474019533972989,0.0,0.2574286746953357,0.5506779164844144,0.4188736877812267,0.0,0.0,0.0,0.031687911204635,0.0,0.0,0.0,0.2073707946692705,0.1969598045472889,0.2060678106793371,0.0985662351825016,0.0,0.0,0.0,0.1020339220842275,0.0,0.0,0.0,0.0,0.7017088059317393,0.0,0.7159722060441839,0.2531751589703282,0.4326487472672547,0.1132066624452436,0.7179923978796982,0.0,0.9161518674361876,0.0,0.2316190153548729,0.2549412557646277,0.0,0.0,0.0,0.0,0.6826703100187238,0.0,0.0,0.0,0.2414466441516685,0.0,0.0,0.0,0.5457790159624327,0.3551922513780744,0.0,0.0,0.0
0.3314684990309782,0.0,0.5986544811463475,0.2306644885736508,0.4736922046365959,0.7403212651572714,0.4000970064323354,0.495521582752735,0.5805319395843112,0.6867908272728066,0.3724724320415306,0.0,0.6011736287620496,0.0,0.0,0.0,0.7683720517195225,0.6855910131504713,0.4645951471050766,0.0,0.3386354823177249,0.0,0.5957049574479205,0.7084968783247587,0.6176496090744062,0.6932528676013273,0.5864549685669858,0.5434182576994773,0.0,0.0,0.2672129767981308,0.0,0.348996124247675,0.1830345590622892,0.0,0.4182204072628147,0.2362754914200805,0.3122832722910391,0.0532129253088027,0.3952490381004517,0.1948869156136995,0.0,0.0031978728692717,0.0,0.2274530827430056,0.0,0.0,0.0,0.0,0.0,0.0,0.0,0.0,0.0,0.6984141356631239,0.0,0.8615498468335279,0.526208561133418,0.0,0.0,0.0,0.7536544889396662,0.5273309545674383,0.0,0.0,0.0,0.0,0.0,0.6074937605225258,0.4506033666488441,0.6473973855093571,0.0,0.4470788285161758,0.0,0.0,0.2436756267304244
0.2581047359082079,0.5807888216965673,0.3337051789750489,0.2722462313947418,0.4327027443088231,0.613047900929779,0.711844335498175,0.6035819970423996,0.3384710793693084,0.4900957508664917,0.2234886766241305,0.6011736287620496,0.0,0.5019380943731664,0.3702107801444492,0.4558037219864232,0.5965401546271045,0.5924912764992181,0.3152118376535025,0.3608714717144674,0.5353491404845568,0.3652368445178189,0.5401888877709963,0.2593936385840418,0.3377890119306803,0.3753531902979143,0.3821027001343949,0.5468891489635896,0.5862020641936899,0.3329584574363622,0.1525343622171624,0.2322594775726355,0.1965693514270509,0.207722550522115,0.0,0.4218649585063834,0.2462985020919817,0.0,0.2851431867891651,0.2829387656240982,0.3155679361655797,0.0,0.2414183569849057,0.0,0.0,0.0,0.0,0.3802513399293314,0.0,0.0,0.5755409337198866,0.6820000381751029,0.4308188911266299,0.0,0.0,0.3872443182041427,0.5304951126893667,0.0,0.0,0.3931329616855473,0.0,0.0,0.0,0.0,0.3322558338287616,0.0,0.2993532396840943,0.4382721648199749,0.0,0.1432547968743051,0.3248496304017432,0.3733426452739685,0.0,0.4526584629947249,0.0,0.0
0.0,0.0,0.1424634380232508,0.4347313604460997,0.4098678147998771,0.375491704114383,0.3890818342523461,0.587430232166202,0.1937442915825964,0.0,0.2888784430912457,0.0,0.5019380943731664,0.0,0.0,0.0,0.0,0.0,0.1305379500000756,0.0,0.44190200735125,0.0,0.4391964248454755,0.0,0.0,0.0,0.2054655622974895,0.2983563157526717,0.0,0.0,0.0415116104883315,0.1253735152065719,0.0,0.2642201678994814,0.0,0.5533890208687877,0.2007301592280687,0.0,0.1257091088153354,0.0,0.0,0.0,0.2754520784729963,0.0,0.0,0.0,0.0,0.2454501256866413,0.0,0.0,0.0,0.0,0.0,0.1756505644457724,0.0,0.3370000318330309,0.0,0.0,0.0,0.0,0.0,0.0,0.0,0.0,0.0,0.0,0.0,0.4055251223638499,0.0,0.0,0.0,0.1802980397071844,0.0,0.0,0.0,0.0
0.3796542733730068,0.5071623552295201,0.0,0.0,0.0,0.5688168156445195,0.0,0.3677427252510566,0.0,0.0,0.0,0.0,0.3702107801444492,0.0,0.0,0.4137063112528698,0.0,0.5442721519367887,0.0,0.7548852755852942,0.4398915372547541,0.8417067579396552,0.6069459098601465,0.3754906897953526,0.472199189288995,0.5016051362077172,0.7297388683417692,0.542745080389963,0.4261436834692917,0.0,0.3822436978746649,0.2348342993835836,0.2448152313765992,0.0790338436227413,0.0,0.1648264114281317,0.0,0.0,0.2685754036548417,0.1510616945750685,0.0619521770212951,0.0,0.0,0.0,0.0,0.0,0.3364918651216783,0.0,0.0,0.0,0.5120627244154844,0.0,0.1868954098951143,0.0,0.0,0.0,0.0,0.453005036686787,0.0,0.7480650609736496,0.3291682212973484,0.0,0.0,0.0,0.7417620037888273,0.3990873559068697,0.7406718940957823,0.4739782086123486,0.0,0.3358749284581571,0.46885647686285,0.7420832279555217,0.4609629981033366,0.5443685181628379,0.0,0.4014471654489451
0.6514567069984329,0.5639829524106005,0.0,0.0,0.1034395916476591,0.5827125218441763,0.4391545485678839,0.2907664549125089,0.2318448125049128,0.6669349964124697,0.0,0.0,0.4558037219864232,0.0,0.4137063112528698,0.0,0.8218699833804427,0.8415379205896294,0.0,0.4479282000477628,0.5120340384417822,0.6276058962214879,0.5520479426546908,0.5182964440592858,0.6368329422702417,0.4162916012771315,0.5419577780561702,0.3224833904038048,0.6705444193273911,0.3471411870261154,0.6369788302994371,0.3752997135019088,0.6014298365627568,0.4072272037219074,0.0,0.0,0.0,0.0,0.3899128189543334,0.4816410901947272,0.292074764511711,0.0,0.0,0.0,0.0,0.6952982826764178,0.5008781522884262,0.0,0.0,0.0,0.0,0.0,0.0,0.0,0.0,0.0,0.0,0.0,0.0,0.5313091085472532,0.7281052111832585,0.0,0.7724927828722388,0.0,0.3923387645180765,0.6327821507662738,0.4117996792503522,0.5787725636446138,0.0,0.4246729119201122,0.5120624986252725,0.5280267187194279,0.0,0.6952844132366665,0.0,0.550676511819933
0.6075209286535854,0.7783124149145151,0.0,0.0,0.0,0.6746831866221816,0.4866321877055653,0.0,0.0,0.776542385613868,0.1533203051150004,0.7683720517195225,0.5965401546271045,0.0,0.0,0.8218699833804427,0.0,0.9052242432603552,0.0,0.4085367371651835,0.0,0.5934522881639697,0.0,0.6858908258030315,0.795399891860716,0.6763225933446594,0.0,0.4238981961933029,0.5169827229780103,0.0,0.4737626935106285,0.3052356787039936,0.5754291773109935,0.3209613737758319,0.0,0.0,0.0,0.2653873525122331,0.0,0.5549306091475875,0.0,0.0,0.0,0.0,0.0,0.0,0.0,0.0,0.0,0.0,0.0,0.0,0.0,0.0,0.8142285335513825,0.0,0.6354691018952346,0.0,0.0,0.0,0.0,0.8727431813126951,0.7409216771301668,0.0,0.0,0.0,0.0,0.0,0.6913354573796172,0.5816356675413616,0.7189670649230564,0.0,0.0,0.0,0.0,0.0
0.6440178980773147,0.7467628519767492,0.0,0.0,0.0,0.6472908684028846,0.4343880863180743,0.2784944877502533,0.4985033688745484,0.6668247832112765,0.0,0.6855910131504713,0.5924912764992181,0.0,0.5442721519367887,0.8415379205896294,0.9052242432603552,0.0,0.0,0.4207870377161786,0.4193372085387364,0.6178454406344216,0.5204520535199678,0.6932050649809818,0.8032531056106049,0.7285172900477696,0.6240729448126756,0.4396869609158338,0.523750062764017,0.2806667175939616,0.4440324451628428,0.2586019945431124,0.627777863275823,0.2967105600440246,0.0,0.0,0.0,0.0,0.2921595701050649,0.5516314007273204,0.3567583677295715,0.0,0.0,0.0,0.0,0.6429900943170258,0.4622322061352604,0.0,0.0,0.0,0.0,0.0,0.0,0.0,0.7396504988099097,0.0,0.5755387655829868,0.0,0.0,0.0,0.6347912068176198,0.7722257793949389,0.7365398418032552,0.0,0.0,0.0,0.3389907840380208,0.0,0.6503689807069576,0.5786844407410171,0.7014421506943489,0.0,0.0,0.0,0.0,0.5089738269668237
0.0,0.0,0.889651134850966,0.0824723659353422,0.7254707106042076,0.5910931764754106,0.2626809811730277,0.2666514074135594,0.8256797938753703,0.3473941811749315,0.6660978702946606,0.4645951471050766,0.3152118376535025,0.1305379500000756,0.0,0.0,0.0,0.0,0.0,0.0,0.0,0.0,0.5263784970164144,0.0,0.0,0.0,0.6581027416013433,0.5856256490838925,0.0,0.0,0.2248879900199241,0.0,0.0,0.0,0.0,0.1520893428351994,0.1057806750133243,0.2329145746516468,0.0,0.0,0.0,0.0,0.1689546362958845,0.0,0.0,0.0,0.0,0.8881219483746424,0.0,0.652641737638194,0.4158256212856333,0.5345339404505126,0.0,0.8410051655320464,0.0,0.8583207201515999,0.0,0.3208371568875256,0.3987090054833058,0.0,0.0,0.0,0.0,0.9694924625413934,0.0,0.0,0.0,0.3439335478962363,0.0,0.0,0.0,0.686320087164143,0.0,0.0,0.0,0.0
0.226739600468302,0.2872989386130444,0.0,0.3116662312267241,0.653577095115659,0.5359438577230174,0.3720522047449582,0.328174357021292,0.6579427499182923,0.3521476351369207,0.0,0.0,0.3608714717144674,0.0,0.7548852755852942,0.4479282000477628,0.4085367371651835,0.4207870377161786,0.0,0.0,0.2914471468244108,0.8342770374675912,0.5864311212553522,0.0,0.196919874948369,0.1293964155409617,0.6399777776680142,0.6779469823213052,0.4443293150741171,0.6080665290726107,0.4439084798162845,0.0763828435254085,0.0452692672681881,0.0975207982327088,0.0,0.2617131561175715,0.1863634111075748,0.0,0.0946111237488891,0.0,0.011735635106222,0.0,0.2642721732519402,0.0,0.0,0.0,0.2638727715114057,0.0,0.0,0.0,0.4710585284664974,0.0,0.1607007077743373,0.0,0.0,0.0,0.0,0.4804234728071528,0.0,0.7711939975705534,0.1531047571317456,0.0,0.0,0.0,0.94161410883954,0.384059784015278,0.8286595519690626,0.5084618536986093,0.0,0.0229744298692223,0.1487398773367392,0.6494296985827351,0.7399450720511676,0.5743164995580327,0.6198262184251344,0.503224993157419
0.4419046226213042,0.4397641899606738,0.0,0.0,0.0,0.4231875619120542,0.0,0.6690350053631495,0.0,0.0,0.0,0.3386354823177249,0.5353491404845568,0.44190200735125,0.4398915372547541,0.5120340384417822,0.0,0.4193372085387364,0.0,0.2914471468244108,0.0,0.3897042704122518,0.59114529182034,0.3056211578611119,0.3842379021302954,0.2650240380649502,0.3763293234173929,0.2716458035442355,0.6111447096138573,0.0,0.3997970641645511,0.5434280544500832,0.4170168220598739,0.412372657820536,0.0652499909670444,0.0,0.0,0.0,0.599952374112406,0.440334945541627,0.3826163429611006,0.0891572961148514,0.0,0.0,0.0,0.5191034915524928,0.4557179446362669,0.0,0.0,0.0,0.5614138019233045,0.0,0.6859624319124662,0.0,0.0,0.0,0.0,0.64651842889674,0.0,0.4301532274109118,0.5022042424547959,0.0,0.0,0.0,0.2513022239647742,0.7656369972972099,0.3455832999505483,0.6001457596077837,0.0,0.235195778268216,0.3601210024818,0.3512413471566313,0.3978848088134046,0.5750170558855068,0.0,0.2954902973384106
0.4421770266032671,0.5488937103660122,0.0,0.0,0.5459106519278702,0.6157897618983841,0.4119576965178932,0.2923695273419435,0.6287260828285276,0.4916695932906021,0.0,0.0,0.3652368445178189,0.0,0.8417067579396552,0.6276058962214879,0.5934522881639697,0.6178454406344216,0.0,0.8342770374675912,0.3897042704122518,0.0,0.6342722416962584,0.0,0.487020070542828,0.4133907247794964,0.7251361057733099,0.575038411394684,0.4996197111780291,0.5085758198217148,0.51633507780846,0.2619466458900754,0.3165341699770513,0.2099149351760947,0.0,0.1562474743884304,0.1358385095621418,0.0,0.2680853033231361,0.1509297219331946,0.0952200888275817,0.0,0.0554769741129469,0.0,0.0,0.4598182697963637,0.3968105823058463,0.0,0.0,0.0,0.5751920184868329,0.0,0.0,0.0,0.0,0.0,0.0,0.0,0.0,0.781180563369584,0.4001611186668413,0.0,0.5051832596205407,0.0,0.7961947554639452,0.467773728173629,0.8506946709688196,0.5481450555876091,0.0,0.2890722482491916,0.4042695926215707,0.7680293000318547,0.6245624795248773,0.6417826555231947,0.0,0.5189742302443922
0.2034788466417167,0.638095027473421,0.5326133467378177,0.4848529280667704,0.5150199810699922,0.9074770894196564,0.5531432437034344,0.843741972511085,0.5422429489094569,0.5835330509674911,0.4116693147644349,0.5957049574479205,0.5401888877709963,0.4391964248454755,0.6069459098601465,0.5520479426546908,0.0,0.5204520535199678,0.5263784970164144,0.5864311212553522,0.59114529182034,0.6342722416962584,0.0,0.3771924447212823,0.4129832803567255,0.302491987442959,0.7980831846053589,0.4091620815478192,0.6509989107747033,0.3128907063747305,0.3365383837369247,0.3312324001859818,0.4509108821856587,0.2813251744021321,0.0,0.3206430494691296,0.1344839809019291,0.3050542789744886,0.3307703435732499,0.3345956449756535,0.0651002949622036,0.0,0.2187868017615046,0.0,0.0,0.0,0.7269131072592114,0.6133022565947343,0.0,0.3607993914583587,0.8864288755566879,0.6754328370786741,0.738976138969678,0.5230950233378908,0.0,0.5562062573698912,0.0,0.7777064145579824,0.5366205729866129,0.8249124687373534,0.0,0.0,0.0,0.5554256137802952,0.6964679153258795,0.6408959819604542,0.7130597750259514,0.9527870949444672,0.0,0.2499881679461455,0.3834581660244755,0.7291820548267325,0.6467639124485014,0.6853673888676182,0.3357526910527451,0.3091167379548561
0.6701291519547061,0.0,0.0,0.0,0.0,0.0,0.1922852798408911,0.1917393851404231,0.3995989680998407,0.5554232100864762,0.1474019533972989,0.7084968783247587,0.2593936385840418,0.0,0.3754906897953526,0.5182964440592858,0.6858908258030315,0.6932050649809818,0.0,0.0,0.3056211578611119,0.0,0.3771924447212823,0.0,0.8287636689816565,0.8433087521374992,0.4975477345626121,0.2127688485870658,0.0,0.0,0.3385874216412352,0.102609911206258,0.5907259900109147,0.1953284110516933,0.0,0.140856001315267,0.1529294747359726,0.3149414628762055,0.157553997409519,0.6236235601548981,0.3051843375838172,0.0,0.0,0.0,0.3877776488563048,0.7580868871940958,0.0,0.0,0.0,0.0,0.0,0.0,0.0,0.0,0.8972084199547807,0.0,0.6063606928650883,0.0,0.0,0.0,0.5036010659357083,0.7615388663503577,0.6698572335984194,0.0,0.0,0.0,0.0,0.0,0.8932882756171495,0.788280959568599,0.9068647731536928,0.0,0.1261374266554116,0.0,0.0,0.3252262856464751
0.6524975088167669,0.8348811021123242,0.0,0.0,0.0772402995766283,0.5366187099959094,0.3492458158192134,0.1549604969212824,0.4123755910031775,0.6365839292935161,0.0,0.6176496090744062,0.3377890119306803,0.0,0.472199189288995,0.6368329422702417,0.795399891860716,0.8032531056106049,0.0,0.196919874948369,0.3842379021302954,0.487020070542828,0.4129832803567255,0.8287636689816565,0.0,0.9056335923783458,0.6403919794693936,0.1567915734763479,0.3889719391400629,0.0,0.2935347814879063,0.2649362554582078,0.7024204431363881,0.1932684064731175,0.0,0.0,0.0,0.2959772107516856,0.3510342097374134,0.6978597579041728,0.367307309785698,0.0163683586418687,0.0,0.0,0.0,0.7110476572787965,0.5429320190349242,0.0,0.0,0.0,0.0,0.0,0.0,0.0,0.9096726933578456,0.0,0.562341696152009,0.3988015360798843,0.0,0.3090419198191974,0.6650642639613609,0.7428341532423979,0.656230283978754,0.0,0.0897460465702971,0.3447202515788791,0.1428508954380406,0.364007960361033,0.7196480657618782,0.9404387098963464,0.9437893301376536,0.0,0.0,0.454292700641535,0.0,0.3963576378972812
0.5957101649330786,0.8333912829721835,0.0,0.0,0.1241607616169651,0.483671776174814,0.2487456268767063,0.1077653324554818,0.4425795526593031,0.4604373212910181,0.2574286746953357,0.6932528676013273,0.3753531902979143,0.0,0.5016051362077172,0.4162916012771315,0.6763225933446594,0.7285172900477696,0.0,0.1293964155409617,0.2650240380649502,0.4133907247794964,0.302491987442959,0.8433087521374992,0.9056335923783458,0.0,0.53351408026379,0.2146153168461734,0.1753616301810239,0.0,0.1662121603715443,0.1470876401172461,0.5119145760068048,0.0797662314657662,0.0,0.0379813492133733,0.0,0.2077635951165166,0.2256437674926427,0.5657779562331229,0.3302989145209273,0.0790286564450882,0.0,0.0,0.2895498112643093,0.5925987599374087,0.4224348673772737,0.0,0.0,0.0,0.4529791955047927,0.0,0.0,0.0,0.8786985464960855,0.0,0.5967578389002857,0.2656177797777275,0.0,0.1666018750929076,0.4842804451127554,0.684750401030846,0.5424266200973576,0.0,0.0697917529625058,0.1292205947675509,0.0860395542974163,0.1982792203764078,0.6775879777201023,0.8421381552889415,0.9794071801471038,0.5897267748905721,0.07400657039673,0.2241653386065562,0.0,0.2794601321548736
0.2673766537921896,0.7031710492298926,0.7255644227695878,0.3215566570016085,0.5324634329390006,0.8584004171583295,0.5274159660874795,0.4574852172843801,0.7688106144461362,0.6204545224160886,0.5506779164844144,0.5864549685669858,0.3821027001343949,0.2054655622974895,0.7297388683417692,0.5419577780561702,0.0,0.6240729448126756,0.6581027416013433,0.6399777776680142,0.3763293234173929,0.7251361057733099,0.7980831846053589,0.4975477345626121,0.6403919794693936,0.53351408026379,0.0,0.3784198178897352,0.549768737095428,0.2305016782050509,0.333233451200355,0.1673404086897494,0.4459737779963417,0.2120307027098312,0.0,0.1771474298020148,0.1255066227623743,0.3941572573245752,0.1929124365115927,0.3368643287756146,0.0690367169552837,0.0,0.0284120183394577,0.0,0.0,0.0,0.6896680294343435,0.694174435350688,0.0,0.3844929833069224,0.7507249126897162,0.585494100465657,0.3881087996662127,0.727325223172784,0.0,0.6431519356647064,0.0,0.5613510789452983,0.3363612612871005,0.7655109920736525,0.0,0.0,0.0,0.6527916519263762,0.6548074582150966,0.4508355675751497,0.6454085211318581,0.6834682533442639,0.0,0.0,0.5870605437831605,0.9745084767569098,0.554219685685886,0.6566952209880728,0.2948527097570968,0.3670910387374244
0.3114654074153561,0.3046859689715848,0.6781826069514241,0.2808119672345779,0.6897553685461768,0.4029935440986138,0.3094850280351867,0.313152899932789,0.5864710557087356,0.4330045151069099,0.4188736877812267,0.5434182576994773,0.5468891489635896,0.2983563157526717,0.542745080389963,0.3224833904038048,0.4238981961933029,0.4396869609158338,0.5856256490838925,0.6779469823213052,0.2716458035442355,0.575038411394684,0.4091620815478192,0.2127688485870658,0.1567915734763479,0.2146153168461734,0.3784198178897352,0.0,0.1150621879747563,0.5987880984581088,0.4722774672149563,0.0,0.0,0.2432690089536152,0.0,0.6376517790118172,0.4492411919699049,0.2769076164443794,0.0,0.0,0.0993928377686111,0.0,0.0669256253247093,0.0,0.1713380055652368,0.0,0.0,0.6495838806393734,0.0,0.0,0.3105713673934304,0.0,0.0714265132099947,0.6779280397930256,0.1923227659171442,0.0,0.4379877188510701,0.3946878658839616,0.0,0.4563930968520989,0.0,0.0,0.0,0.0,0.5970689749414931,0.232971653658951,0.5237208428643898,0.2786676385449725,0.0,0.0,0.1868927449669501,0.4053536809783665,0.6851472962318915,0.190159502686776,0.0,0.318732055452827
0.2674610801029812,0.479039943933909,0.0,0.3928364336193719,0.1866119120483723,0.6513215488224214,0.7049630304790986,0.5082948674938633,0.1715495641643157,0.5235200509826864,0.0,0.0,0.5862020641936899,0.0,0.4261436834692917,0.6705444193273911,0.5169827229780103,0.523750062764017,0.0,0.4443293150741171,0.6111447096138573,0.4996197111780291,0.6509989107747033,0.0,0.3889719391400629,0.1753616301810239,0.549768737095428,0.1150621879747563,0.0,0.3261848663762482,0.3109982713594612,0.5352017922478433,0.4559610927684688,0.3008054524085205,0.0,0.0153992174008818,0.0,0.0,0.4797265915545067,0.3507346700444097,0.2283904407772455,0.0,0.3182071474764913,0.0,0.0,0.0,0.481486473758092,0.1706584240142105,0.0,0.0,0.691505428615353,0.6347014729016486,0.6563008445239051,0.098967426773024,0.0,0.0,0.0,0.7018051562684176,0.0,0.6327668153911089,0.0,0.0,0.0,0.0,0.4404064181111912,0.6973387240231789,0.4762728824551521,0.6962932561040014,0.0,0.0,0.2564827572742754,0.4759302332657403,0.523965071603449,0.8670041660150308,0.2787273496622235,0.4210860741213332
0.0,0.0,0.0,0.0,0.0,0.2976317515628163,0.0,0.239063960302496,0.3704407312266914,0.0,0.0,0.0,0.3329584574363622,0.0,0.0,0.3471411870261154,0.0,0.2806667175939616,0.0,0.6080665290726107,0.0,0.5085758198217148,0.3128907063747305,0.0,0.0,0.0,0.2305016782050509,0.5987880984581088,0.3261848663762482,0.0,0.4568189481663317,0.1112277996489667,0.0,0.1458711836451859,0.0,0.0,0.0,0.0,0.0,0.0,0.0,0.0,0.0,0.0,0.0,0.0,0.0,0.0,0.0,0.0,0.0,0.0,0.0,0.0,0.0,0.0,0.0,0.0,0.0,0.0,0.0,0.0,0.0,0.0,0.534661024052005,0.0,0.0,0.3008487822808693,0.0,0.0,0.0,0.264383617364143,0.0,0.3350399989713613,0.0,0.0
0.5651291751038937,0.2497613187668416,0.3039710722372324,0.2133721850087883,0.151979408427934,0.2649350906764271,0.185865502788335,0.118940188227826,0.2297269849667084,0.5051054734961287,0.0,0.2672129767981308,0.1525343622171624,0.0415116104883315,0.3822436978746649,0.6369788302994371,0.4737626935106285,0.4440324451628428,0.2248879900199241,0.4439084798162845,0.3997970641645511,0.51633507780846,0.3365383837369247,0.3385874216412352,0.2935347814879063,0.1662121603715443,0.333233451200355,0.4722774672149563,0.3109982713594612,0.4568189481663317,0.0,0.2197254242562739,0.3809750963173488,0.5640328035454704,0.1178329372674612,0.3547894783507361,0.2219987169496639,0.3994515837202076,0.1644825968322538,0.1711269434594962,0.1883993289486934,0.0,0.0,0.0,0.0,0.0,0.2898723559001326,0.0,0.0,0.0,0.3274554131986184,0.0,0.1939712670513131,0.0,0.3522180460431689,0.0,0.2476870628449422,0.0,0.0,0.4264069644903133,0.3697880787281587,0.3995743448175074,0.5245348931732624,0.0,0.3679121074323872,0.5160205411457534,0.4138152848953105,0.3818216699122654,0.3178438214402447,0.1711149863955831,0.2784113271645612,0.3069114188453467,0.4746852905214485,0.4007860088603434,0.0,0.5552257463963486
0.2226638766440271,0.3314122367944945,0.0,0.2712553998561692,0.0,0.2099357124209078,0.3351813594126669,0.3685104869586204,0.0,0.2105924487799964,0.031687911204635,0.0,0.2322594775726355,0.1253735152065719,0.2348342993835836,0.3752997135019088,0.3052356787039936,0.2586019945431124,0.0,0.0763828435254085,0.5434280544500832,0.2619466458900754,0.3312324001859818,0.102609911206258,0.2649362554582078,0.1470876401172461,0.1673404086897494,0.0,0.5352017922478433,0.1112277996489667,0.2197254242562739,0.0,0.5037415372003229,0.2910123125368402,0.0857925786561349,0.0,0.0,0.0052128207127978,0.8717032654177078,0.4452735802576241,0.3282896964030346,0.2707551553532059,0.1125138333510927,0.0,0.0,0.3160924971345468,0.3480192417568527,0.0,0.0,0.0,0.3823976509738007,0.2971629223337779,0.5741627764649907,0.0,0.1961882579111393,0.0080511141834822,0.1212517989907755,0.4260612313882187,0.0,0.3161518703962082,0.4729787685323922,0.1242619016103482,0.1986292786287854,0.0,0.0897922119870668,0.5418264781581645,0.2570780565392762,0.4356713299110301,0.1283722410180074,0.1986206965451291,0.2055637354438645,0.1634418310105497,0.1682538840141385,0.4838785957755296,0.0,0.2370302489122192
0.4697022834570145,0.5902689150843748,0.1158925718964056,0.0,0.0,0.4451456092626526,0.3094679148486355,0.2585280705960313,0.1511143252156375,0.5023797688829135,0.0,0.348996124247675,0.1965693514270509,0.0,0.2448152313765992,0.6014298365627568,0.5754291773109935,0.627777863275823,0.0,0.0452692672681881,0.4170168220598739,0.3165341699770513,0.4509108821856587,0.5907259900109147,0.7024204431363881,0.5119145760068048,0.4459737779963417,0.0,0.4559610927684688,0.0,0.3809750963173488,0.5037415372003229,0.0,0.4836874108031176,0.0,0.0,0.0958043227268783,0.3713478913738665,0.4609898350323803,0.8561246828185797,0.4572474882366494,0.0,0.0,0.0,0.0414499811523561,0.6580858643741317,0.6300822465715257,0.0,0.0,0.0,0.0,0.0,0.0,0.0,0.6392896789225079,0.0,0.4562286017731431,0.0,0.0,0.3322315031429164,0.6560016070977378,0.6343095753388562,0.6969326468511066,0.0,0.0812012838229978,0.4856345555743515,0.2072335699282763,0.4861066579048031,0.4846770267771095,0.5952824194896474,0.6001042472080359,0.435027899189681,0.2151362365129733,0.0,0.0,0.2542635898392399
0.2958640509438439,0.2351994894265803,0.0197836286971629,0.299054201188671,0.061733309844891,0.2464301352832576,0.2278449904566993,0.2052484768970975,0.0651809270370619,0.4764070622956598,0.0,0.1830345590622892,0.207722550522115,0.2642201678994814,0.0790338436227413,0.4072272037219074,0.3209613737758319,0.2967105600440246,0.0,0.0975207982327088,0.412372657820536,0.2099149351760947,0.2813251744021321,0.1953284110516933,0.1932684064731175,0.0797662314657662,0.2120307027098312,0.2432690089536152,0.3008054524085205,0.1458711836451859,0.5640328035454704,0.2910123125368402,0.4836874108031176,0.0,0.2292786546447446,0.3528498579704487,0.215137767015228,0.3580383739548562,0.2555478732859896,0.3596831570793275,0.4950379711155224,0.0451576476630003,0.0352899566642773,0.0,0.1604220436816748,0.3790301754441779,0.3007426754736187,0.0,0.0,0.0,0.280830870718071,0.1854387192904174,0.3540373138387473,0.034539379874806,0.2329467422089405,0.0,0.2236751093619646,0.3134569852340032,0.0,0.2592808266297626,0.2921660799088156,0.2691134505983416,0.341654942659466,0.0,0.0781006284369277,0.4202505442520318,0.1774265728467284,0.3360857214295835,0.1454611638543397,0.0965368657821111,0.1587481291686408,0.150974477976106,0.2976573662471151,0.2683334165591515,0.0,0.2082305152916695
0.0,0.0,0.0,0.0,0.0,0.0,0.0,0.0,0.0,0.0,0.0,0.0,0.0,0.0,0.0,0.0,0.0,0.0,0.0,0.0,0.0652499909670444,0.0,0.0,0.0,0.0,0.0,0.0,0.0,0.0,0.0,0.1178329372674612,0.0857925786561349,0.0,0.2292786546447446,0.0,0.0227815427605692,0.0735505412683822,0.0053393335834741,0.0753472437733707,0.0,0.1476715502362955,0.3381895989032446,0.0450059961087959,0.0,0.1151613411513661,0.0,0.0,0.0,0.0,0.0,0.0,0.0,0.0,0.0,0.0,0.0,0.0,0.0,0.0,0.0,0.0,0.0,0.0,0.0,0.0,0.0,0.0,0.0,0.0,0.0,0.0,0.0,0.0,0.0,0.0,0.0
0.0,0.0,0.3045643895987004,0.3896705583057495,0.4767038305043486,0.2817927652199621,0.2790675969346305,0.3622072332978568,0.2812548007209768,0.4054402528079399,0.2073707946692705,0.4182204072628147,0.4218649585063834,0.5533890208687877,0.1648264114281317,0.0,0.0,0.0,0.1520893428351994,0.2617131561175715,0.0,0.1562474743884304,0.3206430494691296,0.140856001315267,0.0,0.0379813492133733,0.1771474298020148,0.6376517790118172,0.0153992174008818,0.0,0.3547894783507361,0.0,0.0,0.3528498579704487,0.0227815427605692,0.0,0.4985198886558536,0.2950892911361354,0.0,0.0218026306317266,0.1347046037270236,0.0,0.0434968644868855,0.067673861145764,0.3596367598620717,0.0,0.0,0.2883423037744433,0.0,0.4608941313713384,0.2036903707201264,0.2867894099518536,0.2249106859948176,0.3134386222468089,0.0,0.3181713146292045,0.339467657364229,0.2782286004768968,0.0,0.0,0.0,0.0,0.0,0.2429175685851426,0.2257692888149327,0.0,0.1793661817705588,0.2572552560257208,0.0,0.0,0.0,0.1743119860588166,0.3746107581131105,0.0398895230909673,0.0,0.0
0.0,0.0,0.2336326078419546,0.1950694558156916,0.3092496070152849,0.1056854838515191,0.1192990798705685,0.2144421298733393,0.2474867280920542,0.0742386836046764,0.1969598045472889,0.2362754914200805,0.2462985020919817,0.2007301592280687,0.0,0.0,0.0,0.0,0.1057806750133243,0.1863634111075748,0.0,0.1358385095621418,0.1344839809019291,0.1529294747359726,0.0,0.0,0.1255066227623743,0.4492411919699049,0.0,0.0,0.2219987169496639,0.0,0.0958043227268783,0.215137767015228,0.0735505412683822,0.4985198886558536,0.0,0.051463926075574,0.008524717058311,0.0,0.1496803323859276,0.0302397194178195,0.0,0.0,0.0,0.0,0.0,0.0,0.0,0.0,0.0,0.0,0.0,0.0,0.0,0.0,0.0,0.0,0.0,0.0,0.0,0.0,0.0,0.0,0.0,0.0,0.0,0.0679902908304976,0.0,0.0,0.0,0.0,0.0,0.0,0.0,0.0
0.1687417623597167,0.0,0.0,0.2187169979986975,0.2456696984554942,0.2868835682778772,0.118969583294856,0.0,0.3062183210939436,0.5659838395582879,0.2060678106793371,0.3122832722910391,0.0,0.0,0.0,0.0,0.2653873525122331,0.0,0.2329145746516468,0.0,0.0,0.0,0.3050542789744886,0.3149414628762055,0.2959772107516856,0.2077635951165166,0.3941572573245752,0.2769076164443794,0.0,0.0,0.3994515837202076,0.0052128207127978,0.3713478913738665,0.3580383739548562,0.0053393335834741,0.2950892911361354,0.051463926075574,0.0,0.0141423958557468,0.2657103935702377,0.073351966201802,0.0,0.0,0.0,0.2565317396675484,0.0,0.0,0.0,0.0,0.0,0.0,0.0,0.0,0.0,0.355943566541483,0.0,0.289612880618027,0.0,0.0,0.0,0.0,0.0,0.0,0.0,0.0,0.0,0.0,0.0,0.2152550246507372,0.2860551790144523,0.2865068987213276,0.0,0.3260717978574776,0.0,0.0,0.0
0.2867577957952411,0.3809977016383459,0.0,0.0,0.0,0.2409870541375351,0.3910817693345129,0.3883725978906882,0.0254877468065096,0.229449524986024,0.0985662351825016,0.0532129253088027,0.2851431867891651,0.1257091088153354,0.2685754036548417,0.3899128189543334,0.0,0.2921595701050649,0.0,0.0946111237488891,0.599952374112406,0.2680853033231361,0.3307703435732499,0.157553997409519,0.3510342097374134,0.2256437674926427,0.1929124365115927,0.0,0.4797265915545067,0.0,0.1644825968322538,0.8717032654177078,0.4609898350323803,0.2555478732859896,0.0753472437733707,0.0,0.008524717058311,0.0141423958557468,0.0,0.4942607763800455,0.3370709670772643,0.2481247057512909,0.124468831268465,0.0,0.0,0.3775481395507472,0.3632020545119018,0.0,0.0,0.0370228783401913,0.4566739406852849,0.3906281383161161,0.5808859805322426,0.0094674126698152,0.3205743508159757,0.0810744467635428,0.1856984338887781,0.4872282234825481,0.2369349061308607,0.2991285804698058,0.5497628173585668,0.1872101604074484,0.2075789690282273,0.0400377497063655,0.0977286413148726,0.5574776416572675,0.2570027132280502,0.4260850710417397,0.2104970387669833,0.2781407075259455,0.2929904701618369,0.2443967441302703,0.1913904600568063,0.4945674664351276,0.0402247819253791,0.2710500110881027
0.4743431127647669,0.5397908037529282,0.0,0.0,0.0,0.0,0.0,0.0,0.0,0.4867541329592889,0.0,0.3952490381004517,0.2829387656240982,0.0,0.1510616945750685,0.4816410901947272,0.5549306091475875,0.5516314007273204,0.0,0.0,0.440334945541627,0.1509297219331946,0.3345956449756535,0.6236235601548981,0.6978597579041728,0.5657779562331229,0.3368643287756146,0.0,0.3507346700444097,0.0,0.1711269434594962,0.4452735802576241,0.8561246828185797,0.3596831570793275,0.0,0.0218026306317266,0.0,0.2657103935702377,0.4942607763800455,0.0,0.5522622489869404,0.0410626101567167,0.0,0.0,0.1484011856238039,0.5964771323188508,0.5440348864484682,0.0433862403055365,0.0,0.0,0.5325794251434061,0.2861475564722947,0.4306799888606016,0.0875063174505917,0.6596456662577861,0.0,0.4438392298178083,0.4112530814094619,0.0,0.2008457896053957,0.6340339089006737,0.5446148375269606,0.5407451493915425,0.0,0.0,0.4007140436015644,0.0356106354739981,0.3836751622543619,0.5997911873580778,0.6222191243660149,0.6517721106917549,0.3526911528095971,0.1464537448618111,0.3729506607547506,0.0,0.1904793416355579
0.3905550571342076,0.2770167035542339,0.0,0.0,0.0,0.091519508876596,0.216726143135673,0.1120327737317573,0.0,0.364950306047372,0.0,0.1948869156136995,0.3155679361655797,0.0,0.0619521770212951,0.292074764511711,0.0,0.3567583677295715,0.0,0.011735635106222,0.3826163429611006,0.0952200888275817,0.0651002949622036,0.3051843375838172,0.367307309785698,0.3302989145209273,0.0690367169552837,0.0993928377686111,0.2283904407772455,0.0,0.1883993289486934,0.3282896964030346,0.4572474882366494,0.4950379711155224,0.1476715502362955,0.1347046037270236,0.1496803323859276,0.073351966201802,0.3370709670772643,0.5522622489869404,0.0,0.3873305346042419,0.0135331834202591,0.0148146219683782,0.1545169190967745,0.3233914956656646,0.1244228514400834,0.0,0.1919696047381698,0.0957523252142334,0.2205978543191206,0.1950952210693777,0.1979131534030356,0.0271128693359183,0.3359559417489907,0.0,0.2164358265410357,0.254081059853441,0.0313011571327398,0.0238830392928656,0.3263883054098513,0.2381203294931206,0.1488091063729892,0.0,0.0,0.2376963903159313,0.0,0.1003752930679072,0.3113398458385601,0.2434558373196417,0.2982972426197251,0.1004021582031175,0.0912811984109974,0.1693300780197328,0.0,0.1780861939542238
