0.0,0.349794296602167,0.0,0.0,0.0,0.1140425825667987,0.0,0.2280130839959431,0.0,0.0,0.0,0.1002427496976591,0.1381717819035713,0.0,0.4391105999800301,0.6053935296061279,0.3727778808853499,0.4577821682617839,0.0,0.5391331724852355,0.520213521613976,0.5801010919389737,0.2612704181539682,0.0,0.4238938711411574,0.4454357697176075,0.3677814689179717,0.2705725672888897,0.3947331453765554,0.0,0.3961244966874079,0.0,0.0,0.3873480494577206,0.2692488933288792,0.0,0.0,0.3749284983266617,0.0,0.0,0.3272313541272887,0.0,0.0,0.0,0.0,0.8354381287582852,0.2926649923657882,0.0,0.0,0.0,0.0,0.0,0.0,0.0,0.0,0.0,0.0,0.0,0.0,0.0,0.5221249373284204,0.0,0.1713599073998185,0.0,0.0,0.4178305026859416,0.5039300822282345,0.0,0.0,0.206495626565778,0.3940878228633305,0.0,0.0,0.0,0.0,0.0
0.349794296602167,0.0,0.0,0.0,0.6670497559375519,0.6056142083072502,0.7753078733200527,0.4680588812273696,0.561094204342491,0.0,0.0,0.0,0.750043588817282,0.0,0.1458517854871139,0.6706295181501555,0.6414492483373744,0.6232520470241198,0.0,0.683570935171789,0.3387954219842853,0.7321400622837462,0.5433884363047393,0.0,0.8748048313405238,0.8043612812378553,0.5225724687461615,0.6661403375450743,0.5013804795568445,0.0,0.5517741422063589,0.0,0.0,0.5255992260144131,0.3683319231251903,0.0,0.0,0.0,0.0,0.0,0.435983429500889,0.0,0.0,0.0,0.0,0.3408679714191334,0.7850966430766493,0.0,0.0,0.0,0.4882266465060453,0.0,0.0,0.0,0.0,0.0,0.0,0.0,0.0,0.0917615123132514,0.3309331067750293,0.0,0.03845620904158,0.0,0.0,0.0441714806818559,0.3776308825486604,0.44445475256209,0.0,0.5322435983144644,0.4884324845199475,0.5138494535538279,0.0,0.0351554778102538,0.0,0.0
0.0,0.0,0.0,0.0829918521695476,0.4894988294714864,0.1018952355452194,0.4155240579438279,0.2190595429554644,0.5690534169024108,0.2909570421743691,0.6011092619118786,0.2536649437151915,0.2392691929003686,0.1913517943753518,0.0,0.0,0.0,0.0,0.6703585795300566,0.0,0.0,0.0,0.3372460778277281,0.0,0.0,0.0,0.2888128336485914,0.218111383126027,0.0,0.0,0.3787854809143432,0.0,0.0,0.3229375620623231,0.2246482780220542,0.0,0.0,0.0,0.0,0.0,0.3094464793824193,0.0,0.2107810614608172,0.0,0.0,0.0,0.0,0.8202064336632757,0.0,0.5895960702393896,0.2609060874656895,0.4650194584171899,0.2157317901113559,0.6837486585460826,0.0,0.5314367902739603,0.0,0.1801942952875653,0.3959825765532974,0.0,0.0,0.0,0.0,0.54958445423315,0.0,0.0,0.0,0.2576295441187719,0.0,0.0,0.0,0.2880456434299238,0.1937201338661329,0.0,0.0,0.0
0.0,0.0,0.0829918521695476,0.0,0.675543547434645,0.3598135622133952,0.5663950385608615,0.3499341164044811,0.4506446820271085,0.0626561292902685,0.4602873259157599,0.4113734905180499,0.5022022295314467,0.5866439160763406,0.0,0.0,0.0,0.0,0.29036795673953,0.2723730339197193,0.0,0.0,0.3662203550089133,0.0,0.0,0.0,0.2137685027771458,0.5436581768611284,0.2259282801349408,0.0,0.5945237213103448,0.0,0.0,0.5850440552624027,0.3328390901299712,0.0,0.0271557773027726,0.3167499655016659,0.0,0.0,0.0,0.0,0.0,0.0,0.0,0.0,0.0,0.0,0.0,0.0,0.0,0.0,0.0,0.0,0.0,0.0,0.0,0.0,0.0,0.0,0.0,0.0,0.0,0.0,0.0,0.0,0.0,0.0,0.0,0.0,0.0,0.0,0.0,0.0,0.0,0.0
0.0,0.6670497559375519,0.4894988294714864,0.675543547434645,0.0,0.4906016103658018,0.9321552587229206,0.5059919268419416,0.870595912018748,0.2541375469533242,0.8534744262249868,0.5800434595628593,0.653263196166608,0.6749326043960209,0.0,0.7545947847002914,0.0,0.0,0.6228056930735657,0.6963827018051006,0.0,0.7013906936302567,0.5334295841581558,0.0,0.5855039257789555,0.6263842736798406,0.5242550433388342,0.6796615038908211,0.4401790275390358,0.0,0.8598256970911784,0.0,0.0,0.8560930946827529,0.5481250545133608,0.0,0.0,0.6211909341160723,0.0,0.0,0.0,0.0,0.4592021449848376,0.0,0.0,0.0,0.0,0.5152637004144051,0.0,0.8463451491098662,0.5745379519442149,0.0,0.5126039875911416,0.7438723666441869,0.0,0.917483238577586,0.0,0.0,0.0,0.0,0.0,0.0,0.0,0.0951547401526001,0.0,0.0,0.0,0.5700139213354305,0.0,0.0,0.0,0.563117244439699,0.0,0.0,0.0,0.0
0.1140425825667987,0.6056142083072502,0.1018952355452194,0.3598135622133952,0.4906016103658018,0.0,0.4678029743400769,0.5196088830022919,0.443423590390656,0.0674290944094883,0.3742465151262789,0.3829859210808318,0.6589480135706006,0.5859796961113561,0.3063152347698585,0.3627070463501527,0.2717595038074259,0.2950556016858541,0.3117526451822489,0.3656053550903931,0.3902370024088186,0.4276257609916082,0.6612373106706112,0.0,0.4666772936974964,0.445745050097793,0.6560988187388904,0.406415566141554,0.5711770546888914,0.3372906214264682,0.3510195835180663,0.0,0.0,0.3705343487947154,0.2300953039882441,0.1103681121281205,0.1043047820565754,0.1301153723465139,0.0,0.0,0.3041484213182055,0.0,0.2943464934615403,0.0,0.0,0.0,0.5556449898927852,0.1968610748407156,0.0,0.3887688497149489,0.6515557353598099,0.3136138187578414,0.3747923578809506,0.2678482635036754,0.0,0.4243259599182668,0.0,0.2906573924993988,0.0,0.1964810844019195,0.0,0.0,0.0,0.0401175840683616,0.0,0.1835384071127692,0.1140758696127871,0.5185609298438872,0.0,0.0,0.2962197102918711,0.5584036543151795,0.0,0.1404212327043848,0.0,0.0
0.0,0.7753078733200527,0.4155240579438279,0.5663950385608615,0.9321552587229206,0.4678029743400769,0.0,0.4490715204225534,0.8020428119744887,0.4564756074974767,0.778090587229368,0.6637177321605884,0.7403320076100639,0.6443734818865767,0.0,0.7587790951595694,0.833694567324436,0.5347443516761541,0.5016153985682456,0.7084175345627152,0.0,0.7305767766962861,0.5018834572748566,0.0,0.7399374442395137,0.6962487923724374,0.505189628028247,0.7486949072982643,0.4644829839353016,0.0,0.852799303623507,0.0,0.0,0.7936665703536633,0.6083123819469078,0.0,0.0416767192896019,0.6418079904419095,0.0,0.0,0.6362647579584743,0.0,0.4549661362566833,0.0,0.0,0.0,0.0,0.4064981951894621,0.0,0.0,0.5700302559679441,0.0,0.4604860842251776,0.6326803370979195,0.0,0.8020619213691619,0.0,0.0,0.0,0.0,0.0,0.0,0.0,0.0,0.0,0.0,0.0,0.5531879356928986,0.0,0.0,0.0,0.5835403818465582,0.0,0.0,0.0,0.0
0.2280130839959431,0.4680588812273696,0.2190595429554644,0.3499341164044811,0.5059919268419416,0.5196088830022919,0.4490715204225534,0.0,0.4889508164949268,0.3069093139137016,0.5041940968241101,0.6098401404356515,0.5141290170624961,0.4529641680496181,0.0,0.2850683852183177,0.0,0.1210126805556275,0.3953962818326816,0.3481081815344949,0.2901313730917851,0.2355912431836837,0.7896460998209398,0.111349442495849,0.4174949752102837,0.6009115911997283,0.1175282334672516,0.5072611291611479,0.0,0.3983115294405068,0.4858909471463664,0.0,0.0,0.4298691010559651,0.3249338984701874,0.0935506754890394,0.1020557432865553,0.0,0.0,0.0,0.3092567137114076,0.0,0.4185837711016739,0.0,0.0,0.0,0.0,0.2813450957042485,0.0,0.4045076773548758,0.4825832480256736,0.2549919202963639,0.7927105310060122,0.3143554238085476,0.0,0.548731355298162,0.0,0.0527003755295649,0.4615653442491612,0.0830291094994884,0.0,0.0,0.0,0.0,0.0,0.0603269770047056,0.0,0.5996559368857863,0.0,0.0,0.0,0.1292994275185051,0.0,0.0,0.0,0.0
0.0,0.561094204342491,0.5690534169024108,0.4506446820271085,0.870595912018748,0.443423590390656,0.8020428119744887,0.4889508164949268,0.0,0.2675345357829338,0.9355377346089622,0.5432159528410704,0.5980315347913358,0.5823516281525225,0.0,0.6531188381063852,0.0,0.3563303767804464,0.6483485789204244,0.734317794889451,0.0,0.693224212118311,0.4954692659307552,0.0,0.461852572207662,0.567746129611575,0.5508022511131879,0.6469036754987553,0.3850939682150492,0.6724967823109762,0.7370388427155485,0.0,0.0,0.6644463427812741,0.5255732091766709,0.0,0.0528652800431808,0.4587895914561505,0.0,0.0,0.6042066747951408,0.0,0.4374134855917185,0.0,0.0,0.0,0.0,0.5528479756606858,0.0,0.7682126264450271,0.5051185013247549,0.5748086644718062,0.4638045290492295,0.7813551561343264,0.0,0.8912357298486493,0.0,0.0946892053945201,0.7196324004253433,0.0,0.0,0.0,0.0,0.1438220375251344,0.0,0.0,0.0,0.5301484210266644,0.0,0.0,0.0,0.5921567084464447,0.0,0.0,0.0,0.0
0.0,0.0,0.2909570421743691,0.0626561292902685,0.2541375469533242,0.0674290944094883,0.4564756074974767,0.3069093139137016,0.2675345357829338,0.0,0.3141568211793611,0.8460514150202076,0.5299666222176553,0.0,0.0,0.11107667679884,0.40846150177803,0.0,0.0732317054747405,0.2739210696682865,0.0,0.1979151321836921,0.3871887658339278,0.0,0.4872595452379753,0.4244931990955181,0.0110190149323481,0.5955397620021173,0.0,0.0,0.430171896921905,0.0,0.0,0.1389311650370916,0.2992792358152768,0.2116917997167403,0.5696839219994633,0.2728868290742455,0.0,0.0,0.1356014824214536,0.0,0.0,0.0,0.0,0.0435230091219557,0.0,0.0,0.0,0.0,0.0,0.0,0.0,0.0,0.9644340164393798,0.0,0.9138539242534636,0.0,0.0,0.0,0.0,0.4873395468533154,0.0,0.0,0.0,0.0,0.0,0.0,0.0,0.424963430789826,0.3388448330227996,0.0,0.0,0.0,0.0,0.0
0.0,0.0,0.6011092619118786,0.4602873259157599,0.8534744262249868,0.3742465151262789,0.778090587229368,0.5041940968241101,0.9355377346089622,0.3141568211793611,0.0,0.5819943623140277,0.6473618453633395,0.6175060554087168,0.0,0.0,0.6593818994336181,0.0,0.6838686347759868,0.0,0.0,0.0,0.4603302078129751,0.0,0.0,0.6280440283400783,0.4576177030222059,0.7224452560406661,0.0,0.0,0.734681310897184,0.0,0.0,0.6192132714830088,0.3962527463491986,0.0,0.1017832771470294,0.426908746857166,0.0,0.0,0.0,0.0,0.3476881045103194,0.0,0.0,0.0,0.0,0.5494840723681367,0.0,0.6985739725881324,0.4424047676359491,0.4405285125100309,0.3894304033738032,0.6567577944587553,0.0,0.881532740481908,0.0,0.0,0.6956075767252111,0.0,0.0,0.0,0.0,0.1081265360899703,0.0,0.0,0.0,0.4847212922979942,0.0,0.0,0.0,0.4877356778723382,0.0,0.0,0.0,0.0
0.1002427496976591,0.0,0.2536649437151915,0.4113734905180499,0.5800434595628593,0.3829859210808318,0.6637177321605884,0.6098401404356515,0.5432159528410704,0.8460514150202076,0.5819943623140277,0.0,0.7433766538938834,0.0,0.0,0.0,0.5917600368779398,0.1208630761842978,0.2319825597489371,0.0,0.1365001952728895,0.0,0.5849462407006912,0.0,0.5625360029410578,0.6343450379800766,0.1310396761707561,0.8713194355899435,0.0,0.0,0.7012046147448984,0.0,0.0,0.511343624683151,0.4250821124264136,0.2080614233231754,0.4741130455310748,0.3766127458055698,0.0,0.0,0.4865609628838275,0.0,0.6377044666874323,0.0,0.0,0.0,0.0,0.0,0.0,0.0,0.0,0.0,0.0,0.0,0.7692375083185847,0.0,0.97169471490285,0.0866585254104605,0.0,0.0,0.0,0.6626710777555821,0.0,0.0,0.0,0.0,0.0,0.0,0.0,0.337614324106483,0.4167054981330766,0.0,0.0,0.0,0.0,0.0
0.1381717819035713,0.750043588817282,0.2392691929003686,0.5022022295314467,0.653263196166608,0.6589480135706006,0.7403320076100639,0.5141290170624961,0.5980315347913358,0.5299666222176553,0.6473618453633395,0.7433766538938834,0.0,0.7116194338289522,0.1920153437987267,0.4816308391062904,0.466296429812257,0.2904334787971834,0.3215595099928169,0.4927665965142329,0.4132477670414977,0.5016909198318004,0.5644831687008176,0.0,0.5738921284717765,0.6261019720382816,0.4217682153408097,0.8165912653183469,0.4173028112375556,0.4849950695800412,0.5925562255226265,0.0,0.0,0.4567046302066797,0.3134657086001793,0.0776318457479831,0.3895987238267419,0.2825365635921421,0.0,0.0,0.3297673380063999,0.0,0.3446391592928226,0.0,0.0,0.0,0.0,0.2150001186245062,0.0,0.0,0.5419689618955629,0.2716679978503729,0.4495412902487758,0.0,0.0,0.5382896079629874,0.651449099467411,0.0,0.0,0.1475941293430168,0.0,0.0,0.0,0.0,0.0,0.0,0.1490540617516023,0.5091240700403402,0.0,0.4411181413427493,0.3983225323444462,0.4471179530854456,0.0,0.0,0.0,0.0
0.0,0.0,0.1913517943753518,0.5866439160763406,0.6749326043960209,0.5859796961113561,0.6443734818865767,0.4529641680496181,0.5823516281525225,0.0,0.6175060554087168,0.0,0.7116194338289522,0.0,0.0,0.0,0.0,0.0,0.3298077843390583,0.0,0.2947619715010583,0.0,0.5108012982158106,0.0,0.0,0.0,0.4321980730922021,0.724727561678407,0.0,0.0,0.6765534274986975,0.0,0.0,0.5590258027370245,0.0,0.3187251270671447,0.3768796682896654,0.0,0.0,0.0,0.0,0.0,0.5319260585669668,0.0,0.0,0.0,0.0,0.2402591935399096,0.0,0.0,0.0,0.0,0.0,0.2632523343076853,0.0,0.6000651007037479,0.0,0.0,0.0,0.0,0.0,0.0,0.0,0.0,0.0,0.0,0.0,0.5920594061609181,0.0,0.0,0.0,0.5331410014915614,0.0,0.0,0.0,0.0
0.4391105999800301,0.1458517854871139,0.0,0.0,0.0,0.3063152347698585,0.0,0.0,0.0,0.0,0.0,0.0,0.1920153437987267,0.0,0.0,0.2574653746224601,0.0,0.0894137229260877,0.0,0.2823503013745306,0.6148043934768835,0.4464800590169744,0.1783725198959322,0.0,0.1202931739641764,0.1762641512299722,0.4804367742122684,0.1745584562879583,0.532403262423074,0.0,0.167067897598082,0.0,0.0,0.1291768828010238,0.0943759490643566,0.0,0.0,0.0,0.0,0.0,0.1250649986235506,0.0,0.0,0.0,0.0,0.0,0.2588452175937792,0.0,0.0,0.0,0.2369903522430575,0.0,0.0167565813323273,0.0,0.0,0.0,0.0,0.0,0.0,0.8085358390740112,0.3742530952455559,0.0,0.0,0.0,0.182360992728105,0.6540010337862688,0.377734584516579,0.2915392498640477,0.0,0.2119849817259959,0.2649672758797056,0.4285089245794702,0.0,0.4151923862748383,0.0,0.0
0.6053935296061279,0.6706295181501555,0.0,0.0,0.7545947847002914,0.3627070463501527,0.7587790951595694,0.2850683852183177,0.6531188381063852,0.11107667679884,0.0,0.0,0.4816308391062904,0.0,0.2574653746224601,0.0,0.7425615893966587,0.8016204167423008,0.0,0.7232018277570185,0.4244388164343954,0.7937824511698169,0.335075147826304,0.0,0.6322545373430782,0.5979407200447535,0.4473101916199072,0.584165930826488,0.5745132713852942,0.7345590899647262,0.7563089536678789,0.0,0.0,0.7897103249568267,0.5542150395754126,0.0,0.0,0.0,0.0,0.0,0.6119407715830097,0.0,0.0,0.0,0.0,0.6370935715903141,0.5310956636748918,0.0,0.0,0.0,0.0,0.0,0.0,0.0,0.0,0.0,0.0,0.0,0.0,0.1878494560092976,0.5185827427359126,0.0,0.0232321877380558,0.0,0.0,0.1658488348253649,0.4295030333424914,0.3779606512702719,0.0,0.2102744634572846,0.3526577667347187,0.4619450651489876,0.0,0.1940524926874947,0.0,0.0
0.3727778808853499,0.6414492483373744,0.0,0.0,0.0,0.2717595038074259,0.833694567324436,0.0,0.0,0.40846150177803,0.6593818994336181,0.5917600368779398,0.466296429812257,0.0,0.0,0.7425615893966587,0.0,0.6528201472357636,0.0,0.6408849578995168,0.0,0.5818586391477281,0.0,0.0,0.731089472925602,0.7622138886608478,0.0,0.51804014594198,0.2292514300076639,0.0,0.7665278762017878,0.0,0.0,0.7799976910247042,0.5829326675971195,0.0,0.0,0.8235025641321271,0.0,0.0,0.0,0.0,0.0,0.0,0.0,0.0,0.0,0.0,0.0,0.0,0.0,0.0,0.0,0.0,0.4689203118812072,0.0,0.4542952615977865,0.0,0.0,0.0,0.0,1.0,0.2342960879016291,0.0,0.0,0.0,0.0,0.0,0.0,0.4204495710272419,0.5931855846444266,0.0,0.0,0.0,0.0,0.0
0.4577821682617839,0.6232520470241198,0.0,0.0,0.0,0.2950556016858541,0.5347443516761541,0.1210126805556275,0.3563303767804464,0.0,0.0,0.1208630761842978,0.2904334787971834,0.0,0.0894137229260877,0.8016204167423008,0.6528201472357636,0.0,0.0,0.5661018752499963,0.2839864349931095,0.6093586906960783,0.1684026234372894,0.0,0.662699112193667,0.5610225237313962,0.3996937559657564,0.235197172229053,0.4961695090740517,0.4981112834429674,0.3792626317835553,0.0,0.0,0.4862849350741652,0.2877989810580181,0.0,0.0,0.0,0.0,0.0,0.3723761715596479,0.0,0.0,0.0,0.0,0.4957927236796079,0.4119360534002903,0.0,0.0,0.0,0.0,0.0,0.0,0.0,0.0592565779221696,0.0,0.0303258623295453,0.0,0.0,0.0,0.556045453051769,0.5604616648109015,0.3630482012325175,0.0,0.0,0.0,0.4809768958922809,0.0,0.0,0.2115197588458798,0.3385991853116609,0.0,0.0,0.0,0.0,0.0
0.0,0.0,0.6703585795300566,0.29036795673953,0.6228056930735657,0.3117526451822489,0.5016153985682456,0.3953962818326816,0.6483485789204244,0.0732317054747405,0.6838686347759868,0.2319825597489371,0.3215595099928169,0.3298077843390583,0.0,0.0,0.0,0.0,0.0,0.0,0.0,0.0,0.3806910445797699,0.0,0.0,0.0,0.3692544263529556,0.299432026559563,0.0,0.0,0.4401900948765335,0.0,0.0,0.5084801659776763,0.3507018159565449,0.0,0.0,0.4632400630056,0.0,0.0,0.0,0.0,0.2196073173058327,0.0,0.0,0.0,0.0,0.6216955551045529,0.0,0.6064626068253403,0.3545678449636095,0.4997937895314242,0.2791220335206485,0.7004022870471619,0.0,0.6858906377880076,0.0,0.2170317052929134,0.5429728920468742,0.0,0.0,0.0,0.0,0.6301855625466717,0.0,0.0,0.0,0.3140357824789963,0.0,0.0,0.0,0.3566198218536178,0.0,0.0,0.0,0.0
0.5391331724852355,0.683570935171789,0.0,0.2723730339197193,0.6963827018051006,0.3656053550903931,0.7084175345627152,0.3481081815344949,0.734317794889451,0.2739210696682865,0.0,0.0,0.4927665965142329,0.0,0.2823503013745306,0.7232018277570185,0.6408849578995168,0.5661018752499963,0.0,0.0,0.4036034423601379,0.8530801854220164,0.4020308850165812,0.0,0.6509813394855495,0.674864215304641,0.6181479129420175,0.6027957469595282,0.5998780422975003,0.6653590276180956,0.6754936848331462,0.0,0.0,0.6193556003418592,0.4629769148923683,0.0,0.0,0.0,0.0,0.0,0.5171115561588979,0.0,0.3705487089296682,0.0,0.0,0.0,0.6469458679525415,0.0,0.0,0.0,0.4062593371622704,0.0,0.26263312338679,0.0,0.0,0.0,0.0,0.1046735511817063,0.0,0.2863643951859687,0.5419888449305665,0.0,0.0,0.0,0.1442413196596993,0.2124489090857134,0.62797781860477,0.4222972802705507,0.0,0.4804127569947244,0.5701204508707863,0.5758931186892245,0.0,0.2375997894195287,0.0,0.0
0.520213521613976,0.3387954219842853,0.0,0.0,0.0,0.3902370024088186,0.0,0.2901313730917851,0.0,0.0,0.0,0.1365001952728895,0.4132477670414977,0.2947619715010583,0.6148043934768835,0.4244388164343954,0.0,0.2839864349931095,0.0,0.4036034423601379,0.0,0.5063055941612511,0.4011209142984243,0.0,0.2939624011797078,0.3626807463785098,0.4523646001151705,0.3028604483926861,0.555175214153179,0.0,0.3106259972327218,0.0,0.0,0.2549330258904563,0.1564114077212302,0.0,0.0,0.0,0.0,0.0,0.1707023072822555,0.0,0.0,0.0,0.0,0.4399797161406187,0.2770259204636801,0.0,0.0,0.0,0.250157795156484,0.0,0.2836764654090972,0.0,0.0,0.0,0.0,0.0,0.0,0.4989349889749271,0.3963686750262987,0.0,0.0,0.0,0.0705677478240749,0.6847742614067407,0.4659191330075776,0.3410551350749222,0.0,0.2379299703310534,0.3074980051207852,0.3317479633897644,0.0,0.2216642259925813,0.0,0.0
0.5801010919389737,0.7321400622837462,0.0,0.0,0.7013906936302567,0.4276257609916082,0.7305767766962861,0.2355912431836837,0.693224212118311,0.1979151321836921,0.0,0.0,0.5016909198318004,0.0,0.4464800590169744,0.7937824511698169,0.5818586391477281,0.6093586906960783,0.0,0.8530801854220164,0.5063055941612511,0.0,0.3493216889338666,0.0,0.6272804630686349,0.5460893456522817,0.706916801101002,0.5450003462241816,0.7227817780848648,0.6474706296864083,0.6126750344471109,0.0,0.0,0.5553804761098953,0.4578177836836776,0.0,0.0,0.0,0.0,0.0,0.5007522726940542,0.0,0.1940618170759343,0.0,0.0,0.5744188431988484,0.6294562864089075,0.0,0.0,0.0,0.4058961904205715,0.0,0.0,0.0,0.0,0.0,0.0,0.0,0.0,0.3975779139672588,0.5987309907740918,0.0,0.1570320781165458,0.0,0.0595032321940468,0.2840620746058532,0.653942713959068,0.411373757571853,0.0,0.4031050181823602,0.4094404393283043,0.6897126661124657,0.0,0.3578727137741703,0.0,0.0
0.2612704181539682,0.5433884363047393,0.3372460778277281,0.3662203550089133,0.5334295841581558,0.6612373106706112,0.5018834572748566,0.7896460998209398,0.4954692659307552,0.3871887658339278,0.4603302078129751,0.5849462407006912,0.5644831687008176,0.5108012982158106,0.1783725198959322,0.335075147826304,0.0,0.1684026234372894,0.3806910445797699,0.4020308850165812,0.4011209142984243,0.3493216889338666,0.0,0.0,0.5745744649746718,0.5780775927716267,0.3727873624502119,0.4993575060006393,0.2117360737923321,0.3892469356478487,0.4839625336652262,0.0,0.0,0.4175218253457302,0.2830631040412893,0.0637511131886342,0.1233832412975542,0.3745552761962843,0.0,0.0,0.3214812993194582,0.0,0.3500325255609214,0.0202647587979686,0.0,0.0,0.58294082535136,0.4215409748128357,0.0,0.393163369719686,0.6583075000245223,0.2961108500742465,0.7452532865981373,0.3060058506575015,0.0,0.4997835598851377,0.0,0.1972335757037035,0.4370885719438562,0.2097649961989311,0.0,0.0,0.0,0.0155052483422409,0.0,0.197016144909719,0.0780414719126034,0.8415974599001141,0.0,0.4756432795181331,0.5232055535165427,0.3726729304211077,0.0,0.0,0.0,0.0
0.0,0.0,0.0,0.0,0.0,0.0,0.0,0.111349442495849,0.0,0.0,0.0,0.0,0.0,0.0,0.0,0.0,0.0,0.0,0.0,0.0,0.0,0.0,0.0,0.0,0.0,0.0581300896985473,0.0,0.0,0.0,0.0,0.0,0.5657960295063372,0.5786166896227847,0.0,0.0,0.2700720982976881,0.0,0.0303884231335666,0.5742117582443867,0.5491176786343746,0.0,0.0,0.0,0.0,0.1951908036986127,0.0,0.0,0.0,0.0,0.0,0.0,0.0,0.0,0.0,0.0,0.0,0.0,0.0,0.0,0.0,0.0,0.0,0.3603908179141012,0.0,0.0,0.0,0.0,0.0,0.8039014132239883,0.0971547823135337,0.2239682422683435,0.0,0.5061872967460059,0.0,0.0,0.4847934830087125
0.4238938711411574,0.8748048313405238,0.0,0.0,0.5855039257789555,0.4666772936974964,0.7399374442395137,0.4174949752102837,0.461852572207662,0.4872595452379753,0.0,0.5625360029410578,0.5738921284717765,0.0,0.1202931739641764,0.6322545373430782,0.731089472925602,0.662699112193667,0.0,0.6509813394855495,0.2939624011797078,0.6272804630686349,0.5745744649746718,0.0,0.0,0.8456090279727593,0.4638992553883831,0.4973811669482543,0.3964153423866896,0.0,0.5661336723211833,0.0,0.0,0.5066515511347098,0.3815199764419351,0.0,0.0,0.6254323398504716,0.0,0.0,0.4626093811875316,0.0,0.0,0.0,0.0,0.4566562451236522,0.7085388077415884,0.0,0.0,0.0,0.0,0.0,0.0,0.0,0.523514570325657,0.0,0.5054464110389018,0.1529727746675935,0.0,0.1086556285721824,0.3723241408307407,0.7491493444618701,0.2771993156366876,0.0,0.0,0.0085531207855513,0.4157049986775327,0.4304213623591683,0.0,0.6595268429950983,0.6770054502501701,0.0,0.0,0.0979692501022698,0.0,0.0
0.4454357697176075,0.8043612812378553,0.0,0.0,0.6263842736798406,0.445745050097793,0.6962487923724374,0.6009115911997283,0.567746129611575,0.4244931990955181,0.6280440283400783,0.6343450379800766,0.6261019720382816,0.0,0.1762641512299722,0.5979407200447535,0.7622138886608478,0.5610225237313962,0.0,0.674864215304641,0.3626807463785098,0.5460893456522817,0.5780775927716267,0.0581300896985473,0.8456090279727593,0.0,0.31278288999688,0.5579915938375422,0.2276958364181678,0.0,0.5617170416147164,0.0,0.0,0.5022578555613558,0.3693701312704383,0.0,0.0,0.6145434064192304,0.0,0.0,0.4692190706855742,0.0,0.0,0.0,0.3975550900391515,0.4473005461138113,0.6296125563737095,0.0,0.0,0.0,0.4224025936912089,0.0,0.0,0.0,0.3935091005328163,0.0,0.514778790730611,0.0155523134545447,0.0,0.1746994047344682,0.2300074757424662,0.7872107993379481,0.1628244740096283,0.0,0.0,0.0689725450533739,0.4190076991443458,0.4610449426721676,0.0,0.5829785564958991,0.8140355008706774,0.3018729720912004,0.0,0.0,0.0,0.0
0.3677814689179717,0.5225724687461615,0.2888128336485914,0.2137685027771458,0.5242550433388342,0.6560988187388904,0.505189628028247,0.1175282334672516,0.5508022511131879,0.0110190149323481,0.4576177030222059,0.1310396761707561,0.4217682153408097,0.4321980730922021,0.4804367742122684,0.4473101916199072,0.0,0.3996937559657564,0.3692544263529556,0.6181479129420175,0.4523646001151705,0.706916801101002,0.3727873624502119,0.0,0.4638992553883831,0.31278288999688,0.0,0.3170669558053463,0.7747827482526143,0.3391428911328355,0.336951590514551,0.0,0.0,0.3200184558941769,0.1955419001753544,0.0,0.0217030928931623,0.1555884977511433,0.0,0.0,0.2515146796225664,0.0,0.1792758715813373,0.0,0.0,0.0,0.6042611772930365,0.2939908559406395,0.0,0.4506000939390324,0.4837122785355449,0.3981028253934698,0.0454803999092374,0.4118018362106661,0.0,0.4272696287215092,0.0,0.1577358126610978,0.4536993590253766,0.3046049266315374,0.0,0.0,0.0,0.1921602721241057,0.2621372889974361,0.3241732303572955,0.4918300358932702,0.3630602436726504,0.0,0.0,0.3079429418001674,0.870293155844293,0.0,0.5134684806239457,0.0,0.0
0.2705725672888897,0.6661403375450743,0.218111383126027,0.5436581768611284,0.6796615038908211,0.406415566141554,0.7486949072982643,0.5072611291611479,0.6469036754987553,0.5955397620021173,0.7224452560406661,0.8713194355899435,0.8165912653183469,0.724727561678407,0.1745584562879583,0.584165930826488,0.51804014594198,0.235197172229053,0.299432026559563,0.6027957469595282,0.3028604483926861,0.5450003462241816,0.4993575060006393,0.0,0.4973811669482543,0.5579915938375422,0.3170669558053463,0.0,0.3352183117309463,0.6337652853325084,0.797183835393878,0.0,0.0,0.6056947075604684,0.4431076454972979,0.1148012392883639,0.4468203798985706,0.2898378381420277,0.0,0.0,0.4961146500762979,0.0,0.4662666587561253,0.0,0.0,0.0,0.0,0.2114321588078625,0.0,0.0,0.4612677429581485,0.0,0.4315986580422205,0.1785791955816689,0.5144544122506619,0.0,0.8076341562552173,0.0,0.0,0.165894098750556,0.0,0.0,0.0,0.0,0.0,0.1258244993893838,0.0882135836032619,0.5938390079385932,0.0,0.2835786029619683,0.333887485724534,0.4089955138353626,0.0,0.0,0.0,0.0
0.3947331453765554,0.5013804795568445,0.0,0.2259282801349408,0.4401790275390358,0.5711770546888914,0.4644829839353016,0.0,0.3850939682150492,0.0,0.0,0.0,0.4173028112375556,0.0,0.532403262423074,0.5745132713852942,0.2292514300076639,0.4961695090740517,0.0,0.5998780422975003,0.555175214153179,0.7227817780848648,0.2117360737923321,0.0,0.3964153423866896,0.2276958364181678,0.7747827482526143,0.3352183117309463,0.0,0.4374532491260228,0.3056176450275479,0.0,0.0,0.3481858596085959,0.2238314478103317,0.0,0.0,0.0,0.0,0.0,0.2562534030597868,0.0,0.0,0.0,0.0,0.0,0.4800771298086597,0.1180161531741063,0.0,0.0,0.3580664690227739,0.2825117194427365,0.0,0.2254264214312936,0.0,0.0,0.0,0.1472465090865759,0.0,0.3758412644173015,0.0,0.0,0.0,0.0,0.1979252359000228,0.4270296727370755,0.405992037451077,0.2800957571178404,0.0,0.0,0.1853249004239519,0.6762145136842903,0.0,0.5589086630807858,0.0,0.0
0.0,0.0,0.0,0.0,0.0,0.3372906214264682,0.0,0.3983115294405068,0.6724967823109762,0.0,0.0,0.0,0.4849950695800412,0.0,0.0,0.7345590899647262,0.0,0.4981112834429674,0.0,0.6653590276180956,0.0,0.6474706296864083,0.3892469356478487,0.0,0.0,0.0,0.3391428911328355,0.6337652853325084,0.4374532491260228,0.0,0.7860569004985908,0.0,0.0,0.7249494987857243,0.453789937650173,0.0,0.0,0.0,0.0,0.0,0.0,0.0,0.0,0.0,0.0,0.0,0.0,0.0,0.0,0.0,0.0,0.0,0.0,0.0,0.0,0.0,0.0,0.0,0.0,0.0,0.0,0.0,0.0,0.0,0.0,0.0,0.0,0.4867304187470442,0.0,0.0,0.0,0.4278635650288956,0.0,0.1142652046333933,0.0,0.0
0.3961244966874079,0.5517741422063589,0.3787854809143432,0.5945237213103448,0.8598256970911784,0.3510195835180663,0.852799303623507,0.4858909471463664,0.7370388427155485,0.430171896921905,0.734681310897184,0.7012046147448984,0.5925562255226265,0.6765534274986975,0.167067897598082,0.7563089536678789,0.7665278762017878,0.3792626317835553,0.4401900948765335,0.6754936848331462,0.3106259972327218,0.6126750344471109,0.4839625336652262,0.0,0.5661336723211833,0.5617170416147164,0.336951590514551,0.797183835393878,0.3056176450275479,0.7860569004985908,0.0,0.0,0.0,0.9282481412840496,0.7467722009733492,0.0,0.133119514824617,0.6084526055583794,0.0,0.0,0.7773162309697027,0.0,0.61895662020405,0.0,0.0,0.0,0.5860198918009684,0.0,0.0,0.0,0.5126292692421804,0.0,0.4838351728381931,0.0,0.4078654017360972,0.0,0.6061767739267262,0.0,0.0,0.0927958172480645,0.2243223064371597,0.7964807673436619,0.0,0.0,0.0,0.0449772350237087,0.2217582295624762,0.5762911367932225,0.0,0.3343512944708162,0.4148153904043858,0.4483743807199127,0.0,0.0238512802725497,0.0,0.0
0.0,0.0,0.0,0.0,0.0,0.0,0.0,0.0,0.0,0.0,0.0,0.0,0.0,0.0,0.0,0.0,0.0,0.0,0.0,0.0,0.0,0.0,0.0,0.5657960295063372,0.0,0.0,0.0,0.0,0.0,0.0,0.0,0.0,0.9174294374127856,0.0,0.0,0.0083589173063575,0.0,0.0,0.9719289260590322,0.8696543707964012,0.0,0.5589630709078053,0.0,0.0,0.0330435750720048,0.0,0.0,0.0,0.0,0.0,0.0,0.0,0.0,0.0,0.0,0.0,0.0,0.0,0.0,0.0,0.0008403442133693,0.0,0.459958024388219,0.3196199878384392,0.5330628126609432,0.0,0.1129014038788484,0.0,0.7741980940270277,0.0,0.0,0.0,0.6326007551834666,0.1571055166576649,0.0,0.7758363909322572
0.0,0.0,0.0,0.0,0.0,0.0,0.0,0.0,0.0,0.0,0.0,0.0,0.0,0.0,0.0,0.0,0.0,0.0,0.0,0.0,0.0,0.0,0.0,0.5786166896227847,0.0,0.0,0.0,0.0,0.0,0.0,0.0,0.9174294374127856,0.0,0.0,0.0,0.1481827930865148,0.0,0.0,0.9250347031881614,0.9857998057073734,0.0,0.5686137756578009,0.0,0.0,0.0,0.0,0.0,0.0,0.0,0.0,0.0,0.0,0.0,0.0,0.0,0.0,0.0,0.0,0.0,0.0,0.0055537626710662,0.0,0.4734136516726812,0.0,0.4869608620319607,0.0,0.0346280835161521,0.0,0.781082613909053,0.0,0.0,0.0,0.5774779466834891,0.0,0.0,0.8137662818230931
0.3873480494577206,0.5255992260144131,0.3229375620623231,0.5850440552624027,0.8560930946827529,0.3705343487947154,0.7936665703536633,0.4298691010559651,0.6644463427812741,0.1389311650370916,0.6192132714830088,0.511343624683151,0.4567046302066797,0.5590258027370245,0.1291768828010238,0.7897103249568267,0.7799976910247042,0.4862849350741652,0.5084801659776763,0.6193556003418592,0.2549330258904563,0.5553804761098953,0.4175218253457302,0.0,0.5066515511347098,0.5022578555613558,0.3200184558941769,0.6056947075604684,0.3481858596085959,0.7249494987857243,0.9282481412840496,0.0,0.0,0.0,0.819407230845996,0.0,0.0,0.621769162737055,0.0,0.0,0.8626859415489034,0.0,0.5159536765975309,0.0,0.3830057094142923,0.5042017307783138,0.5765637357610351,0.3535762226104776,0.0,0.0,0.494263752432648,0.7569621766355572,0.441564489542853,0.5964944059769062,0.1887785537642734,0.0,0.3822093131384563,0.2891084196991921,0.0,0.0494537341780037,0.2316432131152052,0.7725302972997428,0.0,0.0,0.0,0.0,0.1786467966818154,0.4951748820170717,0.0,0.2647480469423705,0.38185205473494,0.3776833492646289,0.0,0.0831867260025533,0.0,0.0
0.2692488933288792,0.3683319231251903,0.2246482780220542,0.3328390901299712,0.5481250545133608,0.2300953039882441,0.6083123819469078,0.3249338984701874,0.5255732091766709,0.2992792358152768,0.3962527463491986,0.4250821124264136,0.3134657086001793,0.0,0.0943759490643566,0.5542150395754126,0.5829326675971195,0.2877989810580181,0.3507018159565449,0.4629769148923683,0.1564114077212302,0.4578177836836776,0.2830631040412893,0.0,0.3815199764419351,0.3693701312704383,0.1955419001753544,0.4431076454972979,0.2238314478103317,0.453789937650173,0.7467722009733492,0.0,0.0,0.819407230845996,0.0,0.0,0.0,0.4288219298578734,0.0,0.0,0.6998787244250775,0.0,0.4640942510382211,0.0,0.1961753216201874,0.0,0.368506878414286,0.0,0.0,0.0,0.3265472313268919,0.0,0.0,0.0,0.0,0.0,0.452503857884076,0.2950584661175267,0.0,0.0535753998952364,0.1867429687294632,0.0,0.0,0.0,0.0,0.0,0.1724185096692157,0.3639034276726761,0.0,0.1514660630291684,0.2880639439012079,0.302985893403805,0.0,0.1050834455458142,0.0,0.0
0.0,0.0,0.0,0.0,0.0,0.1103681121281205,0.0,0.0935506754890394,0.0,0.2116917997167403,0.0,0.2080614233231754,0.0776318457479831,0.3187251270671447,0.0,0.0,0.0,0.0,0.0,0.0,0.0,0.0,0.0637511131886342,0.2700720982976881,0.0,0.0,0.0,0.1148012392883639,0.0,0.0,0.0,0.0083589173063575,0.1481827930865148,0.0,0.0,0.0,0.5019900747884072,0.0,0.0880853217150756,0.1221416754787457,0.0,0.2140185243028213,0.2107286690461526,0.606014003653943,0.0,0.0,0.0,0.0,0.0,0.0,0.017537956678653,0.0,0.0,0.0,0.0,0.0,0.312939048649807,0.0431664012957746,0.0,0.0,0.0,0.0,0.0,0.0,0.0,0.0,0.0,0.0572661704448565,0.0,0.0,0.0,0.0,0.0,0.0,0.0,0.0
0.0,0.0,0.0,0.0271557773027726,0.0,0.1043047820565754,0.0416767192896019,0.1020557432865553,0.0528652800431808,0.5696839219994633,0.1017832771470294,0.4741130455310748,0.3895987238267419,0.3768796682896654,0.0,0.0,0.0,0.0,0.0,0.0,0.0,0.0,0.1233832412975542,0.0,0.0,0.0,0.0217030928931623,0.4468203798985706,0.0,0.0,0.133119514824617,0.0,0.0,0.0,0.0,0.5019900747884072,0.0,0.0,0.0,0.0,0.0,0.0,0.3210757937570405,0.0,0.0,0.0,0.0,0.0,0.0,0.0,0.0,0.0,0.0,0.0,0.0,0.0,0.0,0.0,0.0,0.0,0.0,0.0,0.0,0.0,0.0,0.0,0.0,0.1652827587143708,0.0,0.0,0.0,0.0,0.0,0.0,0.0,0.0
0.3749284983266617,0.0,0.0,0.3167499655016659,0.6211909341160723,0.1301153723465139,0.6418079904419095,0.0,0.4587895914561505,0.2728868290742455,0.426908746857166,0.3766127458055698,0.2825365635921421,0.0,0.0,0.0,0.8235025641321271,0.0,0.4632400630056,0.0,0.0,0.0,0.3745552761962843,0.0303884231335666,0.6254323398504716,0.6145434064192304,0.1555884977511433,0.2898378381420277,0.0,0.0,0.6084526055583794,0.0,0.0,0.621769162737055,0.4288219298578734,0.0,0.0,0.0,0.0,0.0,0.574120482189148,0.0,0.0,0.0,0.7514698713025645,0.0,0.0,0.0,0.0,0.0,0.0,0.0,0.0,0.0,0.3725495376110471,0.0,0.2711612560450814,0.0,0.0,0.0,0.0,0.0,0.0,0.0,0.0,0.0,0.0,0.0,0.0,0.4671611058155646,0.5766342276890587,0.0,0.0807509529907402,0.0,0.0,0.0
0.0,0.0,0.0,0.0,0.0,0.0,0.0,0.0,0.0,0.0,0.0,0.0,0.0,0.0,0.0,0.0,0.0,0.0,0.0,0.0,0.0,0.0,0.0,0.5742117582443867,0.0,0.0,0.0,0.0,0.0,0.0,0.0,0.9719289260590322,0.9250347031881614,0.0,0.0,0.0880853217150756,0.0,0.0,0.0,0.9175189115919647,0.0,0.6008140802644222,0.0,0.00673402290033,0.0,0.0,0.0,0.0,0.0,0.0,0.0,0.0,0.0,0.0,0.0,0.0,0.0,0.0,0.0,0.0,0.0,0.0,0.4096215202711756,0.2602555484840926,0.4706270632951819,0.0,0.0203670308191961,0.0,0.8204093277128888,0.0,0.0,0.0,0.6179161511165934,0.0801990061774994,0.7204482572006914,0.8692736740816851
0.0,0.0,0.0,0.0,0.0,0.0,0.0,0.0,0.0,0.0,0.0,0.0,0.0,0.0,0.0,0.0,0.0,0.0,0.0,0.0,0.0,0.0,0.0,0.5491176786343746,0.0,0.0,0.0,0.0,0.0,0.0,0.0,0.8696543707964012,0.9857998057073734,0.0,0.0,0.1221416754787457,0.0,0.0,0.9175189115919647,0.0,0.0,0.5279778581786582,0.0,0.0,0.0,0.0,0.0,0.0,0.0,0.0,0.0,0.0,0.0,0.0,0.0,0.0,0.0,0.0,0.0,0.0005826273919728,0.0371818246432231,0.0,0.4105547317680276,0.1522363827615766,0.4511768429418668,0.0214009322393466,0.0082910653149641,0.0,0.7712300347339314,0.0,0.0,0.0,0.5030235200324608,0.0903163476622171,0.6513371881971428,0.8392910682576684
0.3272313541272887,0.435983429500889,0.3094464793824193,0.0,0.0,0.3041484213182055,0.6362647579584743,0.3092567137114076,0.6042066747951408,0.1356014824214536,0.0,0.4865609628838275,0.3297673380063999,0.0,0.1250649986235506,0.6119407715830097,0.0,0.3723761715596479,0.0,0.5171115561588979,0.1707023072822555,0.5007522726940542,0.3214812993194582,0.0,0.4626093811875316,0.4692190706855742,0.2515146796225664,0.4961146500762979,0.2562534030597868,0.0,0.7773162309697027,0.0,0.0,0.8626859415489034,0.6998787244250775,0.0,0.0,0.574120482189148,0.0,0.0,0.0,0.0,0.5015108808867054,0.0,0.437617532618948,0.488205398991668,0.450388740874313,0.3541894700165138,0.7921862548609436,0.6935329233332909,0.4998135140195789,0.7278953420245184,0.3450418272857432,0.5884544040084687,0.1904361352139373,0.6206100517862456,0.3494885414433744,0.311798057411925,0.6342709634673689,0.0127809045916394,0.2496062907652915,0.7334707920904392,0.0,0.0884898384293535,0.0,0.0,0.2441101149932332,0.3877859608612877,0.0,0.2284989223456497,0.3518928762058321,0.401012397945141,0.0,0.1902746153853007,0.0,0.0
0.0,0.0,0.0,0.0,0.0,0.0,0.0,0.0,0.0,0.0,0.0,0.0,0.0,0.0,0.0,0.0,0.0,0.0,0.0,0.0,0.0,0.0,0.0,0.0,0.0,0.0,0.0,0.0,0.0,0.0,0.0,0.5589630709078053,0.5686137756578009,0.0,0.0,0.2140185243028213,0.0,0.0,0.6008140802644222,0.5279778581786582,0.0,0.0,0.0116458298987384,0.3358713730030536,0.0,0.0,0.0,0.0,0.0,0.0,0.0,0.0,0.0,0.0,0.0,0.0,0.0,0.1763048813677502,0.0,0.0,0.0,0.0,0.2899587872259799,0.3067530816620776,0.3280282106776162,0.0,0.0369218361663403,0.0,0.4890507838124176,0.0,0.0,0.0,0.3716156908017256,0.1682854781715549,0.4173278137840229,0.4436435847468767
0.0,0.0,0.2107810614608172,0.0,0.4592021449848376,0.2943464934615403,0.4549661362566833,0.4185837711016739,0.4374134855917185,0.0,0.3476881045103194,0.6377044666874323,0.3446391592928226,0.5319260585669668,0.0,0.0,0.0,0.0,0.2196073173058327,0.3705487089296682,0.0,0.1940618170759343,0.3500325255609214,0.0,0.0,0.0,0.1792758715813373,0.4662666587561253,0.0,0.0,0.61895662020405,0.0,0.0,0.5159536765975309,0.4640942510382211,0.2107286690461526,0.3210757937570405,0.0,0.0,0.0,0.5015108808867054,0.0116458298987384,0.0,0.4932481573833219,0.1119072282050492,0.0,0.0,0.2736021658311415,0.6528079295616814,0.6480431974552957,0.450734524975498,0.5615071277446114,0.4140974799099613,0.386991531426805,0.369232090659832,0.5037213225889359,0.5768216466426336,0.3676518216452104,0.6581399189058192,0.0,0.0,0.5688778818453097,0.0,0.0646294161686208,0.0,0.0,0.0760502275465273,0.3795814778521778,0.0,0.2917843100294111,0.3492882114196824,0.3305559120805925,0.0,0.0084640671181278,0.0,0.0
0.0,0.0,0.0,0.0,0.0,0.0,0.0,0.0,0.0,0.0,0.0,0.0,0.0,0.0,0.0,0.0,0.0,0.0,0.0,0.0,0.0,0.0,0.0202647587979686,0.0,0.0,0.0,0.0,0.0,0.0,0.0,0.0,0.0,0.0,0.0,0.0,0.606014003653943,0.0,0.0,0.00673402290033,0.0,0.0,0.3358713730030536,0.4932481573833219,0.0,0.0,0.0,0.0,0.0,0.0,0.0,0.0425569300491526,0.0,0.0,0.0,0.4081726661966076,0.0,0.5097062204020042,0.1046809358784471,0.0,0.0,0.0,0.0,0.0,0.0,0.0,0.0,0.0,0.0483408589564709,0.0,0.0,0.0,0.0,0.0,0.0,0.0,0.0
0.0,0.0,0.0,0.0,0.0,0.0,0.0,0.0,0.0,0.0,0.0,0.0,0.0,0.0,0.0,0.0,0.0,0.0,0.0,0.0,0.0,0.0,0.0,0.1951908036986127,0.0,0.3975550900391515,0.0,0.0,0.0,0.0,0.0,0.0330435750720048,0.0,0.3830057094142923,0.1961753216201874,0.0,0.0,0.7514698713025645,0.0,0.0,0.437617532618948,0.0,0.1119072282050492,0.0,0.0,0.4911165089826205,0.0,0.0,0.0,0.4334702307578847,0.151348768776324,0.5160960332793405,0.0,0.5014679898652145,0.1893633301986301,0.3173499407835219,0.0,0.2895275729515683,0.0,0.0,0.0,0.6389475989460761,0.4478924485071036,0.2878835059294508,0.0,0.0,0.0,0.1029582297646476,0.2957063393727565,0.3064401647746306,0.5267146515264615,0.0469491120091151,0.4235499639859544,0.0,0.0,0.0597755696587243
0.8354381287582852,0.3408679714191334,0.0,0.0,0.0,0.0,0.0,0.0,0.0,0.0435230091219557,0.0,0.0,0.0,0.0,0.0,0.6370935715903141,0.0,0.4957927236796079,0.0,0.0,0.4399797161406187,0.5744188431988484,0.0,0.0,0.4566562451236522,0.4473005461138113,0.0,0.0,0.0,0.0,0.0,0.0,0.0,0.5042017307783138,0.0,0.0,0.0,0.0,0.0,0.0,0.488205398991668,0.0,0.0,0.0,0.4911165089826205,0.0,0.3555109013401976,0.0,0.0,0.0,0.2468629732725882,0.0,0.3322486289385015,0.0,0.0,0.0,0.0891205596282997,0.0910061605549112,0.0,0.3182519766379876,0.5923958303435843,0.0,0.2817321338091054,0.0,0.1297870953723884,0.3198455791304929,0.5343026430485395,0.3661454152796559,0.0,0.3154720181485239,0.5141320366318353,0.330224219593959,0.041111510652443,0.2698529553942647,0.0,0.0
0.2926649923657882,0.7850966430766493,0.0,0.0,0.0,0.5556449898927852,0.0,0.0,0.0,0.0,0.0,0.0,0.0,0.0,0.2588452175937792,0.5310956636748918,0.0,0.4119360534002903,0.0,0.6469458679525415,0.2770259204636801,0.6294562864089075,0.58294082535136,0.0,0.7085388077415884,0.6296125563737095,0.6042611772930365,0.0,0.4800771298086597,0.0,0.5860198918009684,0.0,0.0,0.5765637357610351,0.368506878414286,0.0,0.0,0.0,0.0,0.0,0.450388740874313,0.0,0.0,0.0,0.0,0.3555109013401976,0.0,0.0,0.0,0.0,0.7868075428243163,0.5129775554933482,0.4895041094059137,0.35025494395374,0.3864340387145652,0.0,0.0,0.2738773189864975,0.0,0.1901619603050655,0.3829114960107724,0.5986985869947054,0.0,0.0,0.0,0.2224792562101977,0.2168794621269814,0.6905231483879231,0.0,0.7512295645037559,0.6737529203576452,0.6607564645051549,0.0,0.2229244734771572,0.0,0.0
0.0,0.0,0.8202064336632757,0.0,0.5152637004144051,0.1968610748407156,0.4064981951894621,0.2813450957042485,0.5528479756606858,0.0,0.5494840723681367,0.0,0.2150001186245062,0.2402591935399096,0.0,0.0,0.0,0.0,0.6216955551045529,0.0,0.0,0.0,0.4215409748128357,0.0,0.0,0.0,0.2939908559406395,0.2114321588078625,0.1180161531741063,0.0,0.0,0.0,0.0,0.3535762226104776,0.0,0.0,0.0,0.0,0.0,0.0,0.3541894700165138,0.0,0.2736021658311415,0.0,0.0,0.0,0.0,0.0,0.4213311392280018,0.6394061910060981,0.3432896447822328,0.483495858969645,0.3591270698629727,0.6934072636543882,0.2175993030868317,0.5728781922343942,0.1599778541189244,0.2629290470850628,0.4513651484896644,0.0,0.0,0.0,0.0,0.5630424205936054,0.0,0.0,0.0,0.4322907768023835,0.0,0.2727141212401034,0.3162634291334862,0.3534074391444276,0.1552334114998004,0.1823122503064029,0.0252977955170339,0.0
0.0,0.0,0.0,0.0,0.0,0.0,0.0,0.0,0.0,0.0,0.0,0.0,0.0,0.0,0.0,0.0,0.0,0.0,0.0,0.0,0.0,0.0,0.0,0.0,0.0,0.0,0.0,0.0,0.0,0.0,0.0,0.0,0.0,0.0,0.0,0.0,0.0,0.0,0.0,0.0,0.7921862548609436,0.0,0.6528079295616814,0.0,0.0,0.0,0.0,0.4213311392280018,0.0,0.8160869167002792,0.60684325206522,0.7741709153871126,0.4948764565845441,0.6477395460534726,0.0,0.740783004593791,0.0,0.4174186412824718,0.8820149020182977,0.0,0.0,0.0,0.0,0.1187338320064516,0.0,0.0,0.0,0.5621919108041474,0.0,0.0,0.0,0.4807616518411572,0.0,0.0,0.0,0.0
