0.0,0.2522691132794795,0.0,0.0,0.0,0.1363852096811778,0.0,0.0526921408224696,0.0,0.1694352382266777,0.0,0.015713599259312,0.088993559400652,0.0,0.1451581739813327,0.3240086404622431,0.1589033308489136,0.3761688525664986,0.0,0.3055136908058525,0.4072797687285936,0.3780832219073135,0.2056369186190629,0.1732671089186712,0.5322298089268362,0.4020136299166899,0.280795144543969,0.2323515515683683,0.3776023325474425,0.0,0.166480512686724,0.2425631059182773,0.296059203615835,0.0262749061828573,0.0,0.0,0.0,0.0305115128384004,0.1512560690286457,0.2512412250643043,0.1136619679488278,0.0,0.0,0.0,0.0,0.3536783061680846,0.2065264110070144,0.0,0.0,0.0,0.0,0.0,0.0,0.0,0.0,0.0,0.0,0.0,0.0,0.0,0.2684836414803758,0.0,0.2200047236298614,0.0,0.0,0.151568280695959,0.3473776888319598,0.0,0.0811534392000135,0.1794291473018629,0.3745818890206949,0.0,0.0,0.0,0.0,0.1617613458442122
0.2522691132794795,0.0,0.0,0.0,0.3662791704947113,0.7616422702816403,0.4912076894573725,0.1884537031088816,0.4001168671175216,0.0,0.0,0.0,0.6788377565890689,0.0,0.4085199356477791,0.7278974751557753,0.4883674622987526,0.6628807990135236,0.0,0.4473152063077173,0.0604698338594654,0.6139095683779437,0.2623837075739169,0.0,0.7577787663801142,0.8241248253777254,0.3101287449656149,0.4635017914941191,0.5991347410881849,0.0,0.0,0.1642477176718212,0.3698423701881754,0.0,0.0,0.0,0.0,0.0,0.1372583126436799,0.410040886395854,0.2147987871731592,0.0,0.0,0.0,0.0,0.0,0.4298616106082952,0.0,0.0,0.0,0.3653328024379877,0.0,0.0,0.0,0.0,0.0,0.0,0.0,0.0,0.3100199409566013,0.0350119739741841,0.0,0.0429373884630051,0.0,0.5074943018766123,0.0,0.5762064083786703,0.1115675049301563,0.0,0.0,0.2546134128180832,0.1452757278476079,0.0,0.024679250576072,0.0,0.0293107040672567
0.0,0.0,0.0,0.0,0.5326720586855292,0.5961646308029178,0.1678142947717833,0.3399007485866135,0.7078991492040119,0.0645266560916628,0.5541830538623344,0.160386012085608,0.4718068135875758,0.0951224133106762,0.0,0.0,0.0,0.0,0.6227786260077823,0.0,0.0,0.0,0.4970084601847509,0.0,0.0,0.0,0.6208820958763139,0.23780326964628,0.0,0.0,0.0,0.0,0.0766667280011762,0.0,0.0,0.0,0.0,0.0,0.0,0.0,0.0,0.0,0.0,0.0,0.0,0.0,0.0,0.6917776566466299,0.0,0.2695220791131464,0.409807316920213,0.0,0.455356103961672,0.6787764619974919,0.0,0.5449352451038275,0.0,0.0733167379331111,0.0,0.0,0.0,0.0,0.0,0.792406133698517,0.0,0.0,0.0,0.5435500478206452,0.0,0.0,0.0,0.5232104083551838,0.0,0.0,0.0,0.0
0.0,0.0,0.0,0.0,0.0946320960289377,0.0130687765731252,0.0652633056826363,0.2127717844188165,0.0392398879469028,0.0,0.276315359558421,0.0071347340555133,0.0786484970976578,0.363310528148115,0.0,0.0,0.0,0.0,0.0,0.0,0.0,0.0,0.1809213602582477,0.0,0.0,0.0,0.0142795809466462,0.0,0.0,0.0,0.0,0.0,0.0,0.27708709245329,0.0812710195016089,0.1037266888018773,0.0,0.0,0.0,0.0,0.0,0.0,0.0,0.0,0.0,0.0,0.0,0.0,0.0,0.0,0.0,0.0,0.0,0.0,0.0,0.0,0.0,0.0,0.0,0.0,0.0,0.0,0.0,0.0,0.0,0.0,0.0,0.0,0.0,0.0,0.0,0.0,0.0,0.0,0.0,0.0
0.0,0.3662791704947113,0.5326720586855292,0.0946320960289377,0.0,0.3867832298498789,0.4871941841983812,0.2828247145677621,0.809693052926098,0.1407295859094809,0.6003454293390317,0.0830645188807403,0.5044315304581749,0.4175158979874172,0.0,0.3261438871618641,0.0,0.0,0.589963792316733,0.5405936093185346,0.0,0.5949260557794266,0.3634193374630356,0.0,0.30729139339911,0.2841218045193734,0.5273061395284673,0.1712433365962222,0.4900948336841393,0.0,0.0706776851769637,0.0,0.0015164930890808,0.3066472551394367,0.0,0.0,0.0,0.0,0.0,0.0,0.0,0.0,0.0552765525451193,0.0,0.0,0.0,0.0,0.2968615941539672,0.0,0.3545931727162176,0.046921852769558,0.0,0.4184508597267967,0.4861198002999585,0.0,0.5701962047260821,0.0,0.0,0.0,0.0,0.0,0.0,0.0,0.5060160123053365,0.0,0.0,0.0,0.3171639412151142,0.0,0.0,0.0,0.2810757572524092,0.0,0.0,0.0,0.0
0.1363852096811778,0.7616422702816403,0.5961646308029178,0.0130687765731252,0.3867832298498789,0.0,0.3738188940123239,0.4675027410133648,0.5628988978783148,0.1791423449002156,0.3921659395203419,0.4363718772397627,0.7816032734088602,0.0,0.6177142348685523,0.464567806535624,0.3043079793981113,0.3500624922139921,0.3481975521784095,0.4320453197346772,0.2986979450358717,0.4547079256533878,0.6129183256878016,0.0,0.500792868779225,0.7300297592656559,0.4409025105683083,0.2375380503629272,0.5495034598964171,0.0392385051815101,0.0,0.0,0.1695753313761566,0.0477067595332816,0.0,0.0,0.0,0.0,0.0,0.0,0.05985220259279,0.014312080060946,0.0,0.0,0.0,0.0,0.3186197407695418,0.4703565472636291,0.0,0.3225516388614321,0.3889684248220502,0.1635441965663962,0.3784118543126087,0.535061535712988,0.0,0.4326850344584555,0.0,0.1553864513085153,0.0,0.5001315371436639,0.0,0.0,0.0,0.5506279578945036,0.3455563080319276,0.0,0.3966291642344337,0.4628417329034267,0.0,0.0,0.2836584124392932,0.2045231245943873,0.0,0.0,0.0,0.0
0.0,0.4912076894573725,0.1678142947717833,0.0652633056826363,0.4871941841983812,0.3738188940123239,0.0,0.1482822505128712,0.4200801071968869,0.2951822055020647,0.1086132176350863,0.1392497786801233,0.6100938889195814,0.0737578819622997,0.0,0.4968615407178801,0.2778477884503152,0.4310266588986885,0.2978384997434708,0.2664166338780043,0.0,0.4426037360129101,0.1361714860918178,0.0,0.4527918129996986,0.4191157465085511,0.1815987593207048,0.4678797357489171,0.3734594851029237,0.0,0.2490596152809877,0.0147679418297385,0.2334660036816105,0.2300821047723593,0.0,0.0,0.1780857462636838,0.0,0.0044870661087977,0.0,9.593483455053522e-06,0.0,0.1043203461455324,0.0,0.0,0.0,0.0,0.0623466934506417,0.0,0.0,0.0,0.0,0.0239162224991144,0.3429712382277078,0.0,0.2005290245226257,0.0,0.0,0.0,0.0,0.0,0.0,0.0,0.2607159518480035,0.0,0.0,0.0,0.0,0.0,0.0,0.0,0.0,0.0,0.0,0.0,0.0
0.0526921408224696,0.1884537031088816,0.3399007485866135,0.2127717844188165,0.2828247145677621,0.4675027410133648,0.1482822505128712,0.0,0.4706864554311631,0.1817048699005669,0.3010870910878885,0.3842226005813711,0.1902400921228373,0.2412429361215931,0.207197074921775,0.0,0.0,0.0,0.2848985866075465,0.2114949236386737,0.4169668171448998,0.1250861955662023,0.8613196862997397,0.0893624751433274,0.2225552874317853,0.1930340176717977,0.2994817708495736,0.0,0.0,0.2341758415439097,0.0,0.0,0.0,0.1961326072557644,0.0133920152701658,0.0,0.1401597632297959,0.0,0.0,0.0,0.0,0.0,0.2315614450444487,0.0,0.0,0.0,0.0,0.3223925622906842,0.0,0.3803872575278235,0.3215650394819307,0.2219077866544317,0.8096259039216696,0.3197244747994542,0.0,0.3305852634300649,0.0,0.0,0.1984780379820145,0.1432406572791945,0.0,0.0,0.0,0.2699816500197994,0.0231414830279401,0.1464356864205039,0.0,0.7238920570271502,0.0,0.0,0.0,0.1103984322347503,0.0,0.0,0.0,0.0
0.0,0.4001168671175216,0.7078991492040119,0.0392398879469028,0.809693052926098,0.5628988978783148,0.4200801071968869,0.4706864554311631,0.0,0.1435050860372216,0.6876980860233709,0.1936167560805274,0.5369930728035892,0.2680641779284768,0.0,0.2813753092819929,0.0,0.1009111850407693,0.6344827068149168,0.6196251939513179,0.0,0.5888525236793881,0.5486886825200341,0.0,0.3720822356907687,0.4341881223705746,0.6019265841164751,0.2027177497997707,0.438957014261741,0.4405014899370001,0.0,0.0,0.0793483333881965,0.2923092451460654,0.0,0.0,0.0,0.0,0.0,0.0,0.0147577456208424,0.0,0.001877698620588,0.0,0.0,0.0,0.0,0.4613316130914057,0.0,0.5124242591109638,0.144984319554109,0.0617433408256781,0.5448276358490826,0.7381916505772048,0.0,0.7152500872466431,0.0,0.0,0.0,0.0,0.0,0.0,0.0,0.7178609863069767,0.0,0.0,0.0,0.4782043264440318,0.0,0.0,0.0,0.4081885975017367,0.0,0.0,0.0,0.0
0.1694352382266777,0.0,0.0645266560916628,0.0,0.1407295859094809,0.1791423449002156,0.2951822055020647,0.1817048699005669,0.1435050860372216,0.0,0.0,0.6850220432265629,0.0873880970285684,0.0,0.0,0.1817035183786272,0.8060029867048586,0.5382200455132483,0.0452835905502841,0.0,0.0,0.1734283434366627,0.1416231793747379,0.5754477646632419,0.457660192088156,0.2873709064848828,0.0,0.1842679785487884,0.0,0.0,0.2992917095956342,0.4013401921607291,0.3910159565036706,0.0,0.0,0.0,0.2084961124149482,0.2641350034992233,0.389874606979412,0.3498986214851228,0.0883285890168928,0.0,0.0,0.0,0.0335609338351006,0.0646900952296172,0.0,0.0,0.0,0.0,0.0,0.0,0.0,0.0,0.7091074780226195,0.0,0.4860592505250635,0.3836437760583879,0.0,0.0,0.0,0.5371132418297113,0.3316029113999367,0.0,0.0,0.0,0.0,0.0,0.4007855275887981,0.3590727913367394,0.3071088669528207,0.0,0.3015374743615961,0.0,0.0,0.354704694563106
0.0,0.0,0.5541830538623344,0.276315359558421,0.6003454293390317,0.3921659395203419,0.1086132176350863,0.3010870910878885,0.6876980860233709,0.0,0.0,0.0,0.3704868468894818,0.385005079306398,0.0,0.0,0.0,0.0,0.4137274747493059,0.0,0.0,0.0,0.3485794210409177,0.0,0.0,0.1092758950382493,0.4305793373708204,0.0,0.0,0.0,0.0,0.0,0.0,0.2901015946015603,0.0,0.0,0.0,0.0,0.0,0.0,0.0,0.0,0.0194754839273697,0.0,0.0,0.0,0.0,0.5712301405426466,0.0,0.3469476375193095,0.0,0.0,0.4215534845138666,0.410164662834628,0.0,0.8215957054618852,0.0,0.0,0.0274190598462375,0.0,0.0,0.0,0.0,0.4626401049117082,0.0,0.0,0.0,0.3849739789516647,0.0,0.0,0.0,0.2705138880726174,0.0,0.0,0.0,0.0
0.015713599259312,0.0,0.160386012085608,0.0071347340555133,0.0830645188807403,0.4363718772397627,0.1392497786801233,0.3842226005813711,0.1936167560805274,0.6850220432265629,0.0,0.0,0.2767410874574287,0.0,0.0,0.0,0.6916428670726967,0.3966553791564798,0.0487404715244141,0.0,0.0,0.0,0.3318749065142017,0.6162865195154328,0.3107635186020814,0.4907913944811007,0.0,0.2096037186981151,0.0,0.0,0.0,0.344938943223502,0.4362246894222208,0.0,0.0,0.0,0.1064448898042743,0.3258290830843252,0.3026238284131972,0.4108570125008408,0.0593830372258757,0.0,0.0,0.0,0.0,0.0,0.0,0.0,0.0,0.0,0.0,0.0,0.0,0.0,0.3755446803450087,0.0,0.7577404408469637,0.4814413889487791,0.0,0.0,0.0,0.2623150286538094,0.0842341324001518,0.0,0.0,0.0,0.0,0.0,0.3977490913032603,0.0,0.3067464358675435,0.0,0.266505524553302,0.0,0.0,0.2115163860995218
0.088993559400652,0.6788377565890689,0.4718068135875758,0.0786484970976578,0.5044315304581749,0.7816032734088602,0.6100938889195814,0.1902400921228373,0.5369930728035892,0.0873880970285684,0.3704868468894818,0.2767410874574287,0.0,0.0,0.5341932790025705,0.4772800097830242,0.2593032945301291,0.3589970857642925,0.3674916095214074,0.4494959832346766,0.1941117133935249,0.5545710088602347,0.2991271696812934,0.0,0.3241455365095535,0.6371091193510818,0.399925401278111,0.5542240033609784,0.5805882330651857,0.1731972943573449,0.0,0.0,0.1537410553661262,0.0809029629809642,0.0,0.0,0.0,0.0,0.0,0.1630912972594289,0.0882066967770108,0.112837858883908,0.0,0.0,0.0731142620063631,0.0,0.0,0.3195128885402041,0.0,0.0,0.1888224237716445,0.1389480471110714,0.1452246807250876,0.0,0.0,0.3719240164875292,0.2528413342527124,0.0,0.0,0.4712507735023364,0.0,0.0,0.0,0.0,0.3271894618827899,0.0,0.3621663305090339,0.1769746565896136,0.0,0.0,0.2352554301095508,0.1445631945996181,0.0,0.0,0.0,0.0
0.0,0.0,0.0951224133106762,0.363310528148115,0.4175158979874172,0.0,0.0737578819622997,0.2412429361215931,0.2680641779284768,0.0,0.385005079306398,0.0,0.0,0.0,0.0,0.0,0.0,0.0,0.3826493599784049,0.0,0.4025134147901626,0.0,0.2788315726869345,0.0,0.0,0.0,0.2428682729252159,0.0,0.0,0.0,0.1735042275601508,0.0,0.0,0.4344203827706377,0.0,0.4086543734277648,0.1312498583914924,0.0,0.0,0.0,0.0,0.0,0.4768414093163838,0.0,0.0,0.0,0.0,0.0,0.0,0.0,0.0,0.0,0.0,0.0,0.0,0.1774179224008721,0.0,0.0,0.0,0.0,0.0,0.0,0.0,0.0,0.0,0.0,0.0,0.3044722561619014,0.0,0.0,0.0,0.1975709228949519,0.0,0.0,0.0,0.0
0.1451581739813327,0.4085199356477791,0.0,0.0,0.0,0.6177142348685523,0.0,0.207197074921775,0.0,0.0,0.0,0.0,0.5341932790025705,0.0,0.0,0.3145743950868685,0.0,0.0742547762344888,0.0,0.6602456167324328,0.4309142765687315,0.4882746498649764,0.3899049057982249,0.0,0.2058783395840573,0.3483927687070384,0.6781471417665423,0.1821718224761518,0.6128389739823765,0.0,0.0,0.0,0.0,0.1112374382897303,0.0,0.0,0.0,0.0,0.0,0.0,0.0,0.1761781554479405,0.0,0.0,0.0,0.0,0.2272909404654383,0.0,0.0,0.0,0.1336770009894419,0.0,0.3239149864659154,0.0,0.0,0.0,0.0,0.0,0.0,0.7944285939233242,0.0,0.0,0.0,0.0,0.3028476857497927,0.2833858795276134,0.2865398170608708,0.3978201895090625,0.0,0.0,0.0890001608550404,0.5118827357806051,0.0,0.0084728364480466,0.0,0.0
0.3240086404622431,0.7278974751557753,0.0,0.0,0.3261438871618641,0.464567806535624,0.4968615407178801,0.0,0.2813753092819929,0.1817035183786272,0.0,0.0,0.4772800097830242,0.0,0.3145743950868685,0.0,0.420761933941858,0.7763007248606232,0.0,0.3744308304205354,0.1221910999281887,0.5753800547747568,0.0365117907950993,0.077832260593043,0.6229712795929435,0.6003898743166787,0.1800972541676109,0.5262363643830622,0.6079969577551628,0.0,0.0484120395616668,0.2840043575501187,0.5241314771039048,0.0509149122644076,0.0,0.0,0.0,0.0,0.3023540820585065,0.4738472307855945,0.3349811391233466,0.0,0.0,0.0,0.0,0.0,0.3479078247146897,0.0,0.0,0.0,0.0,0.0,0.0,0.0,0.0,0.0,0.0,0.0,0.0,0.2298361636834038,0.2813489567622464,0.0,0.2190680495910306,0.0,0.4123849416765234,0.0,0.5164378414441435,0.0,0.0,0.0,0.2122019836984837,0.0424634501128199,0.0,0.1294021945554506,0.0,0.2271729567466784
0.1589033308489136,0.4883674622987526,0.0,0.0,0.0,0.3043079793981113,0.2778477884503152,0.0,0.0,0.8060029867048586,0.0,0.6916428670726967,0.2593032945301291,0.0,0.0,0.420761933941858,0.0,0.8200639867367031,0.0,0.0,0.0,0.2941974501872359,0.0,0.6219014808552291,0.5963522365797734,0.5378769410297136,0.0,0.4065548471864681,0.0557305460683571,0.0,0.1910931456540973,0.6181774991723515,0.5892007415707731,0.0,0.0,0.0,0.0,0.3262582049069634,0.0,0.4901705969550281,0.0,0.0,0.0,0.0,0.0,0.0,0.0,0.0,0.0,0.0,0.0,0.0,0.0,0.0,0.4328199978683393,0.0,0.4149114442413961,0.0,0.0,0.0,0.0,0.4720240461492435,0.4171931706813914,0.0,0.0,0.0,0.0,0.0,0.4217836831569594,0.1359621328618465,0.3004403248143151,0.0,0.0,0.0,0.0,0.0
0.3761688525664986,0.6628807990135236,0.0,0.0,0.0,0.3500624922139921,0.4310266588986885,0.0,0.1009111850407693,0.5382200455132483,0.0,0.3966553791564798,0.3589970857642925,0.0,0.0742547762344888,0.7763007248606232,0.8200639867367031,0.0,0.0,0.1775887703984054,0.0,0.4367700663502444,0.0,0.4549582852607737,0.7199627964899898,0.6453018423132382,0.0,0.6195516762119149,0.4054689709834633,0.0,0.1980058880675225,0.5916697037637064,0.6311432085184158,0.0,0.0,0.0,0.0,0.0,0.5762812982602711,0.4861643999769398,0.3098303229997376,0.0,0.0,0.0,0.0,0.0356013756960963,0.1987183531505098,0.0,0.0,0.0,0.0,0.0,0.0,0.0,0.1671704261770068,0.0,0.1185449594244851,0.0,0.0,0.0,0.5011773472457212,0.3833829715383477,0.5960322940510032,0.0,0.0,0.0,0.5541137632618838,0.0,0.282181340844487,0.132524150121295,0.332582883043099,0.0,0.0,0.0,0.0,0.5440404334856802
0.0,0.0,0.6227786260077823,0.0,0.589963792316733,0.3481975521784095,0.2978384997434708,0.2848985866075465,0.6344827068149168,0.0452835905502841,0.4137274747493059,0.0487404715244141,0.3674916095214074,0.3826493599784049,0.0,0.0,0.0,0.0,0.0,0.0,0.0,0.0,0.333435907496568,0.0,0.0,0.0,0.416547367408876,0.2851998058024062,0.0,0.0,0.0505720658410123,0.0,0.0,0.2022827800644182,0.0,0.1046924026036739,0.1241167582603231,0.0,0.0,0.0,0.0,0.0,0.0726499992372376,0.0,0.0,0.0,0.0,0.3293337941083511,0.0,0.2603796686275496,0.2569901097061261,0.0,0.4254933359986363,0.4810743049827995,0.0,0.4009309300416611,0.0,0.0684667845898324,0.1168785896068711,0.0,0.0,0.0,0.0,0.6518144871320694,0.0,0.0,0.0,0.350798410115712,0.0,0.0,0.0,0.4078535417540752,0.0,0.0,0.0,0.0
0.3055136908058525,0.4473152063077173,0.0,0.0,0.5405936093185346,0.4320453197346772,0.2664166338780043,0.2114949236386737,0.6196251939513179,0.0,0.0,0.0,0.4494959832346766,0.0,0.6602456167324328,0.3744308304205354,0.0,0.1775887703984054,0.0,0.0,0.4586631849292782,0.6790142209132336,0.3660970514626225,0.0,0.4041034458085145,0.3714691421216733,0.6587450520499569,0.3714558316414616,0.6668409822816557,0.4521037231572813,0.0,0.0,0.0011034362561382,0.146749650829903,0.0,0.0,0.0,0.0,0.0,0.0848939015286658,0.0,0.2702600520128035,0.0,0.0,0.0,0.0,0.42504124987524,0.0,0.0,0.0,0.1585705363233963,0.0,0.3009730759448226,0.0,0.0,0.0,0.0,0.0,0.0,0.5206992675096209,0.0,0.0,0.0,0.0,0.4839515861830911,0.3228954638259472,0.4944960599031895,0.3314880663856959,0.0,0.0652461469869534,0.343266515627865,0.5778669982792521,0.0,0.3153768855804783,0.0,0.0
0.4072797687285936,0.0604698338594654,0.0,0.0,0.0,0.2986979450358717,0.0,0.4169668171448998,0.0,0.0,0.0,0.0,0.1941117133935249,0.4025134147901626,0.4309142765687315,0.1221910999281887,0.0,0.0,0.0,0.4586631849292782,0.0,0.2951267699436631,0.5623620604258278,0.0,0.2533201185618371,0.1518455227915495,0.4771570223244095,0.0503076448245428,0.4514427902289499,0.0,0.0816438329793747,0.0,0.0,0.2718238659427605,0.0,0.0,0.0,0.0,0.0,0.0,0.0,0.1411206512839436,0.0,0.0,0.0,0.2461045007616724,0.3387951502736532,0.0,0.0,0.0,0.1467614457346435,0.0,0.5127779163024102,0.0,0.0,0.0,0.0,0.0,0.0,0.295686486520275,0.0,0.0,0.0,0.0,0.0726983996191022,0.6337417374290393,0.0570721337272258,0.5161146381745132,0.0,0.1825136575967476,0.3813699197920134,0.4459683909578329,0.0,0.2319936589177562,0.0,0.0
0.3780832219073135,0.6139095683779437,0.0,0.0,0.5949260557794266,0.4547079256533878,0.4426037360129101,0.1250861955662023,0.5888525236793881,0.1734283434366627,0.0,0.0,0.5545710088602347,0.0,0.4882746498649764,0.5753800547747568,0.2941974501872359,0.4367700663502444,0.0,0.6790142209132336,0.2951267699436631,0.0,0.2433114486817445,0.0,0.5270429078973285,0.5985566822183921,0.433662310041486,0.5507929387564136,0.5695019306258621,0.2700701477318141,0.0492115866291295,0.0,0.2363390098985316,0.1735414950738386,0.0,0.0,0.0,0.0,0.0,0.3517578584368546,0.1039612874331229,0.1328723591809506,0.0,0.0,0.0,0.0427768879102672,0.4982822530381771,0.0,0.0,0.0,0.0198996675362692,0.0,0.0,0.0,0.0,0.0,0.0,0.0,0.0,0.333634683037572,0.0492254027497752,0.0,0.0184351639541084,0.0,0.4649553012399419,0.0514355726362656,0.6169550201331335,0.0991320020064584,0.0,0.0,0.3935796438120436,0.1703145479179182,0.1047429510129737,0.0643361479916737,0.0,0.0
0.2056369186190629,0.2623837075739169,0.4970084601847509,0.1809213602582477,0.3634193374630356,0.6129183256878016,0.1361714860918178,0.8613196862997397,0.5486886825200341,0.1416231793747379,0.3485794210409177,0.3318749065142017,0.2991271696812934,0.2788315726869345,0.3899049057982249,0.0365117907950993,0.0,0.0,0.333435907496568,0.3660970514626225,0.5623620604258278,0.2433114486817445,0.0,0.0,0.2622385502416332,0.3079418043081651,0.4792569015067122,0.0,0.1340129726492125,0.2875832703288553,0.0,0.0,0.0,0.1250658273929437,0.0,0.0,0.0,0.0,0.0,0.0,0.0,0.0893122767318996,0.0970438444228658,0.0,0.0,0.0,0.2595982694666093,0.3969132076323069,0.0,0.3159993897434246,0.3734911261226153,0.115500537436395,0.7858396370350007,0.3649003037475689,0.0,0.360949091558858,0.0,0.0,0.0663377169664056,0.3291989119698918,0.0,0.0,0.0,0.3665587060472778,0.1172162187114791,0.2296563254221566,0.1074547604509571,0.8661695915912216,0.0,0.0067434451021662,0.2755578219179543,0.2675154452198163,0.0,0.0,0.0,0.0
0.1732671089186712,0.0,0.0,0.0,0.0,0.0,0.0,0.0893624751433274,0.0,0.5754477646632419,0.0,0.6162865195154328,0.0,0.0,0.0,0.077832260593043,0.6219014808552291,0.4549582852607737,0.0,0.0,0.0,0.0,0.0,0.0,0.3337023360247416,0.2902362792825976,0.0,0.1574117775234733,0.0,0.0,0.2992108344566121,0.7047509483062468,0.5929160588523233,0.0,0.0,0.0,0.2439695579571627,0.5027792412444775,0.6855774444799215,0.3929399371374585,0.1494798969158707,0.0,0.0,0.0,0.0,0.2773894323334544,0.0,0.0,0.0,0.0,0.0,0.0,0.0,0.0,0.3035781467346532,0.0,0.3475312812382987,0.0,0.0,0.0,0.4337581467527319,0.229036193738408,0.494982136421384,0.0,0.0,0.0,0.0,0.0,0.9022852997631204,0.289198438431016,0.4377533297243706,0.0,0.6331821357309236,0.0,0.0,0.7247797844089774
0.5322298089268362,0.7577787663801142,0.0,0.0,0.30729139339911,0.500792868779225,0.4527918129996986,0.2225552874317853,0.3720822356907687,0.457660192088156,0.0,0.3107635186020814,0.3241455365095535,0.0,0.2058783395840573,0.6229712795929435,0.5963522365797734,0.7199627964899898,0.0,0.4041034458085145,0.2533201185618371,0.5270429078973285,0.2622385502416332,0.3337023360247416,0.0,0.7596089585012076,0.2212962099316882,0.3996007939272636,0.4516595614179999,0.0,0.0509088744478678,0.3741551013970491,0.4304508853493465,0.0,0.0,0.0,0.0,0.0519878552491768,0.3180307395081377,0.4259309472500923,0.1570492051359402,0.0,0.0,0.0,0.0,0.0596067119571622,0.3611341565626438,0.0,0.0,0.0,0.0,0.0,0.0,0.0,0.1094780809477953,0.0,0.1365379375274609,0.386888433718669,0.0,0.0678849369666974,0.2945927063054602,0.1495952496386502,0.2914242594639677,0.0,0.5597172733941814,0.0,0.5565718888906551,0.1219351740732524,0.1729488690925555,0.2860772511164673,0.4715031390996839,0.0,0.0,0.1255819732726486,0.0,0.2622328761335168
0.4020136299166899,0.8241248253777254,0.0,0.0,0.2841218045193734,0.7300297592656559,0.4191157465085511,0.1930340176717977,0.4341881223705746,0.2873709064848828,0.1092758950382493,0.4907913944811007,0.6371091193510818,0.0,0.3483927687070384,0.6003898743166787,0.5378769410297136,0.6453018423132382,0.0,0.3714691421216733,0.1518455227915495,0.5985566822183921,0.3079418043081651,0.2902362792825976,0.7596089585012076,0.0,0.1769884372690724,0.5078275254679311,0.4198514460969172,0.0,0.0,0.2484535248371318,0.4354395553367999,0.0,0.0,0.0,0.0,0.07103817698799,0.1745082225167034,0.4709153719343973,0.1384178826475517,0.0,0.0,0.0,0.0,0.0,0.2688856374532018,0.0,0.0,0.0,0.2339435374051267,0.0,0.0,0.0,0.0,0.0,0.2254350174092219,0.3497005278790679,0.0,0.2916940829446041,0.03412470520244,0.0,0.0840641868294647,0.0,0.6010800293026528,0.0,0.6573497287378626,0.158404530934711,0.0811951539074163,0.0,0.5234873935552445,0.0681955010910467,0.2034411927254935,0.0,0.0,0.0529509417760611
0.280795144543969,0.3101287449656149,0.6208820958763139,0.0142795809466462,0.5273061395284673,0.4409025105683083,0.1815987593207048,0.2994817708495736,0.6019265841164751,0.0,0.4305793373708204,0.0,0.399925401278111,0.2428682729252159,0.6781471417665423,0.1800972541676109,0.0,0.0,0.416547367408876,0.6587450520499569,0.4771570223244095,0.433662310041486,0.4792569015067122,0.0,0.2212962099316882,0.1769884372690724,0.0,0.0084677837605127,0.6007088061386441,0.3782255782996802,0.0,0.0,0.0,0.1371776251077555,0.0,0.0,0.0,0.0,0.0,0.0,0.0,0.2110009167560809,0.0,0.0,0.0,0.0,0.4165828417621615,0.3535535386684062,0.0,0.2204295002323659,0.128598978288924,0.0,0.3255075930349616,0.3253709293301778,0.0,0.3993831651680755,0.0,0.0,0.0,0.528444009368887,0.0,0.0,0.0,0.4589406353409018,0.0429103411332302,0.3481846267078764,0.0349917242400785,0.4229637380648984,0.0,0.0,0.0901936919043125,0.6109508061236908,0.0,0.1302961228930097,0.0,0.0
0.2323515515683683,0.4635017914941191,0.23780326964628,0.0,0.1712433365962222,0.2375380503629272,0.4678797357489171,0.0,0.2027177497997707,0.1842679785487884,0.0,0.2096037186981151,0.5542240033609784,0.0,0.1821718224761518,0.5262363643830622,0.4065548471864681,0.6195516762119149,0.2851998058024062,0.3714558316414616,0.0503076448245428,0.5507929387564136,0.0,0.1574117775234733,0.3996007939272636,0.5078275254679311,0.0084677837605127,0.0,0.4159003579668707,0.1195521776064497,0.222218652083369,0.3268055119449152,0.3743626770706789,0.0,0.0,0.0808185292706688,0.2666706433806423,0.1047983337374987,0.2876352045355188,0.3328696270524893,0.1875355322146936,0.0,0.0,0.0,0.0,0.0,0.0,0.0692216279826993,0.0,0.0,0.1235234439724131,0.0,0.0,0.3336464980657169,0.1064006412527566,0.0,0.1125501866790552,0.5132488331686059,0.0,0.1175173732998112,0.0,0.0,0.0,0.0,0.5550133566452459,0.0,0.5909441600562482,0.0,0.0,0.0928552991729155,0.4068229560808626,0.0442246157606228,0.6021923503014555,0.2203048748032312,0.0,0.2519563224661949
0.3776023325474425,0.5991347410881849,0.0,0.0,0.4900948336841393,0.5495034598964171,0.3734594851029237,0.0,0.438957014261741,0.0,0.0,0.0,0.5805882330651857,0.0,0.6128389739823765,0.6079969577551628,0.0557305460683571,0.4054689709834633,0.0,0.6668409822816557,0.4514427902289499,0.5695019306258621,0.1340129726492125,0.0,0.4516595614179999,0.4198514460969172,0.6007088061386441,0.4159003579668707,0.0,0.2918900342026597,0.0,0.0,0.0369316623013633,0.0834301108558247,0.0,0.0,0.0,0.0,0.0,0.0788450001009674,0.1155368386014388,0.1074946821920891,0.0,0.0,0.0,0.0,0.3731180415632458,0.1582758354377022,0.0,0.0,0.1361232993948131,0.0,0.006194631871969,0.3448445259527901,0.0,0.0,0.0,0.0967339373199973,0.0,0.5034453778323711,0.0,0.0,0.0,0.0,0.339631006532581,0.2598949400283174,0.3584888203920541,0.0813678656081514,0.0,0.0,0.2019095224145134,0.5265317304851966,0.0,0.45455307436349,0.0,0.0
0.0,0.0,0.0,0.0,0.0,0.0392385051815101,0.0,0.2341758415439097,0.4405014899370001,0.0,0.0,0.0,0.1731972943573449,0.0,0.0,0.0,0.0,0.0,0.0,0.4521037231572813,0.0,0.2700701477318141,0.2875832703288553,0.0,0.0,0.0,0.3782255782996802,0.1195521776064497,0.2918900342026597,0.0,0.0,0.0,0.0,0.2801949588204535,0.0649397973962906,0.0,0.0,0.0,0.0,0.0,0.0,0.0,0.0,0.0,0.0,0.0,0.0,0.0,0.0,0.0,0.0,0.0,0.0,0.0,0.0,0.0,0.0,0.0,0.0,0.0,0.0,0.0,0.0,0.0,0.0,0.0,0.0,0.352013492275799,0.0,0.0,0.0,0.405298228435523,0.0,0.1436022487392495,0.0,0.0
0.166480512686724,0.0,0.0,0.0,0.0706776851769637,0.0,0.2490596152809877,0.0,0.0,0.2992917095956342,0.0,0.0,0.0,0.1735042275601508,0.0,0.0484120395616668,0.1910931456540973,0.1980058880675225,0.0505720658410123,0.0,0.0816438329793747,0.0492115866291295,0.0,0.2992108344566121,0.0509088744478678,0.0,0.0,0.222218652083369,0.0,0.0,0.0,0.3356261080191534,0.2378992922297021,0.3345502368769338,0.1260926973873977,0.2005848688031758,0.5197434038970677,0.2842298629828871,0.376405043750523,0.189096321294554,0.1626135842859407,0.0,0.3260295048551558,0.0,0.0,0.0,0.1699587491336936,0.0,0.0,0.0,0.0,0.0,0.0,0.0,0.4754447517562726,0.0,0.0,0.0,0.0,0.0,0.4109040857270641,0.3595636400388588,0.385408815227154,0.0,0.0,0.2500654631394434,0.0240121144983163,0.0,0.3321733730118565,0.4576428669051509,0.2602412960890871,0.0,0.4469960555982784,0.1841904894926837,0.0,0.430025443472758
0.2425631059182773,0.1642477176718212,0.0,0.0,0.0,0.0,0.0147679418297385,0.0,0.0,0.4013401921607291,0.0,0.344938943223502,0.0,0.0,0.0,0.2840043575501187,0.6181774991723515,0.5916697037637064,0.0,0.0,0.0,0.0,0.0,0.7047509483062468,0.3741551013970491,0.2484535248371318,0.0,0.3268055119449152,0.0,0.0,0.3356261080191534,0.0,0.5919230545025966,0.0,0.0,0.0,0.241172373370194,0.5060423827695505,0.9095635215615429,0.3932109298833371,0.2938592386775289,0.0,0.0,0.6294485922063692,0.0,0.2525662259354853,0.0,0.0,0.0,0.0542553055381327,0.1632025613096202,0.4511493733791575,0.0,0.1387848059169242,0.1039015796875075,0.0,0.0,0.6449631264705716,0.0,0.0,0.6180546414716542,0.1955706854647182,0.5990842744692002,0.0293272400026595,0.3814339685916304,0.0,0.3872643038703616,0.0,0.6424927230763952,0.2244311222656165,0.2098387954490516,0.0,0.8100609176382845,0.1942825913987803,0.0,0.8454471893390055
0.296059203615835,0.3698423701881754,0.0766667280011762,0.0,0.0015164930890808,0.1695753313761566,0.2334660036816105,0.0,0.0793483333881965,0.3910159565036706,0.0,0.4362246894222208,0.1537410553661262,0.0,0.0,0.5241314771039048,0.5892007415707731,0.6311432085184158,0.0,0.0011034362561382,0.0,0.2363390098985316,0.0,0.5929160588523233,0.4304508853493465,0.4354395553367999,0.0,0.3743626770706789,0.0369316623013633,0.0,0.2378992922297021,0.5919230545025966,0.0,0.0,0.0,0.0,0.0667261608215334,0.4157073526431102,0.6608721278797379,0.7730519397107187,0.4522840375272672,0.0,0.0,0.0,0.0468732988166074,0.0661973559954275,0.1101311851626876,0.0,0.0,0.0,0.0,0.0,0.0,0.0,0.0575521815408329,0.0,0.097453129764255,0.0,0.0,0.0,0.3555023145308155,0.1083627096702822,0.3619110057430861,0.0,0.4519794055596856,0.0,0.5650116708558863,0.0,0.4565563475126928,0.0,0.2482408172763755,0.0,0.5694530811980845,0.0,0.0,0.6463745616099451
0.0262749061828573,0.0,0.0,0.27708709245329,0.3066472551394367,0.0477067595332816,0.2300821047723593,0.1961326072557644,0.2923092451460654,0.0,0.2901015946015603,0.0,0.0809029629809642,0.4344203827706377,0.1112374382897303,0.0509149122644076,0.0,0.0,0.2022827800644182,0.146749650829903,0.2718238659427605,0.1735414950738386,0.1250658273929437,0.0,0.0,0.0,0.1371776251077555,0.0,0.0834301108558247,0.2801949588204535,0.3345502368769338,0.0,0.0,0.0,0.1762090512079802,0.0206947495229073,0.1509532209842732,0.0,0.0,0.0460504316724322,0.2230832703649297,0.1876856726593133,0.2853133279519795,0.0,0.3067409533825706,0.0,0.3938916731812313,0.0,0.0,0.0,0.0,0.0,0.1807327379812275,0.0,0.144709279560924,0.0,0.0,0.0,0.0,0.0020422078788624,0.0,0.0407271319493682,0.0,0.0,0.0,0.34546155491401,0.0,0.0,0.0,0.0079442033833396,0.0104967926369442,0.0,0.0,0.0,0.0,0.0
0.0,0.0,0.0,0.0812710195016089,0.0,0.0,0.0,0.0133920152701658,0.0,0.0,0.0,0.0,0.0,0.0,0.0,0.0,0.0,0.0,0.0,0.0,0.0,0.0,0.0,0.0,0.0,0.0,0.0,0.0,0.0,0.0649397973962906,0.1260926973873977,0.0,0.0,0.1762090512079802,0.0,0.1215566730861527,0.0886370308452547,0.0,0.0,0.0,0.0,0.158250335200359,0.1502571435433077,0.0,0.0,0.0,0.0,0.0,0.0,0.0,0.0,0.0,0.0,0.0,0.0,0.0,0.0,0.0,0.0,0.0,0.0,0.0,0.0,0.0,0.0,0.0,0.0,0.0,0.0,0.0,0.0,0.0,0.0,0.0,0.0,0.0
0.0,0.0,0.0,0.1037266888018773,0.0,0.0,0.0,0.0,0.0,0.0,0.0,0.0,0.0,0.4086543734277648,0.0,0.0,0.0,0.0,0.1046924026036739,0.0,0.0,0.0,0.0,0.0,0.0,0.0,0.0,0.0808185292706688,0.0,0.0,0.2005848688031758,0.0,0.0,0.0206947495229073,0.1215566730861527,0.0,0.4596159618296007,0.0,0.0,0.0,0.0,0.1874341287729118,0.5605340243011595,0.1966646487734125,0.0,0.0,0.0,0.0,0.0,0.0,0.1185189382406737,0.0,0.0939827906460929,0.0,0.0,0.0,0.1125257488548302,0.041285023527067,0.0,0.0,0.0,0.0,0.0,0.0,0.0,0.0,0.0,0.0888053703926436,0.0,0.0,0.0,0.094029734527005,0.1037817540244917,0.1250542360785193,0.0,0.0
0.0,0.0,0.0,0.0,0.0,0.0,0.1780857462636838,0.1401597632297959,0.0,0.2084961124149482,0.0,0.1064448898042743,0.0,0.1312498583914924,0.0,0.0,0.0,0.0,0.1241167582603231,0.0,0.0,0.0,0.0,0.2439695579571627,0.0,0.0,0.0,0.2666706433806423,0.0,0.0,0.5197434038970677,0.241172373370194,0.0667261608215334,0.1509532209842732,0.0886370308452547,0.4596159618296007,0.0,0.1900622529139321,0.2898535478133492,0.0,0.0399858298652269,0.0,0.4899849840387614,0.0,0.0,0.0,0.0,0.0,0.0,0.0,0.0,0.0,0.0,0.0,0.0,0.0,0.0,0.0,0.0,0.0,0.0,0.0,0.0,0.0,0.0,0.0,0.0,0.0,0.0,0.0,0.0,0.0,0.0,0.0,0.0,0.0
0.0305115128384004,0.0,0.0,0.0,0.0,0.0,0.0,0.0,0.0,0.2641350034992233,0.0,0.3258290830843252,0.0,0.0,0.0,0.0,0.3262582049069634,0.0,0.0,0.0,0.0,0.0,0.0,0.5027792412444775,0.0519878552491768,0.07103817698799,0.0,0.1047983337374987,0.0,0.0,0.2842298629828871,0.5060423827695505,0.4157073526431102,0.0,0.0,0.0,0.1900622529139321,0.0,0.5561956207439765,0.4224814990057101,0.2781014738331956,0.0,0.0,0.0,0.0506489681823226,0.0,0.0,0.0,0.0,0.0,0.0,0.0,0.0,0.0,0.0849501767295842,0.0,0.0502044970778166,0.0,0.0,0.0,0.0,0.0,0.0,0.0,0.0,0.0,0.0,0.0,0.5015258062205279,0.0207445854836257,0.0543407408440147,0.0,0.50483683747547,0.0,0.0,0.0
0.1512560690286457,0.1372583126436799,0.0,0.0,0.0,0.0,0.0044870661087977,0.0,0.0,0.389874606979412,0.0,0.3026238284131972,0.0,0.0,0.0,0.3023540820585065,0.0,0.5762812982602711,0.0,0.0,0.0,0.0,0.0,0.6855774444799215,0.3180307395081377,0.1745082225167034,0.0,0.2876352045355188,0.0,0.0,0.376405043750523,0.9095635215615429,0.6608721278797379,0.0,0.0,0.0,0.2898535478133492,0.5561956207439765,0.0,0.4329068508018079,0.3682096491664936,0.0,0.0,0.5995619621577885,0.0,0.2190842112821845,0.0,0.0,0.5511442628054574,0.0068313270863924,0.1615476710536876,0.4604004186657853,0.0,0.0846414757803218,0.1395935859918161,0.0,0.0,0.679221264217881,0.0,0.0,0.6860895925270084,0.2340485247059045,0.6305002977411888,0.0,0.3720326098923956,0.0,0.3879151707485384,0.0,0.6849967414905118,0.1879148934833653,0.2095507727998207,0.0,0.853854188663776,0.2463961603512376,0.8462953046949921,0.9491942133437934
0.2512412250643043,0.410040886395854,0.0,0.0,0.0,0.0,0.0,0.0,0.0,0.3498986214851228,0.0,0.4108570125008408,0.1630912972594289,0.0,0.0,0.4738472307855945,0.4901705969550281,0.4861643999769398,0.0,0.0848939015286658,0.0,0.3517578584368546,0.0,0.3929399371374585,0.4259309472500923,0.4709153719343973,0.0,0.3328696270524893,0.0788450001009674,0.0,0.189096321294554,0.3932109298833371,0.7730519397107187,0.0460504316724322,0.0,0.0,0.0,0.4224814990057101,0.4329068508018079,0.0,0.4237362909947657,0.0,0.0,0.2428598127363732,0.0876553774045952,0.0698421567778668,0.2183625795464839,0.0,0.0,0.2697112663940509,0.014039405433969,0.3806149956751832,0.0,0.3608153430284348,0.1318372402458391,0.0,0.0934827274533792,0.3610594232957804,0.0,0.0341972856316071,0.279651556468165,0.1601177059475796,0.2226577726724957,0.1930337560375567,0.4025425004614517,0.0,0.5490748362731039,0.0,0.3139568561372639,0.0577112925262702,0.2839091337411291,0.0,0.4475419335559296,0.0245691588152333,0.3830389957432086,0.4171068770410501
0.1136619679488278,0.2147987871731592,0.0,0.0,0.0,0.05985220259279,9.593483455053522e-06,0.0,0.0147577456208424,0.0883285890168928,0.0,0.0593830372258757,0.0882066967770108,0.0,0.0,0.3349811391233466,0.0,0.3098303229997376,0.0,0.0,0.0,0.1039612874331229,0.0,0.1494798969158707,0.1570492051359402,0.1384178826475517,0.0,0.1875355322146936,0.1155368386014388,0.0,0.1626135842859407,0.2938592386775289,0.4522840375272672,0.2230832703649297,0.0,0.0,0.0399858298652269,0.2781014738331956,0.3682096491664936,0.4237362909947657,0.0,0.0,0.0,0.1164554085555265,0.0714805020754935,0.0,0.1139853793845946,0.0,0.1521269907184095,0.023341124186062,0.0,0.1583025508449734,0.0,0.0386378488229089,0.0,0.0,0.0,0.2546062523491377,0.0121801039163574,0.0,0.2793196428106304,0.0570050411840215,0.2068688306114237,0.0302122942213213,0.1485882327642565,0.0,0.2427626753598673,0.0,0.1283417436177624,0.0,0.0309264160796265,0.0,0.2709619007287806,0.0779321491577331,0.3189757432603518,0.3287440456231486
0.0,0.0,0.0,0.0,0.0,0.014312080060946,0.0,0.0,0.0,0.0,0.0,0.0,0.112837858883908,0.0,0.1761781554479405,0.0,0.0,0.0,0.0,0.2702600520128035,0.1411206512839436,0.1328723591809506,0.0893122767318996,0.0,0.0,0.0,0.2110009167560809,0.0,0.1074946821920891,0.0,0.0,0.0,0.0,0.1876856726593133,0.158250335200359,0.1874341287729118,0.0,0.0,0.0,0.0,0.0,0.0,0.0959855775094696,0.0,0.0219905476688523,0.0,0.067341230415701,0.1341734414857985,0.0,0.005241421591288,0.0,0.0,0.0898022755516288,0.0219128765232729,0.0,0.1121101761876185,0.0,0.0,0.0,0.170146695656758,0.0,0.0,0.0,0.1000389760035746,0.0,0.2540744467367742,0.0,0.1339791159057528,0.0,0.0,0.0,0.216846850374048,0.0,0.0,0.0,0.0
0.0,0.0,0.0,0.0,0.0552765525451193,0.0,0.1043203461455324,0.2315614450444487,0.001877698620588,0.0,0.0194754839273697,0.0,0.0,0.4768414093163838,0.0,0.0,0.0,0.0,0.0726499992372376,0.0,0.0,0.0,0.0970438444228658,0.0,0.0,0.0,0.0,0.0,0.0,0.0,0.3260295048551558,0.0,0.0,0.2853133279519795,0.1502571435433077,0.5605340243011595,0.4899849840387614,0.0,0.0,0.0,0.0,0.0959855775094696,0.0,0.1426079901029724,0.0,0.0,0.0,0.0,0.1918787718273298,0.0633670824154054,0.0,0.0,0.2420083915523717,0.0,0.2925726110056951,0.0,0.2097669958843426,0.0,0.4074315426845153,0.0,0.0,0.1307551157906225,0.0,0.0,0.0,0.2269478575921137,0.0,0.1285808642365183,0.0470967162716454,0.2246684475918813,0.0642188037685306,0.0,0.0,0.0,0.0,0.0
0.0,0.0,0.0,0.0,0.0,0.0,0.0,0.0,0.0,0.0,0.0,0.0,0.0,0.0,0.0,0.0,0.0,0.0,0.0,0.0,0.0,0.0,0.0,0.0,0.0,0.0,0.0,0.0,0.0,0.0,0.0,0.6294485922063692,0.0,0.0,0.0,0.1966646487734125,0.0,0.0,0.5995619621577885,0.2428598127363732,0.1164554085555265,0.0,0.1426079901029724,0.0,0.0,0.0,0.0,0.0,0.589710465551482,0.0103908511539959,0.2764896855980089,0.4727592541740928,0.0,0.062767281416329,0.2890395965278771,0.0,0.1948828133252004,0.6267787436153647,0.1812793098699561,0.0,0.0,0.0,0.0,0.0,0.0,0.0,0.0,0.0,0.0,0.0,0.0,0.0,0.7081837281218573,0.1788820149313003,0.0,0.6299376361425773
0.0,0.0,0.0,0.0,0.0,0.0,0.0,0.0,0.0,0.0335609338351006,0.0,0.0,0.0731142620063631,0.0,0.0,0.0,0.0,0.0,0.0,0.0,0.0,0.0,0.0,0.0,0.0,0.0,0.0,0.0,0.0,0.0,0.0,0.0,0.0468732988166074,0.3067409533825706,0.0,0.0,0.0,0.0506489681823226,0.0,0.0876553774045952,0.0714805020754935,0.0219905476688523,0.0,0.0,0.0,0.0507054871485879,0.0,0.0,0.0,0.1344161844028837,0.0,0.0,0.0,0.0658885178256725,0.1382831072323202,0.2158139402981545,0.0,0.0,0.0,0.0,0.0,0.0616207843692901,0.0,0.0908097963508444,0.0,0.0,0.0,0.0,0.0,0.0590501798426328,0.0146267783395358,0.0288434050329266,0.0,0.0,0.0,0.0
0.3536783061680846,0.0,0.0,0.0,0.0,0.0,0.0,0.0,0.0,0.0646900952296172,0.0,0.0,0.0,0.0,0.0,0.0,0.0,0.0356013756960963,0.0,0.0,0.2461045007616724,0.0427768879102672,0.0,0.2773894323334544,0.0596067119571622,0.0,0.0,0.0,0.0,0.0,0.0,0.2525662259354853,0.0661973559954275,0.0,0.0,0.0,0.0,0.0,0.2190842112821845,0.0698421567778668,0.0,0.0,0.0,0.0,0.0507054871485879,0.0,0.012000926590559,0.0,0.0,0.0,0.0,0.0,0.0,0.0,0.0,0.0,0.0,0.1517628236351308,0.0,0.0,0.490757128767501,0.0,0.410387178540162,0.0,0.1805958435041267,0.3291728492552315,0.1549721901894501,0.0,0.3702857822562456,0.4352088738565345,0.3587831708339012,0.2219593362488018,0.3645612671607143,0.5433182538506106,0.0,0.3651068509545234
0.2065264110070144,0.4298616106082952,0.0,0.0,0.0,0.3186197407695418,0.0,0.0,0.0,0.0,0.0,0.0,0.0,0.0,0.2272909404654383,0.3479078247146897,0.0,0.1987183531505098,0.0,0.42504124987524,0.3387951502736532,0.4982822530381771,0.2595982694666093,0.0,0.3611341565626438,0.2688856374532018,0.4165828417621615,0.0,0.3731180415632458,0.0,0.1699587491336936,0.0,0.1101311851626876,0.3938916731812313,0.0,0.0,0.0,0.0,0.0,0.2183625795464839,0.1139853793845946,0.067341230415701,0.0,0.0,0.0,0.012000926590559,0.0,0.0,0.0,0.0,0.1998106597382121,0.1131286197600081,0.3374989642358942,0.3086461051396053,0.3750021812103817,0.0,0.0,0.0292379874656187,0.0,0.1306305136229442,0.0,0.2958152581105728,0.0,0.0,0.0889374138329038,0.3168642292754178,0.2342451381893934,0.2226492573746177,0.0,0.3784573347573176,0.473982329650417,0.2195302419591917,0.0,0.1123737556280271,0.0,0.0
0.0,0.0,0.6917776566466299,0.0,0.2968615941539672,0.4703565472636291,0.0623466934506417,0.3223925622906842,0.4613316130914057,0.0,0.5712301405426466,0.0,0.3195128885402041,0.0,0.0,0.0,0.0,0.0,0.3293337941083511,0.0,0.0,0.0,0.3969132076323069,0.0,0.0,0.0,0.3535535386684062,0.0692216279826993,0.1582758354377022,0.0,0.0,0.0,0.0,0.0,0.0,0.0,0.0,0.0,0.0,0.0,0.0,0.1341734414857985,0.0,0.0,0.0,0.0,0.0,0.0,0.0,0.4160395612601512,0.2510831104560821,0.0,0.4198707122107047,0.72363284533343,0.0,0.7444371274163143,0.2357409729037736,0.0,0.0,0.0,0.0,0.0,0.0,0.6270800768427858,0.0,0.0121006944166054,0.0,0.5017002185575598,0.0,0.0,0.275435776120949,0.3216158478530292,0.0,0.0,0.0,0.0
0.0,0.0,0.0,0.0,0.0,0.0,0.0,0.0,0.0,0.0,0.0,0.0,0.0,0.0,0.0,0.0,0.0,0.0,0.0,0.0,0.0,0.0,0.0,0.0,0.0,0.0,0.0,0.0,0.0,0.0,0.0,0.0,0.0,0.0,0.0,0.0,0.0,0.0,0.5511442628054574,0.0,0.1521269907184095,0.0,0.1918787718273298,0.589710465551482,0.0,0.0,0.0,0.0,0.0,0.1804441463443231,0.259368433553018,0.6017619335407159,0.0174644283809149,0.111994917591905,0.0,0.0,0.0,0.4837027299275369,0.1046288700225156,0.0,0.0,0.0,0.0,0.0,0.0,0.0,0.0,0.0,0.0,0.0,0.0,0.0,0.576495006746728,0.0,0.0,0.0
0.0,0.0,0.2695220791131464,0.0,0.3545931727162176,0.3225516388614321,0.0,0.3803872575278235,0.5124242591109638,0.0,0.3469476375193095,0.0,0.0,0.0,0.0,0.0,0.0,0.0,0.2603796686275496,0.0,0.0,0.0,0.3159993897434246,0.0,0.0,0.0,0.2204295002323659,0.0,0.0,0.0,0.0,0.0542553055381327,0.0,0.0,0.0,0.0,0.0,0.0,0.0068313270863924,0.2697112663940509,0.023341124186062,0.005241421591288,0.0633670824154054,0.0103908511539959,0.1344161844028837,0.0,0.0,0.4160395612601512,0.1804441463443231,0.0,0.1855686372304362,0.4949263988841787,0.3673852713896061,0.5556115486217666,0.4225043700816532,0.4841362869995151,0.3780584500391147,0.1918815734030543,0.1963946254223341,0.0,0.0,0.0,0.0,0.3858828098440941,0.0,0.0,0.0,0.2502289726743785,0.0,0.0,0.0,0.0016929653953558,0.0,0.0,0.0,0.0
