0.0,0.6680301900646864,0.0,0.0,0.0,0.7203729787992684,0.0,0.5270455237121584,0.0,0.4197907682036803,0.0,0.3869687637090572,0.0,0.0,0.7295918904917147,0.789074768574576,0.7052083292122485,0.5524940336465411,0.0,0.6018685732049093,0.8608489697503521,0.6985075780968817,0.672782091571905,0.6203558570664441,0.7497032374345224,0.3755030878264833,0.6716011251182342,0.3330509782131342,0.7741100242431023,0.0,0.549160778265896,0.032369992908776,0.556213340112452,0.0,0.6437049504497936,0.0,0.0,0.0,0.3518994997921731,0.5349483858321228,0.6522229190213479,0.0,0.0,0.0,0.0,0.9610328545989808,0.6766630106335167,0.0,0.0,0.0,0.0,0.0,0.0,0.0,0.0,0.0,0.0,0.0,0.0,0.0,0.3065250691263152,0.0,0.0597734421679678,0.0,0.0,0.8840949102111311,0.5748970885147119,0.0,0.5127761027256509,0.2929238328358606,0.2599829639138757,0.0,0.0,0.0,0.0,0.0
0.6680301900646864,0.0,0.0,0.0,0.2738571796352811,0.786523391256638,0.760045677477442,0.3844785717733217,0.4731579413488643,0.0,0.0,0.0,0.7665310986683684,0.0,0.6957814995168283,0.790286190114346,0.0,0.8654970881026655,0.0,0.7682923594029707,0.5454756021553956,0.8664161844709193,0.5328099315007216,0.0,0.921028049949132,0.81982783713796,0.6327677365097348,0.4077716281981809,0.7941219287426342,0.0,0.3828191520202956,0.0982111159678663,0.5237523113949538,0.0379679291334685,0.4637182676686799,0.0,0.0,0.0,0.3087577236372505,0.4896089000426674,0.5144949562853031,0.4364545517533966,0.0,0.0,0.0,0.614421049056132,0.7670699203264129,0.0,0.0,0.0,0.0,0.0,0.0,0.0,0.0,0.0,0.0,0.0,0.0,0.6764301230026208,0.4080957033354824,0.0,0.1581904762903929,0.0,0.6989930213789609,0.5359349751194505,0.7717678646238869,0.4421396914804934,0.0,0.6455904433211193,0.5058964173375978,0.5467140063589823,0.0,0.5393175621438877,0.0,0.5195652735766753
0.0,0.0,0.0,0.0,0.741745390874086,0.6861905072441729,0.5774860018720137,0.5546595201884036,0.8159427382393447,0.3952262659323603,0.8995756354576304,0.0,0.5905942963953692,0.3057022028644848,0.0,0.0,0.0,0.0,0.8960217629797129,0.0,0.0,0.0,0.6304545321802516,0.0,0.0,0.0,0.8238893646201622,0.6942309845633954,0.0,0.385401188352732,0.4632984000651416,0.0,0.0,0.0,0.061662261466638,0.0,0.2102508829521601,0.0,0.0,0.0,0.0,0.0,0.3011636467721382,0.0,0.0,0.0,0.0,0.7542310022537136,0.0,0.5584758076234779,0.6403805477956214,0.0,0.5383134938022517,0.7989582903105857,0.0,0.8739457046067928,0.0,0.0,0.1011246629786563,0.0,0.0,0.0,0.0,0.819484503228792,0.0,0.0,0.0,0.6545075665682909,0.0,0.0,0.0,0.8313668712991652,0.0,0.0,0.0,0.0
0.0,0.0,0.0,0.0,0.1858398292735118,0.2087559039875155,0.1797280151279945,0.1260832545977808,0.1652570743794037,0.0,0.0,0.0,0.1759602085143692,0.2288144588456684,0.0,0.0,0.0,0.0,0.002612459476673,0.0,0.0,0.0,0.1276127686297304,0.0,0.0,0.0,0.1541885450405212,0.1850815783066016,0.0,0.0,0.0,0.0,0.0,0.1033561541043697,0.0870168220049552,0.1371733101014894,0.4133749557192759,0.0,0.0,0.0,0.0,0.0,0.0,0.0,0.0,0.0,0.0,0.0,0.0,0.0,0.0,0.0,0.0,0.0,0.0,0.0,0.0,0.0,0.0,0.0,0.0,0.0,0.0,0.0,0.0,0.0,0.0,0.0,0.0,0.0,0.0,0.0,0.0,0.0,0.0,0.0
0.0,0.2738571796352811,0.741745390874086,0.1858398292735118,0.0,0.4976523346722126,0.2812331380137174,0.3771923446978977,0.6958017188125868,0.0430219416221926,0.8536904925749899,0.0,0.4019141212808624,0.5129544149085077,0.0,0.0,0.0,0.0,0.6407468146157334,0.5969442779533494,0.0,0.4821203610914524,0.4016717796547186,0.0,0.3493694669727449,0.0,0.6556201143199646,0.6892515056171961,0.426584011591341,0.0,0.4340224586804057,0.0,0.0,0.1150442259802718,0.0,0.2299214737486729,0.1207186921225444,0.1713798371517176,0.0,0.0,0.0,0.0,0.4475071829734947,0.0,0.0,0.0,0.0,0.669878195218948,0.0,0.0,0.0,0.0,0.4224293346516652,0.6625899441746395,0.0,0.8090083362806604,0.0,0.0,0.0,0.0,0.0,0.0,0.0,0.0,0.0,0.0,0.0,0.4987647379122417,0.0,0.0,0.0,0.6830567714719858,0.0,0.0,0.0,0.0
0.7203729787992684,0.786523391256638,0.6861905072441729,0.2087559039875155,0.4976523346722126,0.0,0.8140562369992314,0.7281003788139327,0.8127783051170369,0.4497107435758321,0.5589080696751055,0.0,0.9003008571476387,0.2417456972408114,0.8030337574884199,0.792710663998182,0.0,0.6748741181616849,0.4957495626518265,0.7747939877807805,0.7487390918475576,0.7916919736120971,0.8430925679611389,0.0,0.7841585709023654,0.4825270860534036,0.907320213075732,0.5836120036930568,0.846435003505523,0.5357559456951896,0.5879909881967451,0.0,0.2824891323566848,0.0,0.5122729713925104,0.0,0.3441828367807241,0.0,0.0354296570040154,0.0,0.3892988183805171,0.3939812746642253,0.3478447151371387,0.0,0.0,0.0,0.0,0.2953559704934371,0.0,0.0,0.6718219340223742,0.7098150516469596,0.6814503772653798,0.8278971997508441,0.0,0.6238200591739018,0.0,0.6971953835937973,0.0,0.7534800105929678,0.0,0.0,0.0,0.4566492490322837,0.6736465427203764,0.7387805267919572,0.7338674107093865,0.7860582456044136,0.0,0.0,0.0,0.6290234519876164,0.3171120591348735,0.3389662716328683,0.0,0.3615228359216195
0.0,0.760045677477442,0.5774860018720137,0.1797280151279945,0.2812331380137174,0.8140562369992314,0.0,0.484041580418143,0.6971937827863416,0.5227171803083882,0.3896927184198095,0.5138598239951534,0.8104020272939201,0.0355851484080171,0.0,0.8050489663016659,0.8497215224066604,0.7503356134660228,0.4378278242185754,0.6831882248003261,0.0,0.7367340481937512,0.6372766329580065,0.5247351731331962,0.7652942227805486,0.5150493424625041,0.769982462432044,0.4331139936445466,0.7700328152416018,0.0,0.4811804961736798,0.0307804528010381,0.4663839349359105,0.0,0.5106621882704625,0.0,0.3183564243875957,0.1784252308310522,0.0,0.0,0.0,0.0,0.0,0.0,0.0,0.0,0.0,0.0,0.0,0.0,0.6157520784801439,0.0,0.0,0.0,0.0,0.0,0.0,0.0,0.0,0.0,0.0,0.0,0.0,0.0,0.0,0.0,0.0,0.5892786412168501,0.0,0.0,0.0,0.5778399099332552,0.0,0.0,0.0,0.0
0.5270455237121584,0.3844785717733217,0.5546595201884036,0.1260832545977808,0.3771923446978977,0.7281003788139327,0.484041580418143,0.0,0.6565805626807438,0.5480285081097381,0.4613007477719137,0.0,0.6462404422723419,0.0616636584320083,0.5318058610358255,0.3988231454860399,0.0,0.2369835264781568,0.377330641871375,0.3896738262008958,0.7090744246374933,0.3726156231704739,0.9264843217810064,0.0921062107512135,0.350699978770662,0.0215670919644244,0.7004680121268871,0.514164221109696,0.3797567969085864,0.3172914611330827,0.4756178378961492,0.0,0.0,0.0,0.2128856990336003,0.0,0.4455759366801449,0.0,0.0,0.0,0.0529213992003853,0.0,0.0863869131553441,0.0,0.0,0.0,0.0,0.3305423134677294,0.0,0.7278151677889197,0.4230730464425363,0.7522871393316006,0.91638758958408,0.6592969746202472,0.0,0.6470864471656562,0.0,0.5293034526904227,0.0531986115893254,0.4532462847428821,0.0,0.0,0.0,0.3866330853670578,0.3784059811521842,0.6666338310958093,0.0,0.8508458284101974,0.0,0.0,0.0,0.3893511565295047,0.3158322875238051,0.0,0.0,0.1525226757922999
0.0,0.4731579413488643,0.8159427382393447,0.1652570743794037,0.6958017188125868,0.8127783051170369,0.6971937827863416,0.6565805626807438,0.0,0.4906307965236021,0.7917653693349578,0.2679743307802519,0.7366116348100854,0.1452465872544147,0.0,0.575368350148905,0.0,0.0,0.6006092503185776,0.7135850745728609,0.0,0.6499057759237009,0.7583505144064102,0.0,0.0,0.0,0.9046760520814134,0.7163064744821475,0.6196070353560108,0.4476857189619438,0.6035500413418813,0.0,0.0,0.0,0.2390215901593232,0.0,0.4037836333383879,0.4029325222779599,0.0,0.0,0.0,0.0,0.2345005201732718,0.0,0.0,0.0,0.0,0.4090852027487198,0.0,0.0,0.5299980650698014,0.0,0.6603855995773507,0.9937192778196408,0.0,0.8513073107757192,0.0,0.0,0.1497064649960299,0.0,0.0,0.0,0.0,0.5617306326538052,0.0,0.0,0.0,0.7466786324804572,0.0,0.0,0.0,0.6940399570198074,0.0,0.0,0.0,0.0
0.4197907682036803,0.0,0.3952262659323603,0.0,0.0430219416221926,0.4497107435758321,0.5227171803083882,0.5480285081097381,0.4906307965236021,0.0,0.1873172593618768,0.6609626791988991,0.4619209751948376,0.0,0.0,0.3814063190515405,0.6006980274153548,0.3290660720431425,0.2363081732237238,0.0,0.0,0.2417118743861181,0.5820056524310261,0.2630876817846966,0.2127277220892089,0.0691791288667413,0.4045454510167429,0.3336703785036067,0.0,0.0,0.1736580928178761,0.0,0.0448523782895778,0.0,0.3269277846700826,0.0,0.3499689957671688,0.2496949564814747,0.0,0.0880319452353981,0.0581913968249063,0.0,0.0,0.0,0.1871262133875094,0.0,0.0,0.0,0.0,0.0,0.0,0.0,0.0,0.0,0.2849066980873683,0.0,0.6310356014982054,0.0,0.0,0.0,0.0,0.2486172360781,0.2563611378829948,0.0,0.0,0.0,0.0,0.0,0.0526835008417279,0.0732918002405498,0.2482357947449578,0.0,0.2865754747788879,0.0,0.0,0.3961141948674163
0.0,0.0,0.8995756354576304,0.0,0.8536904925749899,0.5589080696751055,0.3896927184198095,0.4613007477719137,0.7917653693349578,0.1873172593618768,0.0,0.0191067903028183,0.4550369536222908,0.374104339649116,0.0,0.0,0.0,0.0,0.8178150257824951,0.0,0.0,0.0,0.4962532693456439,0.0,0.0,0.0,0.7498688163440683,0.7029268393046382,0.0,0.0,0.4127156362622381,0.0,0.0,0.0,0.0,0.0905471135567626,0.1705129320117609,0.2174638202637257,0.0,0.0,0.0,0.0,0.3154633761185079,0.0,0.0,0.0,0.0,0.7671485370188299,0.0,0.6304103160801908,0.5063026944674338,0.498515377547158,0.4749544813125799,0.7548439546097294,0.0,0.9444960663183166,0.0,0.5825435221413382,0.1263015174823476,0.0,0.0,0.0,0.0,0.7555525453939607,0.0,0.0,0.0,0.54365925980665,0.0,0.0,0.0,0.7077420539436569,0.0,0.0,0.0,0.0
0.3869687637090572,0.0,0.0,0.0,0.0,0.0,0.5138598239951534,0.0,0.2679743307802519,0.6609626791988991,0.0191067903028183,0.0,0.3868749297187567,0.0,0.0,0.0,0.7295012195291771,0.5181711635824207,0.0,0.0,0.0,0.0,0.0,0.7464493972780472,0.4195948154421169,0.4893957112784323,0.0,0.0227139731388244,0.0,0.0,0.0,0.0,0.3758096288791047,0.0,0.4467697806513962,0.0,0.0998553982703373,0.0,0.3528650097257947,0.4912866185326857,0.3156364627716991,0.0,0.0,0.0,0.2474812545759561,0.0,0.0,0.0,0.0,0.0,0.0,0.0,0.0,0.0,0.0,0.0,0.8190484301526546,0.0,0.0,0.0,0.0,0.0,0.0,0.0,0.0,0.0,0.0,0.0,0.6033376039622806,0.1350165679993841,0.3369469209876581,0.0,0.0,0.0,0.0,0.5127307274347643
0.0,0.7665310986683684,0.5905942963953692,0.1759602085143692,0.4019141212808624,0.9003008571476387,0.8104020272939201,0.6462404422723419,0.7366116348100854,0.4619209751948376,0.4550369536222908,0.3868749297187567,0.0,0.1319081904927031,0.7282386861944581,0.7994294187887272,0.7489931594505481,0.6950890794957106,0.4219421510788281,0.708547839865205,0.6852253736962665,0.7410047025112717,0.7018270485567765,0.3535512841827015,0.7258516535043978,0.427706823783833,0.7712087969585434,0.6740260150245407,0.7944966436455029,0.6097601534480486,0.6597821121882983,0.0,0.3022682897438852,0.0,0.439234130500556,0.0,0.4364947151889956,0.3589765363184261,0.0383362799096241,0.0,0.0,0.0,0.2952546846056805,0.0,0.0,0.0,0.0,0.1421565466801138,0.0,0.0,0.5539708909904227,0.0,0.60866915436374,0.0,0.0,0.0,0.0,0.0,0.0,0.0,0.0,0.0,0.0,0.0,0.0,0.0,0.0,0.633051837263007,0.0,0.0,0.0,0.4797483504261918,0.0,0.340002227288257,0.0,0.0
0.0,0.0,0.3057022028644848,0.2288144588456684,0.5129544149085077,0.2417456972408114,0.0355851484080171,0.0616636584320083,0.1452465872544147,0.0,0.374104339649116,0.0,0.1319081904927031,0.0,0.0,0.0,0.0,0.0,0.3017711167533429,0.0,0.0,0.0,0.1134538159414526,0.0,0.0,0.0,0.2376896913528112,0.2458754887097742,0.0,0.0,0.1372646975580071,0.0,0.0,0.243008609184249,0.0,0.3452387523491159,0.0,0.0,0.0,0.0,0.0,0.0,0.4237113899346301,0.0,0.0,0.0,0.0,0.3003236863007667,0.0,0.0,0.0,0.0,0.0,0.1515026454995929,0.0,0.3033699628217719,0.0,0.0,0.0,0.0,0.0,0.0,0.0,0.0,0.0,0.0,0.0,0.180741638041554,0.0,0.0,0.0,0.0,0.0,0.0,0.0,0.0
0.7295918904917147,0.6957814995168283,0.0,0.0,0.0,0.8030337574884199,0.0,0.5318058610358255,0.0,0.0,0.0,0.0,0.7282386861944581,0.0,0.0,0.7686956482804186,0.0,0.6863284033855864,0.0,0.9530426938953266,0.7022549301340559,0.91271930951774,0.6855637648482367,0.3815027367188305,0.7338910603750353,0.450834224556516,0.8805689411382976,0.6518845543284598,0.8314831007541897,0.0,0.6854747884525011,0.0,0.1645837056071916,0.0330706908663056,0.3996066129985731,0.0,0.0,0.0,0.0741934294298672,0.1864304665425263,0.3220475399004352,0.3025207468804557,0.0,0.0,0.0,0.0,0.8363632385241384,0.0,0.0,0.0,0.6040616907093769,0.0,0.57731394695783,0.0,0.0,0.0,0.0,0.0,0.0,0.9330547789247146,0.4267522725226434,0.0,0.0,0.0,0.8546217384298654,0.7448036700124154,0.8809217249092809,0.6667743679653153,0.0,0.0,0.3721278392776099,0.7082913087038366,0.4419873554749922,0.5102694470581157,0.0,0.4934242922440533
0.789074768574576,0.790286190114346,0.0,0.0,0.0,0.792710663998182,0.8050489663016659,0.3988231454860399,0.575368350148905,0.3814063190515405,0.0,0.0,0.7994294187887272,0.0,0.7686956482804186,0.0,0.8733605078531197,0.8399535097738806,0.0,0.7611192635908712,0.6843875422111968,0.8455177099081433,0.5863280055990616,0.6124320968448084,0.812354041553931,0.5387698951165888,0.6871130896503904,0.4070002945301458,0.85959517699329,0.5618597906399577,0.5815581933526527,0.0,0.5391192945583398,0.0,0.6429747814899301,0.0,0.0,0.0,0.3445222203049988,0.5038399484425847,0.5415395998521952,0.5806385723887535,0.0,0.0,0.0,0.7276226271454793,0.7653072556432564,0.0,0.0,0.0,0.0,0.0,0.0,0.0,0.0,0.0,0.0,0.0,0.0,0.7080701998595533,0.4645501607756742,0.0,0.1205380837042253,0.0,0.6661240740874783,0.6888261802942223,0.7764190274605888,0.0,0.0,0.4279706047302726,0.3568404921909678,0.0,0.0,0.0,0.0,0.6398163853817056
0.7052083292122485,0.0,0.0,0.0,0.0,0.0,0.8497215224066604,0.0,0.0,0.6006980274153548,0.0,0.7295012195291771,0.7489931594505481,0.0,0.0,0.8733605078531197,0.0,0.8546936441083277,0.0,0.7313134699348641,0.0,0.7998211435943944,0.0,0.7054368268403584,0.8090968537191063,0.682049177964304,0.0,0.3900359968585056,0.0,0.0,0.3692114556493489,0.025248520051523,0.5508776692902332,0.0,0.5486021607388667,0.0,0.0,0.099485916696609,0.0,0.5323864089927459,0.485162951195257,0.0,0.0,0.0,0.0,0.0,0.0,0.0,0.0,0.0,0.0,0.0,0.0,0.0,0.0,0.0,0.4154587938691211,0.0,0.0,0.0,0.0,0.0,0.1490954891677031,0.0,0.0,0.0,0.0,0.0,0.620096920495975,0.4825543676497714,0.4889155942351368,0.0,0.0,0.0,0.0,0.0
0.5524940336465411,0.8654970881026655,0.0,0.0,0.0,0.6748741181616849,0.7503356134660228,0.2369835264781568,0.0,0.3290660720431425,0.0,0.5181711635824207,0.6950890794957106,0.0,0.6863284033855864,0.8399535097738806,0.8546936441083277,0.0,0.0,0.7771037287715636,0.4068173043024667,0.8020856672068912,0.4091827939264134,0.5742884062571647,0.8385854603341564,0.7917213463413701,0.5831909215907666,0.4298115652170951,0.776126512511378,0.0,0.385918009589674,0.1325402705713088,0.5148277038633932,0.0322389730533469,0.3877810319710063,0.0,0.0,0.0,0.3390285590764232,0.4702850133313991,0.4250023935278994,0.3281029100595605,0.0,0.0,0.0,0.5096706898287776,0.7007454111345743,0.0,0.0,0.0,0.0,0.0,0.0,0.0,0.0,0.0,0.256643017050476,0.0,0.0,0.0,0.539839487344801,0.0,0.2624615508184499,0.0,0.0,0.0,0.7767556256131353,0.0,0.538212615316986,0.6761994281321803,0.5874333056746867,0.0,0.0,0.0,0.0,0.5475185487275926
0.0,0.0,0.8960217629797129,0.002612459476673,0.6407468146157334,0.4957495626518265,0.4378278242185754,0.377330641871375,0.6006092503185776,0.2363081732237238,0.8178150257824951,0.0,0.4219421510788281,0.3017711167533429,0.0,0.0,0.0,0.0,0.0,0.0,0.0,0.0,0.4047636211530916,0.0,0.0,0.0,0.609031998530984,0.6247112996965288,0.0,0.0,0.3053012678385819,0.0,0.0,0.0,0.0,0.0,0.023100373424826,0.0,0.0,0.0,0.0,0.0,0.3116845421121118,0.0,0.0,0.0,0.0,0.8048506342283893,0.0,0.0,0.5831858669909114,0.0,0.3634488497808728,0.6060213985345093,0.0,0.7577037098609906,0.0,0.0,0.0763785686478195,0.0,0.0,0.0,0.0,0.9419001546380088,0.0,0.0,0.0,0.4524910133470888,0.0,0.0,0.0,0.6895649082471862,0.0,0.0,0.0,0.0
0.6018685732049093,0.7682923594029707,0.0,0.0,0.5969442779533494,0.7747939877807805,0.6831882248003261,0.3896738262008958,0.7135850745728609,0.0,0.0,0.0,0.708547839865205,0.0,0.9530426938953266,0.7611192635908712,0.7313134699348641,0.7771037287715636,0.0,0.0,0.5307556812478685,1.0,0.5755408879863889,0.0,0.7725332320497464,0.5955444583412215,0.8109760588650948,0.65864065022142,0.8325365684587539,0.5991430361513397,0.5671345915482583,0.0,0.1845326631245713,0.0330505740395012,0.3197922152174477,0.0,0.1777476998196952,0.0,0.0970968141073375,0.1803621747368217,0.2954464504009972,0.3331424178470299,0.0,0.0,0.0,0.0,0.7736255451752028,0.0,0.0,0.0,0.6487465487566657,0.0,0.395285363401842,0.0,0.0,0.0,0.0,0.0,0.0,0.9000328471295354,0.0,0.0,0.0,0.0,0.924386733500528,0.5606194219933558,0.954128875757692,0.5465413018773505,0.0,0.0,0.4514050837939685,0.7411945447640248,0.5202709178218433,0.5746431788462049,0.0,0.5080204225020657
0.8608489697503521,0.5454756021553956,0.0,0.0,0.0,0.7487390918475576,0.0,0.7090744246374933,0.0,0.0,0.0,0.0,0.6852253736962665,0.0,0.7022549301340559,0.6843875422111968,0.0,0.4068173043024667,0.0,0.5307556812478685,0.0,0.6058883954625695,0.7764717490224395,0.396143481591221,0.5912881826780146,0.1237169831274485,0.7421271118436858,0.3624445730824943,0.7135938209601299,0.499906883132746,0.6718774721279147,0.0,0.3617475622485054,0.0,0.6222770875902641,0.0,0.0,0.0,0.1904146586205031,0.3563757489594172,0.4707544721301185,0.4750032051453874,0.0,0.0,0.0,0.846766713760403,0.7450125019463576,0.0,0.0,0.0,0.2641598912102782,0.0,0.7362351022872181,0.0,0.0,0.0,0.0,0.0,0.0,0.5425751676703668,0.0872832709141536,0.0,0.0,0.0,0.3782596483562328,0.9700529553976808,0.4942845068147613,0.6806629132688172,0.0,0.1360443900068899,0.014038396104887,0.2886693497164934,0.1929134167736418,0.1884787201757242,0.0,0.4767776887858793
0.6985075780968817,0.8664161844709193,0.0,0.0,0.4821203610914524,0.7916919736120971,0.7367340481937512,0.3726156231704739,0.6499057759237009,0.2417118743861181,0.0,0.0,0.7410047025112717,0.0,0.91271930951774,0.8455177099081433,0.7998211435943944,0.8020856672068912,0.0,1.0,0.6058883954625695,0.0,0.5601968595878039,0.0,0.8545449014022969,0.6486351686781799,0.7973991226059751,0.5807132957322808,0.8780430238178849,0.6249464185971363,0.573419222774381,0.0,0.3500883913326091,0.0612524181651881,0.438409579733606,0.0,0.1990336573968138,0.0,0.1967160144994464,0.3218977851394967,0.425186153294704,0.4144461847578229,0.0,0.0,0.0,0.6250916707634324,0.8023839688159866,0.0,0.0,0.0,0.6064702595628352,0.0,0.0,0.0,0.0,0.0,0.0,0.0,0.0,0.8586909421000961,0.4853666951858879,0.0,0.2759903875777194,0.0,0.8832451397628316,0.6175967780802887,0.936952020615166,0.5019388748100264,0.0,0.6006682979015275,0.4418568864000234,0.6604393613693986,0.0,0.6028737287809085,0.0,0.5488077856984028
0.672782091571905,0.5328099315007216,0.6304545321802516,0.1276127686297304,0.4016717796547186,0.8430925679611389,0.6372766329580065,0.9264843217810064,0.7583505144064102,0.5820056524310261,0.4962532693456439,0.0,0.7018270485567765,0.1134538159414526,0.6855637648482367,0.5863280055990616,0.0,0.4091827939264134,0.4047636211530916,0.5755408879863889,0.7764717490224395,0.5601968595878039,0.0,0.3104750285495292,0.555006461690217,0.1897433382695936,0.8403141353972682,0.4884053078240353,0.5734225058498499,0.377037276929648,0.5062632593512656,0.0,0.1427374217645661,0.0,0.3997084259571847,0.0,0.3626143492453714,0.0,0.0,0.120301397713631,0.1989728057980217,0.274626970184329,0.1547473398308964,0.0,0.0,0.0,0.8080137139135208,0.3217303805231097,0.0,0.653224609292182,0.5437918007968806,0.7422785027433776,0.8827052588907659,0.7685034343418696,0.0,0.6512451449937258,0.0,0.6052096910988546,0.1414134871273104,0.6330163544895807,0.0,0.0,0.0,0.4266885699019859,0.5376677163017294,0.7729643720749575,0.5806646211433152,0.9521043333792942,0.0,0.0,0.2149293441295982,0.5065811480897668,0.2961335521639047,0.1373690632821706,0.4142993465558521,0.3221849644251724
0.6203558570664441,0.0,0.0,0.0,0.0,0.0,0.5247351731331962,0.0921062107512135,0.0,0.2630876817846966,0.0,0.7464493972780472,0.3535512841827015,0.0,0.3815027367188305,0.6124320968448084,0.7054368268403584,0.5742884062571647,0.0,0.0,0.396143481591221,0.0,0.3104750285495292,0.0,0.6636878285187516,0.6696518744342785,0.2600193721149563,0.0,0.0,0.0,0.0386831555064351,0.1853033593816732,0.6839402078395289,0.0,0.6540678497515117,0.0,0.0,0.0,0.5936004870638361,0.7292837252861947,0.6913598488511995,0.0,0.0,0.0,0.2647084897641394,0.6273981981200167,0.0,0.0,0.0,0.0,0.0,0.0,0.0,0.0,0.0,0.0,0.4408152911368662,0.0,0.0,0.0,0.3926513008775191,0.0,0.0,0.0,0.0,0.0,0.0,0.0,0.9413276816933916,0.3113071071906242,0.4103157228043022,0.0,0.0,0.0,0.0,0.6416232710712351
0.7497032374345224,0.921028049949132,0.0,0.0,0.3493694669727449,0.7841585709023654,0.7652942227805486,0.350699978770662,0.0,0.2127277220892089,0.0,0.4195948154421169,0.7258516535043978,0.0,0.7338910603750353,0.812354041553931,0.8090968537191063,0.8385854603341564,0.0,0.7725332320497464,0.5912881826780146,0.8545449014022969,0.555006461690217,0.6636878285187516,0.0,0.7871125515787487,0.6923550118732532,0.416966313566498,0.8432464551947662,0.0,0.4819097874827399,0.127014881195409,0.5957005946055797,0.1178739859702092,0.5177120704675673,0.0,0.0,0.1544164294455193,0.3251611039791998,0.5184822082470633,0.5931650052350567,0.4629845528939693,0.0,0.0,0.0,0.7008431419280878,0.7939203567558075,0.0,0.0,0.0,0.0,0.0,0.0,0.0,0.0,0.0,0.0527656395207246,0.0,0.0,0.0,0.4501039005144603,0.0,0.1977640225580045,0.0,0.6993469116630577,0.5872301889906912,0.7885330432383393,0.0,0.6134147698472099,0.7384406304425305,0.5687213887336959,0.0,0.0,0.0,0.0,0.5993236741874068
0.3755030878264833,0.81982783713796,0.0,0.0,0.0,0.4825270860534036,0.5150493424625041,0.0215670919644244,0.0,0.0691791288667413,0.0,0.4893957112784323,0.427706823783833,0.0,0.450834224556516,0.5387698951165888,0.682049177964304,0.7917213463413701,0.0,0.5955444583412215,0.1237169831274485,0.6486351686781799,0.1897433382695936,0.6696518744342785,0.7871125515787487,0.0,0.3108707310820207,0.192057147265229,0.5563019262834149,0.0,0.1057823107098751,0.3576071505597611,0.576372189295756,0.1673445630662368,0.2714047774889688,0.0,0.0,0.0,0.4193870418919624,0.5051939283052382,0.4459764310471898,0.2690479008684243,0.0,0.0,0.0031558801638633,0.3506492481194313,0.4310686944937105,0.0,0.0,0.0,0.0,0.0,0.0,0.0,0.0,0.0,0.2180402301724744,0.0,0.0,0.5537837299661896,0.4504624913616083,0.0,0.1104374555106472,0.0,0.5880273616298429,0.1168736125429194,0.6262600177673803,0.1860377538667454,0.6459952764104953,0.6919724211217877,0.7272242091523272,0.45316234139225,0.0,0.6065533485036928,0.0,0.4161536063223967
0.6716011251182342,0.6327677365097348,0.8238893646201622,0.1541885450405212,0.6556201143199646,0.907320213075732,0.769982462432044,0.7004680121268871,0.9046760520814134,0.4045454510167429,0.7498688163440683,0.0,0.7712087969585434,0.2376896913528112,0.8805689411382976,0.6871130896503904,0.0,0.5831909215907666,0.609031998530984,0.8109760588650948,0.7421271118436858,0.7973991226059751,0.8403141353972682,0.2600193721149563,0.6923550118732532,0.3108707310820207,0.0,0.6426250219124832,0.777559866747614,0.490690155056724,0.6357369837832143,0.0,0.0917864963905346,0.0,0.3602020119281523,0.0,0.3304807213211826,0.0,0.0,0.0,0.2087706112249997,0.2377623785554264,0.354992423378847,0.0,0.0,0.0,0.8966592365314339,0.4612081312824048,0.0,0.0,0.6198841816809728,0.7746139892529111,0.7125690805403887,0.91075792678747,0.0,0.7976145395259203,0.0,0.6937953393450149,0.2396342064518787,0.8022644679206481,0.0,0.0,0.0,0.56297209438406,0.7411184662357767,0.7610422565241991,0.7675852107258176,0.8294238193129659,0.0,0.0,0.2834058030666182,0.7633204566302162,0.3894511386249076,0.3342702764173682,0.3684016050793716,0.3357141443819293
0.3330509782131342,0.4077716281981809,0.6942309845633954,0.1850815783066016,0.6892515056171961,0.5836120036930568,0.4331139936445466,0.514164221109696,0.7163064744821475,0.3336703785036067,0.7029268393046382,0.0227139731388244,0.6740260150245407,0.2458754887097742,0.6518845543284598,0.4070002945301458,0.3900359968585056,0.4298115652170951,0.6247112996965288,0.65864065022142,0.3624445730824943,0.5807132957322808,0.4884053078240353,0.0,0.416966313566498,0.192057147265229,0.6426250219124832,0.0,0.5194398195270218,0.5915915810265286,0.6849454244779989,0.0,0.0,0.1803807980986811,0.0,0.0099054876415098,0.3130184713787691,0.3311932486101735,0.0,0.0,0.0,0.0,0.4011537343963702,0.0,0.0,0.0,0.0,0.0,0.0,0.0,0.4651112250551211,0.0,0.5360220923445348,0.0,0.0,0.0,0.0,0.0,0.0,0.5561645472278391,0.0,0.0,0.0,0.0,0.5522053205130452,0.3978463371723473,0.0,0.5233736499432388,0.0,0.0,0.0,0.5552543690796701,0.680837190860595,0.1833826786013883,0.0,0.1518215644263166
0.7741100242431023,0.7941219287426342,0.0,0.0,0.426584011591341,0.846435003505523,0.7700328152416018,0.3797567969085864,0.6196070353560108,0.0,0.0,0.0,0.7944966436455029,0.0,0.8314831007541897,0.85959517699329,0.0,0.776126512511378,0.0,0.8325365684587539,0.7135938209601299,0.8780430238178849,0.5734225058498499,0.0,0.8432464551947662,0.5563019262834149,0.777559866747614,0.5194398195270218,0.0,0.6658267423273612,0.6609485050198222,0.0020508807585885,0.4419547299123578,0.1425545963252515,0.6129385901180283,0.0,0.2268675168969103,0.0,0.2365929025219063,0.0,0.4995583100027547,0.4593446334753455,0.0,0.0,0.0,0.0,0.8061284278623735,0.0,0.0,0.0,0.5636311205272486,0.0,0.408338807512897,0.0,0.0,0.0,0.0,0.587055016666632,0.0,0.7462765400708687,0.0,0.0,0.0,0.0,0.6624333758661998,0.7108153661053128,0.7674850710417931,0.5311394049770501,0.0,0.0,0.4030126009568445,0.5508915527603562,0.3256787255921934,0.6009465087554362,0.0,0.5152909724368566
0.0,0.0,0.385401188352732,0.0,0.0,0.5357559456951896,0.0,0.3172914611330827,0.4476857189619438,0.0,0.0,0.0,0.6097601534480486,0.0,0.0,0.5618597906399577,0.0,0.0,0.0,0.5991430361513397,0.499906883132746,0.6249464185971363,0.377037276929648,0.0,0.0,0.0,0.490690155056724,0.5915915810265286,0.6658267423273612,0.0,0.6468411296860935,0.0385779883621705,0.0,0.2023516484293169,0.2775578891315355,0.0,0.0,0.0,0.1078138140257131,0.0,0.0,0.0,0.0,0.0,0.0,0.0,0.0,0.0,0.0,0.0,0.0,0.0,0.0,0.0,0.0,0.0,0.0,0.0,0.0,0.0,0.0,0.0,0.0,0.0,0.5159012485843384,0.0,0.0,0.3650364836156655,0.0,0.0,0.0,0.3465053152040852,0.0,0.0,0.0,0.0
0.549160778265896,0.3828191520202956,0.4632984000651416,0.0,0.4340224586804057,0.5879909881967451,0.4811804961736798,0.4756178378961492,0.6035500413418813,0.1736580928178761,0.4127156362622381,0.0,0.6597821121882983,0.1372646975580071,0.6854747884525011,0.5815581933526527,0.3692114556493489,0.385918009589674,0.3053012678385819,0.5671345915482583,0.6718774721279147,0.573419222774381,0.5062632593512656,0.0386831555064351,0.4819097874827399,0.1057823107098751,0.6357369837832143,0.6849454244779989,0.6609485050198222,0.6468411296860935,0.0,0.0,0.0411035530420869,0.3215486821635322,0.3022105709630724,0.0,0.4591403842008864,0.4948764157199855,0.0,0.0,0.2544766621527565,0.0,0.0,0.0,0.0,0.5377966150398962,0.61135661394863,0.0,0.0,0.0,0.2881718965238941,0.0,0.5514948491700817,0.0,0.0,0.0,0.0,0.0,0.0,0.5343665240247142,0.1961778262226371,0.0,0.4222883857252875,0.0,0.4040964447974386,0.6632391947826354,0.4661252061597801,0.5246669859547325,0.0,0.3200370301386291,0.1258722566245769,0.3878116228434879,0.3593812262206417,0.2155970322649476,0.0,0.3183869900419738
0.032369992908776,0.0982111159678663,0.0,0.0,0.0,0.0,0.0307804528010381,0.0,0.0,0.0,0.0,0.0,0.0,0.0,0.0,0.0,0.025248520051523,0.1325402705713088,0.0,0.0,0.0,0.0,0.0,0.1853033593816732,0.127014881195409,0.3576071505597611,0.0,0.0,0.0020508807585885,0.0385779883621705,0.0,0.0,0.5299561796974441,0.4398576717063185,0.0525875117150494,0.0,0.0,0.0,0.7158687228191029,0.4610225617464195,0.3132037306843487,0.0579340121859208,0.0,0.0,0.0630535940370474,0.186951479367076,0.0,0.0,0.0,0.0,0.0,0.0,0.0,0.0,0.0,0.0,0.0,0.0,0.0,0.0,0.1372818197446339,0.0,0.0,0.0,0.0,0.0,0.0,0.0,0.2785455488001043,0.2050158060101053,0.2511537150871626,0.0,0.0,0.2599683565277608,0.0,0.0668810420959906
0.556213340112452,0.5237523113949538,0.0,0.0,0.0,0.2824891323566848,0.4663839349359105,0.0,0.0,0.0448523782895778,0.0,0.3758096288791047,0.3022682897438852,0.0,0.1645837056071916,0.5391192945583398,0.5508776692902332,0.5148277038633932,0.0,0.1845326631245713,0.3617475622485054,0.3500883913326091,0.1427374217645661,0.6839402078395289,0.5957005946055797,0.576372189295756,0.0917864963905346,0.0,0.4419547299123578,0.0,0.0411035530420869,0.5299561796974441,0.0,0.1465754568315398,0.5899396381117511,0.0,0.0,0.0054318031501535,0.7189178108571402,0.8743870117374924,0.7558815792947321,0.5898569166007939,0.0,0.0,0.3025084366359964,0.6126394605919182,0.2463399095552089,0.0,0.0,0.0,0.0,0.0,0.0,0.0,0.0,0.0,0.1344438942935829,0.0,0.0,0.1767586500696733,0.2405289378018917,0.0,0.0,0.0,0.0736527521445784,0.3055145225293234,0.2105504885987268,0.0373174108438958,0.6730119009317912,0.2552817769066774,0.2764376586943284,0.0,0.0,0.391939520551871,0.0,0.4080351202358399
0.0,0.0379679291334685,0.0,0.1033561541043697,0.1150442259802718,0.0,0.0,0.0,0.0,0.0,0.0,0.0,0.0,0.243008609184249,0.0330706908663056,0.0,0.0,0.0322389730533469,0.0,0.0330505740395012,0.0,0.0612524181651881,0.0,0.0,0.1178739859702092,0.1673445630662368,0.0,0.1803807980986811,0.1425545963252515,0.2023516484293169,0.3215486821635322,0.4398576717063185,0.1465754568315398,0.0,0.0,0.2470841300348206,0.0,0.0474831100026606,0.0,0.0,0.1965194008456586,0.0,0.3637331568915756,0.0,0.0,0.0396227457666021,0.0,0.0,0.0,0.0,0.0,0.0,0.0,0.0,0.0042457845572377,0.0,0.0,0.0,0.0,0.0262690423560513,0.0406424584866288,0.0,0.1841388399032461,0.0,0.0,0.0,0.0,0.0,0.008492086560662,0.2918179224802076,0.1800127261250355,0.0,0.0,0.0680604896149585,0.0,0.0
0.6437049504497936,0.4637182676686799,0.061662261466638,0.0870168220049552,0.0,0.5122729713925104,0.5106621882704625,0.2128856990336003,0.2390215901593232,0.3269277846700826,0.0,0.4467697806513962,0.439234130500556,0.0,0.3996066129985731,0.6429747814899301,0.5486021607388667,0.3877810319710063,0.0,0.3197922152174477,0.6222770875902641,0.438409579733606,0.3997084259571847,0.6540678497515117,0.5177120704675673,0.2714047774889688,0.3602020119281523,0.0,0.6129385901180283,0.2775578891315355,0.3022105709630724,0.0525875117150494,0.5899396381117511,0.0,0.0,0.0,0.2888753541731838,0.2129371052660792,0.5299453193772384,0.6101907294561111,0.6654687401812522,0.8024301662976671,0.0061167387811397,0.0,0.3906355726948698,0.0,0.3752080479430069,0.0,0.0,0.0,0.0,0.0,0.0,0.0,0.0,0.0,0.2372991175815934,0.0,0.0,0.3651109515237149,0.2579780677947712,0.0,0.0,0.0,0.293744499221675,0.6265165725239639,0.3635418939192669,0.2352765672669701,0.0,0.0733456080013665,0.0764394482030183,0.0896928100706615,0.0,0.3367900876245822,0.0,0.0
0.0,0.0,0.0,0.1371733101014894,0.2299214737486729,0.0,0.0,0.0,0.0,0.0,0.0905471135567626,0.0,0.0,0.3452387523491159,0.0,0.0,0.0,0.0,0.0,0.0,0.0,0.0,0.0,0.0,0.0,0.0,0.0,0.0099054876415098,0.0,0.0,0.0,0.0,0.0,0.2470841300348206,0.0,0.0,0.0533959558403868,0.0,0.0,0.0,0.0,0.0,0.1635786086406977,0.3928884183858659,0.0,0.0,0.0,0.2189510996971889,0.0,0.0,0.0,0.0,0.0,0.0,0.0,0.0643367357453185,0.0,0.0,0.0,0.0,0.0,0.0,0.0,0.0,0.0,0.0,0.0,0.0,0.0,0.0,0.0,0.0,0.0486133541364351,0.0,0.0,0.0
0.0,0.0,0.2102508829521601,0.4133749557192759,0.1207186921225444,0.3441828367807241,0.3183564243875957,0.4455759366801449,0.4037836333383879,0.3499689957671688,0.1705129320117609,0.0998553982703373,0.4364947151889956,0.0,0.0,0.0,0.0,0.0,0.023100373424826,0.1777476998196952,0.0,0.1990336573968138,0.3626143492453714,0.0,0.0,0.0,0.3304807213211826,0.3130184713787691,0.2268675168969103,0.0,0.4591403842008864,0.0,0.0,0.0,0.2888753541731838,0.0533959558403868,0.0,0.3258229550509047,0.0,0.0,0.1266042011796433,0.2795799432181321,0.0,0.0,0.0,0.0,0.0,0.0,0.0,0.0,0.0,0.0,0.0,0.0,0.0,0.0,0.0,0.0,0.0,0.0,0.0,0.0,0.0,0.0,0.0,0.0,0.0,0.0,0.0,0.0,0.0,0.0,0.0,0.0,0.0,0.0
0.0,0.0,0.0,0.0,0.1713798371517176,0.0,0.1784252308310522,0.0,0.4029325222779599,0.2496949564814747,0.2174638202637257,0.0,0.3589765363184261,0.0,0.0,0.0,0.099485916696609,0.0,0.0,0.0,0.0,0.0,0.0,0.0,0.1544164294455193,0.0,0.0,0.3311932486101735,0.0,0.0,0.4948764157199855,0.0,0.0054318031501535,0.0474831100026606,0.2129371052660792,0.0,0.3258229550509047,0.0,0.0,0.0,0.1711236060228052,0.0743396003627047,0.0,0.0,0.4355324464336304,0.0,0.0,0.0,0.0,0.0,0.0,0.0,0.0,0.0,0.0547226655728647,0.0,0.0,0.0,0.0,0.0,0.0,0.0,0.0,0.0,0.0,0.0,0.0,0.0,0.0,0.0,0.0,0.0,0.0,0.0,0.0,0.0
0.3518994997921731,0.3087577236372505,0.0,0.0,0.0,0.0354296570040154,0.0,0.0,0.0,0.0,0.0,0.3528650097257947,0.0383362799096241,0.0,0.0741934294298672,0.3445222203049988,0.0,0.3390285590764232,0.0,0.0970968141073375,0.1904146586205031,0.1967160144994464,0.0,0.5936004870638361,0.3251611039791998,0.4193870418919624,0.0,0.0,0.2365929025219063,0.1078138140257131,0.0,0.7158687228191029,0.7189178108571402,0.0,0.5299453193772384,0.0,0.0,0.0,0.0,0.7975734565866511,0.5703347925812183,0.5571377718144996,0.0,0.0,0.2767384456101837,0.4863101413842349,0.0193501237742357,0.0,0.0,0.0,0.0406472973911173,0.0,0.0,0.0,0.0,0.0,0.1428582475528369,0.0,0.211552476563661,0.116488629001936,0.3340152571757233,0.0,0.0,0.0,0.0555830157227568,0.1704931746260785,0.1414897913808427,0.0,0.6626666803352369,0.110355724754406,0.2015362450744447,0.0,0.0,0.4167839754066921,0.6127067078079613,0.4309736707170903
0.5349483858321228,0.4896089000426674,0.0,0.0,0.0,0.0,0.0,0.0,0.0,0.0880319452353981,0.0,0.4912866185326857,0.0,0.0,0.1864304665425263,0.5038399484425847,0.5323864089927459,0.4702850133313991,0.0,0.1803621747368217,0.3563757489594172,0.3218977851394967,0.120301397713631,0.7292837252861947,0.5184822082470633,0.5051939283052382,0.0,0.0,0.0,0.0,0.0,0.4610225617464195,0.8743870117374924,0.0,0.6101907294561111,0.0,0.0,0.0,0.7975734565866511,0.0,0.7395291335329262,0.6796257972582889,0.0313282316376614,0.0,0.4575056487980923,0.6219466666571813,0.2129833975114301,0.0,0.0,0.0,0.1231067545240516,0.0259338711602246,0.0,0.0,0.0,0.0,0.2660694541718712,0.024039764231023,0.0,0.1908160579327091,0.3413653221269583,0.0,0.0,0.0,0.1367729631387169,0.3047937799882662,0.2428066103667972,0.0333501860419109,0.7381385271518885,0.2099309557622561,0.2336936890897131,0.0,0.0,0.410690617151097,0.6802989701251816,0.5004396780682335
0.6522229190213479,0.5144949562853031,0.0,0.0,0.0,0.3892988183805171,0.0,0.0529213992003853,0.0,0.0581913968249063,0.0,0.3156364627716991,0.0,0.0,0.3220475399004352,0.5415395998521952,0.485162951195257,0.4250023935278994,0.0,0.2954464504009972,0.4707544721301185,0.425186153294704,0.1989728057980217,0.6913598488511995,0.5931650052350567,0.4459764310471898,0.2087706112249997,0.0,0.4995583100027547,0.0,0.2544766621527565,0.3132037306843487,0.7558815792947321,0.1965194008456586,0.6654687401812522,0.0,0.1266042011796433,0.1711236060228052,0.5703347925812183,0.7395291335329262,0.0,0.6956284156022691,0.1055031061038066,0.0,0.379184391048342,0.6940221513735206,0.2882925404937063,0.0,0.0,0.0,0.0680129186106274,0.1617412473280794,0.0772104496201791,0.1422800005560335,0.0,0.0,0.0476969769212129,0.0067585462694478,0.2618955895759912,0.2698849586125097,0.3257600021657699,0.0,0.0,0.0,0.1835096226382064,0.4355173101064422,0.2911770539326184,0.1333961066987549,0.6671388540674208,0.2008401457743885,0.1643329821401665,0.0841878395045895,0.0,0.3600257735175012,0.5281722090180503,0.5278669705543846
0.0,0.4364545517533966,0.0,0.0,0.0,0.3939812746642253,0.0,0.0,0.0,0.0,0.0,0.0,0.0,0.0,0.3025207468804557,0.5806385723887535,0.0,0.3281029100595605,0.0,0.3331424178470299,0.4750032051453874,0.4144461847578229,0.274626970184329,0.0,0.4629845528939693,0.2690479008684243,0.2377623785554264,0.0,0.4593446334753455,0.0,0.0,0.0579340121859208,0.5898569166007939,0.0,0.8024301662976671,0.0,0.2795799432181321,0.0743396003627047,0.5571377718144996,0.6796257972582889,0.6956284156022691,0.0,0.0,0.0,0.3284795725168434,0.6300689590028644,0.2924248634656649,0.0,0.0,0.0,0.1125404250367178,0.193596076982609,0.0620791265417677,0.197411839986049,0.0,0.0,0.409586418922337,0.070982535109333,0.0,0.3034840869160437,0.3030979902777398,0.0,0.0,0.0,0.217685377891458,0.4762262646463031,0.3116785797658065,0.1712525319321104,0.6650936310741835,0.0021897318505556,0.0324944790796244,0.0842372739380276,0.0,0.2735503226168513,0.6831273439599223,0.5537608520020441
0.0,0.0,0.3011636467721382,0.0,0.4475071829734947,0.3478447151371387,0.0,0.0863869131553441,0.2345005201732718,0.0,0.3154633761185079,0.0,0.2952546846056805,0.4237113899346301,0.0,0.0,0.0,0.0,0.3116845421121118,0.0,0.0,0.0,0.1547473398308964,0.0,0.0,0.0,0.354992423378847,0.4011537343963702,0.0,0.0,0.0,0.0,0.0,0.3637331568915756,0.0061167387811397,0.1635786086406977,0.0,0.0,0.0,0.0313282316376614,0.1055031061038066,0.0,0.0,0.4598497891187154,0.0852274826475448,0.0,0.0,0.2037176549099391,0.0,0.0825437545811224,0.4075076264908516,0.1740028691753129,0.1751782820570483,0.310812910381014,0.0,0.2694019405666138,0.0,0.4515096212772368,0.5113710332366905,0.412861729780463,0.0,0.0,0.0,0.2296185468266343,0.4225803604651269,0.2184922738841362,0.3980130014592715,0.2216038951278029,0.1375681377899262,0.3715399210410234,0.1732636395125849,0.3869171445507257,0.3975890938105103,0.2556025796958251,0.0,0.1245981115813893
0.0,0.0,0.0,0.0,0.0,0.0,0.0,0.0,0.0,0.0,0.0,0.0,0.0,0.0,0.0,0.0,0.0,0.0,0.0,0.0,0.0,0.0,0.0,0.0,0.0,0.0,0.0,0.0,0.0,0.0,0.0,0.0,0.0,0.0,0.0,0.3928884183858659,0.0,0.0,0.0,0.0,0.0,0.0,0.4598497891187154,0.0,0.0,0.0,0.0,0.2155184677196557,0.0,0.0,0.1173447571489767,0.0,0.0,0.0,0.1039387001496458,0.0676468139258423,0.0109381136821983,0.1574709097898494,0.0975803711080818,0.0,0.0,0.0,0.0,0.0,0.0,0.0,0.0,0.0,0.0,0.0,0.0,0.1044345052105814,0.3895011530288393,0.0,0.0,0.0
0.0,0.0,0.0,0.0,0.0,0.0,0.0,0.0,0.0,0.1871262133875094,0.0,0.2474812545759561,0.0,0.0,0.0,0.0,0.0,0.0,0.0,0.0,0.0,0.0,0.0,0.2647084897641394,0.0,0.0031558801638633,0.0,0.0,0.0,0.0,0.0,0.0630535940370474,0.3025084366359964,0.0,0.3906355726948698,0.0,0.0,0.4355324464336304,0.2767384456101837,0.4575056487980923,0.379184391048342,0.3284795725168434,0.0852274826475448,0.0,0.0,0.47913860062479,0.0,0.0,0.0,0.0,0.0,0.4291596792108609,0.0,0.2241904395273744,0.0,0.0407444232637097,0.1629566968275849,0.1483273010504315,0.0,0.0,0.0,0.0161628743383484,0.0,0.0,0.0,0.0,0.0,0.0,0.2260452382145259,0.0,0.0,0.0,0.0410654851251962,0.0,0.0,0.3153478650196547
0.9610328545989808,0.614421049056132,0.0,0.0,0.0,0.0,0.0,0.0,0.0,0.0,0.0,0.0,0.0,0.0,0.0,0.7276226271454793,0.0,0.5096706898287776,0.0,0.0,0.846766713760403,0.6250916707634324,0.0,0.6273981981200167,0.7008431419280878,0.3506492481194313,0.0,0.0,0.0,0.0,0.5377966150398962,0.186951479367076,0.6126394605919182,0.0396227457666021,0.0,0.0,0.0,0.0,0.4863101413842349,0.6219466666571813,0.6940221513735206,0.6300689590028644,0.0,0.0,0.47913860062479,0.0,0.6294917026986452,0.0,0.0,0.0,0.2339114156885435,0.0,0.4496428620266537,0.0,0.0,0.0,0.0073264354641423,0.2796858199364693,0.0,0.480104041301585,0.3270942877480056,0.0,0.0666722834556013,0.0,0.35853272758313,0.8455355558304705,0.4972852752674085,0.4777859699189328,0.5685329151934346,0.3236159979978552,0.2367566950270533,0.239280840767731,0.0831726883562883,0.4282192516376934,0.0,0.6664499591976812
0.6766630106335167,0.7670699203264129,0.0,0.0,0.0,0.0,0.0,0.0,0.0,0.0,0.0,0.0,0.0,0.0,0.8363632385241384,0.7653072556432564,0.0,0.7007454111345743,0.0,0.7736255451752028,0.7450125019463576,0.8023839688159866,0.8080137139135208,0.0,0.7939203567558075,0.4310686944937105,0.8966592365314339,0.0,0.8061284278623735,0.0,0.61135661394863,0.0,0.2463399095552089,0.0,0.3752080479430069,0.0,0.0,0.0,0.0193501237742357,0.2129833975114301,0.2882925404937063,0.2924248634656649,0.0,0.0,0.0,0.6294917026986452,0.0,0.0,0.0,0.0,0.6441693189407097,0.7708660092501538,0.691086565594638,0.8360850961947643,0.0,0.0,0.0,0.7375990190592068,0.0,0.7586394025161491,0.3019732150730477,0.0,0.3732525552395904,0.0,0.709101140599656,0.7680917980113785,0.794293800120331,0.7756685689768636,0.0,0.5514537917905501,0.4296732589205403,0.6287709746531929,0.3639574593012715,0.4237806317922623,0.0,0.4259344850924166
