0.0,0.0832052784951583,0.0,0.0,0.0,0.4433292642102915,0.0,0.3415773331866137,0.0,0.0,0.0,0.2831121224686733,0.2935316410118429,0.0,0.5320930184709405,0.2565731563423145,0.1658792928439051,0.2634337179980128,0.0,0.4147920309288319,0.6926572748128768,0.4833390278884436,0.3967241285917503,0.351714761605326,0.3764234401337696,0.3135019954640918,0.4021812778917039,0.3735014575911954,0.5500046077705855,0.0,0.6185095847625862,0.0,0.0,0.0018002295659774,0.0,0.0,0.0,0.3367421462647028,0.0,0.0,0.0,0.0,0.0,0.0,0.0,0.7595367345427633,0.2327804320268135,0.0,0.0,0.0,0.0,0.0,0.0,0.0,0.0,0.0,0.0,0.0,0.0,0.0,0.3833916042379107,0.0,0.3949054446683701,0.0,0.0,0.4811777405416469,0.4453439928395383,0.0,0.1833505156828764,0.3541382924839201,0.5152353761930927,0.0,0.0,0.0,0.0,0.2225404044917862
0.0832052784951583,0.0,0.0,0.0,0.019558281873066,0.5019349212633677,0.1809505002890711,0.3771728399708875,0.0,0.0,0.0,0.0,0.4216428475278079,0.0,0.0,0.678499632710573,0.7044010364519965,0.7929474848995646,0.0,0.0,0.0,0.1199940287576479,0.2159015361098442,0.0,0.7485407372930353,0.8250442317420851,0.0,0.0698151709175663,0.2435437066288321,0.0,0.0,0.2926415299371174,0.1360899574610558,0.0900647578430306,0.0,0.0,0.0,0.0,0.2366902796343809,0.0190221917711122,0.0,0.0,0.0,0.0,0.0,0.0,0.451969055998068,0.0,0.0,0.0,0.1001023810037779,0.0,0.0,0.0,0.0,0.0,0.0,0.0,0.0,0.0,0.2100944005863249,0.0,0.185518418996463,0.0,0.0,0.0,0.1432459259345359,0.0,0.0,0.3957217659839858,0.4997833493349589,0.0,0.0,0.0,0.0,0.0
0.0,0.0,0.0,0.0,0.7230697112159538,0.6360857545975367,0.3045543176928601,0.1774678122527055,0.8938697147357363,0.0,0.8441684258982701,0.2678721095652749,0.46069917386171,0.1950790334404399,0.0,0.0,0.0,0.0,0.934806775621864,0.0,0.0,0.0,0.6592697459975992,0.0,0.0,0.0,0.8714176021412028,0.5628031248671195,0.0,0.0,0.4631963466751643,0.0,0.0,0.0,0.0,0.1657203296519714,0.0918775740202713,0.0,0.0,0.0,0.0,0.0,0.364528302483353,0.0,0.0,0.0,0.0,0.8472550763394017,0.0,0.5563437887006024,0.6287818279598945,0.0,0.5187644228548199,0.8333360512957612,0.0,0.8304759765653213,0.0,0.6057917547774404,0.0,0.0,0.0,0.0,0.0,0.9239375047094844,0.0,0.0,0.0,0.7212260783933682,0.0,0.0,0.0,0.858124846272508,0.7148437504594882,0.0,0.0,0.0
0.0,0.0,0.0,0.0,0.0,0.0,0.0190838297854569,0.0,0.0,0.196710304939773,0.0,0.0,0.0,0.1131708769352995,0.0,0.0,0.0,0.0,0.0,0.0,0.0,0.0,0.0,0.0,0.0,0.0,0.0,0.0289685416546886,0.0,0.0,0.0,0.4214706814458688,0.0,0.2102861190728502,0.0518032428784608,0.1311011996568601,0.1803408353227578,0.0,0.0,0.0,0.0,0.0,0.0,0.0,0.0,0.0,0.0,0.0,0.0,0.0,0.0,0.0,0.0,0.0,0.0,0.0,0.0,0.0,0.0,0.0,0.0,0.0,0.0,0.0,0.0,0.0,0.0,0.0,0.0,0.0,0.0,0.0,0.0,0.0,0.0,0.0
0.0,0.019558281873066,0.7230697112159538,0.0,0.0,0.5264100928597799,0.6285218066584832,0.1051693210174995,0.8366272357134867,0.0,0.8327915290795087,0.1329826364866944,0.4335390417119822,0.1645444012019452,0.0,0.2211659626462991,0.0,0.0,0.6814729234991291,0.7219761318607506,0.0,0.6148435603017938,0.3730806598884814,0.0,0.126971436865817,0.1152679510952994,0.7136402441935176,0.4988135400840603,0.5953465677827803,0.0,0.4205576184794733,0.0,0.0,0.0,0.0,0.097415366821579,0.0,0.0870305902435778,0.0,0.0,0.0,0.0,0.2046364852506695,0.0,0.0,0.0,0.0,0.7666149548699825,0.0,0.7101159593469063,0.3398695479630875,0.0,0.3779989127455413,0.8419667629738531,0.0,0.8087028242128935,0.0,0.0,0.0,0.0,0.0,0.0,0.0,0.6906309898277299,0.0,0.0,0.0,0.4392826507331321,0.0,0.0,0.0,0.598431731150198,0.0,0.0,0.0,0.0
0.4433292642102915,0.5019349212633677,0.6360857545975367,0.0,0.5264100928597799,0.0,0.4619051426029728,0.5878113397467672,0.6219522463382875,0.0546702075762935,0.4520121784979906,0.4349679515489476,0.612188044892152,0.1195808092569588,0.4760132616206359,0.3744949068924428,0.3612123185725618,0.4690065412198745,0.6048422703876748,0.4757507789312466,0.3847400744843262,0.5206191779654833,0.7922801437124269,0.0,0.475342448253567,0.4792868161533334,0.5698279254329859,0.3005879175669422,0.6932921231358088,0.3053956648652753,0.1827435208281567,0.0,0.0,0.0,0.0,0.0471291058497167,0.0,0.1604609350826599,0.0,0.0,0.0,0.0,0.0929225514414329,0.0,0.0,0.0,0.5920033816137816,0.4575418908221946,0.0,0.2419292905487004,0.7131725169763765,0.0865381106094305,0.6506548851268393,0.5104595416526722,0.0,0.4628462220336213,0.0,0.6657373733181247,0.0,0.4845009775064098,0.0,0.0,0.0,0.5958815378768373,0.4536675025545438,0.27584329715854,0.491164457103902,0.6370065324753527,0.0,0.0,0.5142532570060877,0.4474272089784079,0.4034271996865674,0.365170837216819,0.3826493248998291,0.1366793626136208
0.0,0.1809505002890711,0.3045543176928601,0.0190838297854569,0.6285218066584832,0.4619051426029728,0.0,0.1526743780264504,0.4992743858127128,0.0,0.3804945234411921,0.0903928238832471,0.5066474444792249,0.1135106444390664,0.0,0.2748104801766609,0.0904845753528398,0.3740044343889143,0.3248983576014794,0.3381802665574172,0.0,0.3875633240652112,0.1048680961734886,0.0,0.1865625890070773,0.0610216609946331,0.3539368001631727,0.3154913806831619,0.6011577421591037,0.0,0.2767438822833339,0.0,0.0,0.0,0.0,0.0584409393148002,0.0,0.0,0.0,0.0,0.0,0.0,0.0,0.0,0.0,0.0,0.0,0.2621299370142007,0.0,0.0,0.1934414949494936,0.0,0.2022068108510808,0.4527380311873837,0.0,0.2996044118812065,0.0,0.0,0.0,0.0,0.0,0.0,0.0,0.2759316843418868,0.0,0.0,0.0,0.0969911322827568,0.0,0.0,0.0,0.1657882999565257,0.0,0.0,0.0,0.0
0.3415773331866137,0.3771728399708875,0.1774678122527055,0.0,0.1051693210174995,0.5878113397467672,0.1526743780264504,0.0,0.1738276806951517,0.0823875583510308,0.0484856294613244,0.2902485494525125,0.109595421506819,0.2003291342009475,0.2287465576535651,0.1244712719076357,0.0,0.149663736278593,0.0856727339890065,0.0184688716195239,0.5208893854392449,0.1681879058415219,0.6776460528883123,0.2859928068916866,0.312285144854551,0.253026232397442,0.0828162702399164,0.0,0.2630693746176135,0.1055308652034904,0.0,0.0512906266028844,0.0456144931901685,0.0,0.0,0.062321496868335,0.0,0.0,0.0,0.0,0.0,0.0,0.0,0.0,0.0,0.0,0.0,0.0,0.0,0.0,0.4289789305322752,0.0940357015419057,0.7460977752973664,0.1595619261596411,0.0,0.0883772375176262,0.0,0.3213460250009513,0.1283535184842224,0.2534140089999797,0.0,0.0,0.0,0.1008741135914112,0.0,0.502782194813158,0.0,0.3892465154971544,0.0,0.0,0.0,0.0,0.0,0.036789531041832,0.0,0.0
0.0,0.0,0.8938697147357363,0.0,0.8366272357134867,0.6219522463382875,0.4992743858127128,0.1738276806951517,0.0,0.0,0.8688402255786287,0.1267569510229366,0.3946340736309509,0.1538826197484518,0.0,0.049767238718192,0.0,0.0798555145650409,0.831420904669069,0.7578213191740579,0.0,0.620385092311006,0.566370810957251,0.1398039266348481,0.0364696940684938,0.108396229669805,0.8557882857546,0.4468536080849623,0.5299825291308287,0.4227572002791089,0.4928238549482788,0.0,0.0,0.0,0.0,0.0979552643931365,0.0209406817278032,0.3003328117479638,0.0,0.0,0.0,0.0,0.2374711560963682,0.0,0.0,0.0,0.0,0.7643964591175039,0.0,0.6573223846017805,0.6060723132774543,0.2532694567647644,0.5419958297784805,0.9610069137160568,0.0,0.815806398715272,0.0,0.6283375189201432,0.0,0.0,0.0,0.0,0.0,0.7878399846705859,0.0,0.0,0.0,0.6620496217926579,0.0,0.0,0.0,0.7858100640042736,0.6762092428445357,0.0,0.0,0.0
0.0,0.0,0.0,0.196710304939773,0.0,0.0546702075762935,0.0,0.0823875583510308,0.0,0.0,0.0,0.8094918030197447,0.2411058141517183,0.0,0.0,0.543578102464763,0.7351569733089869,0.4942385123880412,0.0,0.0,0.0,0.004407668004743,0.0056301948158242,0.5316444533209219,0.739360592292929,0.5541945170222927,0.0,0.2567441743396121,0.0663482091238751,0.0,0.1531314215264096,0.3353725248456579,0.0,0.1229584937731907,0.0536565530233592,0.1209552793010165,0.322968379651976,0.0,0.0593183727817088,0.0,0.0,0.0,0.0,0.0,0.0,0.0,0.0,0.0,0.0,0.0,0.0,0.0,0.0,0.0,0.8473242200206488,0.0,0.8124315993269869,0.0,0.0,0.0,0.0,0.388506393486288,0.0,0.0,0.0,0.0,0.0,0.0,0.4045752724193887,0.3729384214514044,0.5067222370718109,0.0,0.0,0.0,0.0,0.0
0.0,0.0,0.8441684258982701,0.0,0.8327915290795087,0.4520121784979906,0.3804945234411921,0.0484856294613244,0.8688402255786287,0.0,0.0,0.1581722750595984,0.3080175481784418,0.1320533077063019,0.0,0.0,0.1480096193259658,0.0,0.8634631601463355,0.0,0.0,0.0,0.3850769606106167,0.2167094055528234,0.0,0.1789217853617064,0.7768247051671843,0.5213657450653632,0.0,0.0,0.4343692217200732,0.0,0.0,0.0,0.0,0.234957620719324,0.0,0.1842388899344347,0.0,0.0,0.0,0.0,0.3717070170589486,0.0,0.0,0.0,0.0,0.89525852521093,0.0,0.6265268155410142,0.3136274201015825,0.0098718028123771,0.3877133396678461,0.8550607250259039,0.0,0.959143724684588,0.0,0.4510182089298248,0.0,0.0,0.0,0.0,0.0,0.8481926148516793,0.0,0.0,0.0,0.4783491712525476,0.0,0.0,0.0,0.6828320947082682,0.7205756294977582,0.0,0.0,0.0
0.2831121224686733,0.0,0.2678721095652749,0.0,0.1329826364866944,0.4349679515489476,0.0903928238832471,0.2902485494525125,0.1267569510229366,0.8094918030197447,0.1581722750595984,0.0,0.4689464205360665,0.0,0.0,0.0,0.8009648223953112,0.5719066393744141,0.3322125525158431,0.0,0.0127432043150652,0.0,0.3464537401583676,0.6666182901819436,0.7245975469932396,0.7976791097603747,0.169835875701663,0.4072943025602598,0.0,0.0,0.3426442850493802,0.0906134726671305,0.0,0.0674073448050626,0.0,0.2278744256679132,0.2918497539270288,0.0398647079322194,0.0,0.0,0.0,0.0,0.3412835073934671,0.0,0.0,0.0,0.0,0.0,0.0,0.0,0.0,0.0,0.0,0.0,0.5963045498368147,0.0,0.7719967709863933,0.1222237508925181,0.0,0.0,0.0,0.4408684626002722,0.1841023090603293,0.0,0.0,0.0,0.0,0.0,0.4115311334460659,0.4494112324423467,0.7337469511473134,0.0,0.3234466235502887,0.0,0.0,0.0461412752294639
0.2935316410118429,0.4216428475278079,0.46069917386171,0.0,0.4335390417119822,0.612188044892152,0.5066474444792249,0.109595421506819,0.3946340736309509,0.2411058141517183,0.3080175481784418,0.4689464205360665,0.0,0.0090381199261264,0.2723498437251256,0.4664731885315421,0.5631936940796304,0.5073037727324582,0.4148782267249012,0.3444043495772815,0.2147214499313729,0.3696475276779886,0.3048452339370331,0.1015592848278713,0.3747742281006979,0.4594722337533742,0.353746820750061,0.511012146300111,0.5245185520250888,0.0463548541899926,0.3186037254680059,0.0146494266654297,0.068691189806346,0.1536880091293918,0.0298876351328529,0.0083072799751205,0.1298554081340125,0.0240753954610276,0.0,0.0,0.0,0.0,0.1265237439660464,0.0,0.0202097198952578,0.0,0.0,0.3445801194152506,0.0,0.0,0.433434215714199,0.0657144644244358,0.1613367877226539,0.0,0.0,0.3433059084500335,0.1128181687004841,0.0,0.0,0.268444859125442,0.0,0.0,0.0,0.0,0.3957696541397366,0.0,0.4494129574260416,0.2502752662306502,0.0,0.3625443050701843,0.3992319991348288,0.3522462346832077,0.0,0.3827605361830508,0.0,0.0
0.0,0.0,0.1950790334404399,0.1131708769352995,0.1645444012019452,0.1195808092569588,0.1135106444390664,0.2003291342009475,0.1538826197484518,0.0,0.1320533077063019,0.0,0.0090381199261264,0.0,0.0,0.0,0.0,0.0,0.128597951186194,0.0,0.0567518816756241,0.0,0.2723270141242091,0.0,0.0,0.0,0.2567457202950747,0.0295037961389651,0.0,0.0,0.0,0.0,0.0,0.0,0.0,0.0,0.062276946839986,0.0,0.0,0.0,0.0,0.0,0.0,0.0,0.0,0.0,0.0,0.1014380266910371,0.0,0.0,0.0,0.0,0.0,0.198637970126682,0.0,0.1227272000436194,0.0,0.0,0.0,0.0,0.0,0.0,0.0,0.0,0.0,0.0,0.0,0.2480347356985216,0.0,0.0,0.0,0.2226981719784894,0.0,0.0,0.0,0.0
0.5320930184709405,0.0,0.0,0.0,0.0,0.4760132616206359,0.0,0.2287465576535651,0.0,0.0,0.0,0.0,0.2723498437251256,0.0,0.0,0.0053088625389431,0.0,0.0,0.0,0.8623314250527118,0.6783585010409421,0.7942414344395775,0.4722800351881748,0.0,0.0,0.0,0.8034085385875901,0.4077558321196447,0.6091544216750769,0.0,0.406665110128975,0.0,0.0,0.0,0.0,0.2212105939162244,0.0,0.0,0.0,0.0,0.0,0.0,0.2526459111458427,0.0,0.0,0.0,0.2705645391774479,0.0,0.0,0.0,0.4849597900639706,0.0,0.5851277265807087,0.0,0.0,0.0,0.0,0.5027890364862235,0.0,0.9485231735328434,0.2578914278086383,0.0,0.0,0.0,0.7477790541351932,0.552311093167191,0.6948824666120672,0.5589661223829532,0.0,0.0947828964929594,0.2046618543486908,0.6234870646555231,0.5572431871200952,0.5542846367228224,0.0,0.2068429318667844
0.2565731563423145,0.678499632710573,0.0,0.0,0.2211659626462991,0.3744949068924428,0.2748104801766609,0.1244712719076357,0.049767238718192,0.543578102464763,0.0,0.0,0.4664731885315421,0.0,0.0053088625389431,0.0,0.7615581503033254,0.885840183601639,0.0,0.241156873526653,0.0302808185325566,0.4490911574208275,0.1039845490060897,0.3023215920368773,0.7262899236634508,0.6514243326182482,0.14227513871993,0.2931191064915271,0.4497351220256637,0.141686788745756,0.3694357050208854,0.1444268143238633,0.0127367235803705,0.1666733910597777,0.0,0.0,0.0,0.0,0.0077366048960278,0.0,0.0,0.0,0.0,0.0,0.0,0.056300526863209,0.400752711202364,0.0,0.0,0.0,0.0,0.0,0.0,0.0,0.0,0.0,0.0,0.0,0.0,0.0297048616661649,0.4580105021397276,0.0,0.4239356910111911,0.0,0.1953634693112597,0.0,0.348058863346144,0.0705947477673002,0.0,0.514364917988488,0.5374426289346294,0.1014305645910812,0.0,0.1565360046835385,0.0,0.0528846609979925
0.1658792928439051,0.7044010364519965,0.0,0.0,0.0,0.3612123185725618,0.0904845753528398,0.0,0.0,0.7351569733089869,0.1480096193259658,0.8009648223953112,0.5631936940796304,0.0,0.0,0.7615581503033254,0.0,0.7433192661851271,0.0,0.1890455513938899,0.0,0.3058074250036355,0.0,0.4712834125464301,0.7137459031455704,0.8153519411429052,0.0,0.3796215170077289,0.2301050312729674,0.0,0.3179466017771505,0.1994655993973624,0.067675134180856,0.1311882301333243,0.0045826350138171,0.0,0.0,0.0,0.0,0.0,0.0,0.0,0.0,0.0,0.0,0.0,0.0,0.0,0.0,0.0,0.0,0.0,0.0,0.0,0.5894038828126766,0.0,0.5568055959491017,0.0,0.0,0.0,0.0,0.4680683503425411,0.256432886760482,0.0,0.0,0.0,0.0,0.0,0.3151006268646669,0.4457477030993155,0.5781769982284998,0.0,0.0,0.0,0.0,0.0
0.2634337179980128,0.7929474848995646,0.0,0.0,0.0,0.4690065412198745,0.3740044343889143,0.149663736278593,0.0798555145650409,0.4942385123880412,0.0,0.5719066393744141,0.5073037727324582,0.0,0.0,0.885840183601639,0.7433192661851271,0.0,0.0,0.1963788656099107,0.0,0.3616580310479793,0.1029088040181152,0.3719951332344431,0.7161326002867947,0.7058755693994464,0.1065222821182944,0.2583108382249909,0.4383356086155893,0.1490585890936243,0.2788252317703339,0.0988082176262664,0.0429360492282875,0.1249749374118503,0.0,0.0,0.0,0.0,0.1323451299353841,0.0,0.0,0.0,0.0,0.0,0.0,0.0740961335737351,0.4011321682743041,0.0,0.0,0.0,0.0,0.0,0.0,0.0,0.3438230089202021,0.0,0.4001667928447686,0.0,0.0,0.0,0.495821357374517,0.5696277219984889,0.4975128886592686,0.0,0.0,0.0,0.3456342897892793,0.0,0.1839077549113738,0.5461773425578099,0.5664729723191732,0.0,0.0,0.0,0.0,0.1567841102174394
0.0,0.0,0.934806775621864,0.0,0.6814729234991291,0.6048422703876748,0.3248983576014794,0.0856727339890065,0.831420904669069,0.0,0.8634631601463355,0.3322125525158431,0.4148782267249012,0.128597951186194,0.0,0.0,0.0,0.0,0.0,0.0,0.0,0.0,0.5544711215321441,0.0,0.0,0.0,0.8312962160839371,0.5704907353973909,0.0,0.0,0.4473632077878998,0.0,0.0,0.0,0.0,0.2319681146358219,0.1650235377840537,0.2328180792990375,0.0,0.0,0.0,0.0,0.3772269781089483,0.0,0.0,0.0,0.0,0.86117021432411,0.0,0.5068166155700957,0.4988502106928174,0.009726369584937,0.48344570312836,0.7576279174841967,0.0,0.854566881845236,0.0,0.5292480559766766,0.0,0.0,0.0,0.0,0.0,0.9790853588678258,0.0,0.0,0.0,0.6599706996088587,0.0,0.0,0.0,0.799239291477775,0.0,0.0,0.0,0.0
0.4147920309288319,0.0,0.0,0.0,0.7219761318607506,0.4757507789312466,0.3381802665574172,0.0184688716195239,0.7578213191740579,0.0,0.0,0.0,0.3444043495772815,0.0,0.8623314250527118,0.241156873526653,0.1890455513938899,0.1963788656099107,0.0,0.0,0.3441015711276521,0.8941803682532601,0.4011129354395639,0.0,0.0672588177243974,0.203289229480633,0.8459913556941501,0.5691891757486953,0.6224664436230278,0.5865076604178486,0.4544989819296242,0.0,0.0,0.0,0.0,0.3203806632257217,0.0667063445253872,0.0,0.0,0.0,0.0,0.0,0.362493812459002,0.0,0.0,0.0,0.2127652565642054,0.0,0.0,0.0,0.3138672928338176,0.0,0.3759414710128336,0.0,0.0,0.0,0.0,0.3733746135771215,0.0,0.797505780630263,0.2704796847595034,0.0,0.0,0.0,0.9040693706471454,0.1716320210954924,0.8394276830497501,0.4987746468277932,0.0,0.1750830774860931,0.3079626939221106,0.7003859903023794,0.6746780397782534,0.3811611722017604,0.6493412829860754,0.3850321209443298
0.6926572748128768,0.0,0.0,0.0,0.0,0.3847400744843262,0.0,0.5208893854392449,0.0,0.0,0.0,0.0127432043150652,0.2147214499313729,0.0567518816756241,0.6783585010409421,0.0302808185325566,0.0,0.0,0.0,0.3441015711276521,0.0,0.4274870294430727,0.4336764530519781,0.0,0.0550833714090168,0.0,0.3599751118737399,0.1970624251354671,0.5695382069299707,0.0,0.4075689633533749,0.0,0.0,0.0,0.0,0.0,0.0,0.0,0.0,0.0471056143628645,0.0,0.0,0.0,0.0,0.0,0.717033344667303,0.3333766116054539,0.0,0.0,0.0,0.469298306554427,0.0,0.6722816089301088,0.0,0.0,0.0,0.0,0.4318761955806444,0.0,0.5999676468565861,0.2435862963920629,0.0,0.0,0.0,0.1887944010710956,0.8498762679502848,0.2268388216205711,0.4258063454314411,0.0,0.1461196527228093,0.2428144767249615,0.1942420468276841,0.2504036502513194,0.5360808356504262,0.0,0.0
0.4833390278884436,0.1199940287576479,0.0,0.0,0.6148435603017938,0.5206191779654833,0.3875633240652112,0.1681879058415219,0.620385092311006,0.004407668004743,0.0,0.0,0.3696475276779886,0.0,0.7942414344395775,0.4490911574208275,0.3058074250036355,0.3616580310479793,0.0,0.8941803682532601,0.4274870294430727,0.0,0.3515684973765594,0.0,0.2757268737956348,0.2913398033890568,0.7772380546756664,0.5066371181209168,0.7349009252409705,0.4959584027651521,0.454398067924759,0.0,0.0,0.0,0.0,0.3239898942973398,0.1057021980641167,0.0,0.0,0.0,0.0,0.0,0.3033907864440464,0.0,0.0,0.4578840761439749,0.3662329486858107,0.0,0.0,0.0,0.3507062368967319,0.0,0.0,0.0,0.0,0.0,0.0,0.0,0.0,0.7396566841133558,0.3278235583985452,0.0,0.4493367474764191,0.0,0.7082801678827371,0.276086847108525,0.7740794594796208,0.4098860791007813,0.0,0.258938343388769,0.3888781933438344,0.5731986237860056,0.5558343644043436,0.39922682523012,0.0,0.1819886952619349
0.3967241285917503,0.2159015361098442,0.6592697459975992,0.0,0.3730806598884814,0.7922801437124269,0.1048680961734886,0.6776460528883123,0.566370810957251,0.0056301948158242,0.3850769606106167,0.3464537401583676,0.3048452339370331,0.2723270141242091,0.4722800351881748,0.1039845490060897,0.0,0.1029088040181152,0.5544711215321441,0.4011129354395639,0.4336764530519781,0.3515684973765594,0.0,0.4087853535704421,0.2765742335276552,0.3524367191509777,0.5623734360695193,0.2570954999568261,0.3685764435684724,0.2648056745230097,0.1601439140671618,0.0,0.0,0.0,0.0,0.0226403173679607,0.0124355545774935,0.245923362104859,0.0,0.0,0.0,0.0,0.1334318204738326,0.0,0.0,0.0,0.456411292419121,0.4729568471610268,0.0,0.2712585702374921,0.7329968709706284,0.0,0.800661047897749,0.4917969656784534,0.0,0.4680280184560685,0.0,0.5630000983341792,0.1721733788891551,0.5202049853481219,0.0,0.0,0.0,0.5705358290506751,0.4303989676761551,0.349226909246451,0.4118214193750985,0.8754407207518339,0.0,0.2824695757487706,0.4424215514099394,0.5269684179156363,0.337594681257568,0.3400392376605829,0.3956211117715001,0.1881160373432702
0.351714761605326,0.0,0.0,0.0,0.0,0.0,0.0,0.2859928068916866,0.1398039266348481,0.5316444533209219,0.2167094055528234,0.6666182901819436,0.1015592848278713,0.0,0.0,0.3023215920368773,0.4712834125464301,0.3719951332344431,0.0,0.0,0.0,0.0,0.4087853535704421,0.0,0.5172332149394147,0.676276761005723,0.0929666924216899,0.2662148470836999,0.0,0.0,0.2971363256284564,0.0,0.0,0.0,0.1145342864899991,0.2137807469104007,0.0554173227535292,0.0523400045025149,0.1585848816210998,0.0,0.0,0.0,0.0,0.0,0.0,0.2142404799634205,0.0,0.0,0.0,0.0,0.0,0.0,0.0,0.0,0.4215779632882546,0.0,0.6757493112651421,0.0,0.0,0.0,0.127807786179711,0.4030758149949981,0.1908719420177712,0.0,0.0,0.0,0.0,0.0,0.7554399978882723,0.3564525584164124,0.6957231187693835,0.0,0.2687311640904019,0.0,0.0,0.4059804465422614
0.3764234401337696,0.7485407372930353,0.0,0.0,0.126971436865817,0.475342448253567,0.1865625890070773,0.312285144854551,0.0364696940684938,0.739360592292929,0.0,0.7245975469932396,0.3747742281006979,0.0,0.0,0.7262899236634508,0.7137459031455704,0.7161326002867947,0.0,0.0672588177243974,0.0550833714090168,0.2757268737956348,0.2765742335276552,0.5172332149394147,0.0,0.7264973767528784,0.0524521269701048,0.2698233110487463,0.4044839332475691,0.0,0.2734358280311096,0.1810025608195674,0.0101984601684753,0.0772495606440474,0.0,0.0,0.0,0.0047228979589289,0.0,0.0,0.0,0.0,0.0,0.0,0.0,0.0770644294453615,0.4828890612653526,0.0,0.0,0.0,0.0,0.0,0.0,0.0,0.6095261390670965,0.0,0.5972541554646819,0.1089483762535542,0.0,0.0071271197064566,0.2406411095668613,0.4460577708625663,0.1775471966917602,0.0,0.0367099427879497,0.0,0.1769496534057061,0.2306266822314178,0.269613988984262,0.5941582599262029,0.6753598560120138,0.0,0.0,0.1472537313764375,0.0,0.0
0.3135019954640918,0.8250442317420851,0.0,0.0,0.1152679510952994,0.4792868161533334,0.0610216609946331,0.253026232397442,0.108396229669805,0.5541945170222927,0.1789217853617064,0.7976791097603747,0.4594722337533742,0.0,0.0,0.6514243326182482,0.8153519411429052,0.7058755693994464,0.0,0.203289229480633,0.0,0.2913398033890568,0.3524367191509777,0.676276761005723,0.7264973767528784,0.0,0.1406537595719683,0.27121954983302,0.2190793079062718,0.0,0.2197118749177602,0.1241316333165805,0.0861115468715799,0.0927021717855412,0.0134865983507861,0.1597195779769412,0.0,0.0610383819992212,0.1538366511999921,0.0,0.0,0.0,0.0,0.0,0.0,0.0,0.2866956064638917,0.0,0.0,0.0,0.2479625356505546,0.0,0.0,0.0,0.4081317737638584,0.0,0.5214178231923071,0.2196606324286848,0.0,0.100313710921254,0.2490216922080145,0.4687660451124275,0.3165011474469117,0.0,0.3105266603204246,0.0,0.401125880153774,0.2221221434522562,0.4179576190632353,0.4075417795787883,0.7030203343858336,0.2820971651129122,0.265952947349147,0.0538381834596506,0.0,0.2215243474887785
0.4021812778917039,0.0,0.8714176021412028,0.0,0.7136402441935176,0.5698279254329859,0.3539368001631727,0.0828162702399164,0.8557882857546,0.0,0.7768247051671843,0.169835875701663,0.353746820750061,0.2567457202950747,0.8034085385875901,0.14227513871993,0.0,0.1065222821182944,0.8312962160839371,0.8459913556941501,0.3599751118737399,0.7772380546756664,0.5623734360695193,0.0929666924216899,0.0524521269701048,0.1406537595719683,0.0,0.4786946657196572,0.6111015616641223,0.3967498885572439,0.4501943046496084,0.0,0.0,0.0,0.0,0.163201086225662,0.102795156448849,0.1751229563171264,0.0,0.0,0.0,0.0,0.3120367109971587,0.0695287439879961,0.0,0.0,0.2641642146606208,0.7253223563890345,0.0,0.5714795558053094,0.5499537904052502,0.0720074350723187,0.436611746022602,0.7901284381145708,0.0,0.7614537539340358,0.0,0.4774799489064253,0.0,0.7922598917933545,0.0,0.0,0.0,0.8031569387865403,0.8525723954915577,0.1638674643495857,0.7308034632198127,0.6717243236986514,0.0,0.0,0.2794369709251428,0.9048484189193908,0.6169290364462917,0.5325627600546635,0.6088913866055498,0.3147854890531991
0.3735014575911954,0.0698151709175663,0.5628031248671195,0.0289685416546886,0.4988135400840603,0.3005879175669422,0.3154913806831619,0.0,0.4468536080849623,0.2567441743396121,0.5213657450653632,0.4072943025602598,0.511012146300111,0.0295037961389651,0.4077558321196447,0.2931191064915271,0.3796215170077289,0.2583108382249909,0.5704907353973909,0.5691891757486953,0.1970624251354671,0.5066371181209168,0.2570954999568261,0.2662148470836999,0.2698233110487463,0.27121954983302,0.4786946657196572,0.0,0.3307222541326018,0.5423075552831044,0.5165419689691307,0.0,0.0,0.0,0.0,0.3863392032853946,0.2325117105687607,0.0949557835893448,0.0,0.0,0.0,0.0,0.2644844500609882,0.0,0.0233436651258384,0.0,0.0,0.5863900884828426,0.0,0.0,0.242180024224799,0.0,0.2769977944112186,0.4896615224332933,0.1103195059489089,0.0,0.2394677698545263,0.191863824735062,0.0,0.4349418775641666,0.0,0.0,0.0,0.0,0.5448678201682506,0.0876698389636577,0.5294911573561181,0.3339404979369137,0.0,0.1811647162526142,0.3440540142827227,0.5046852334381469,0.6562480438193504,0.2202016673725737,0.0,0.2500899644204784
0.5500046077705855,0.2435437066288321,0.0,0.0,0.5953465677827803,0.6932921231358088,0.6011577421591037,0.2630693746176135,0.5299825291308287,0.0663482091238751,0.0,0.0,0.5245185520250888,0.0,0.6091544216750769,0.4497351220256637,0.2301050312729674,0.4383356086155893,0.0,0.6224664436230278,0.5695382069299707,0.7349009252409705,0.3685764435684724,0.0,0.4044839332475691,0.2190793079062718,0.6111015616641223,0.3307222541326018,0.0,0.3973647727532073,0.4031317238455809,0.0,0.0,0.0,0.0,0.1653726809208161,0.0,0.0,0.0,0.0,0.0,0.0,0.0973000431363783,0.0,0.0,0.0,0.4797357010259809,0.3610401197968301,0.0,0.0,0.4337531894602117,0.0454269625978403,0.4227014342883307,0.4722518149839532,0.0,0.0,0.0,0.4027383176830073,0.0,0.4956059169935272,0.0,0.0,0.0,0.0,0.429708410928543,0.4406731327031375,0.536048937698165,0.3744957606744066,0.0,0.0,0.3927158198597907,0.3555326022051084,0.4143325721153945,0.5386704576221335,0.3021727878006061,0.0842892476470135
0.0,0.0,0.0,0.0,0.0,0.3053956648652753,0.0,0.1055308652034904,0.4227572002791089,0.0,0.0,0.0,0.0463548541899926,0.0,0.0,0.141686788745756,0.0,0.1490585890936243,0.0,0.5865076604178486,0.0,0.4959584027651521,0.2648056745230097,0.0,0.0,0.0,0.3967498885572439,0.5423075552831044,0.3973647727532073,0.0,0.2983552440525973,0.0,0.0,0.0,0.0,0.0,0.0,0.0,0.0,0.0,0.0,0.0,0.0,0.0,0.0,0.0,0.0,0.0,0.0,0.0,0.0,0.0,0.0,0.0,0.0,0.0,0.0,0.0,0.0,0.0,0.0,0.0,0.0,0.0,0.4889144575784004,0.0,0.0,0.3228797745920994,0.0,0.0,0.0,0.3008064709480504,0.0,0.1063667476651033,0.0,0.0
0.6185095847625862,0.0,0.4631963466751643,0.0,0.4205576184794733,0.1827435208281567,0.2767438822833339,0.0,0.4928238549482788,0.1531314215264096,0.4343692217200732,0.3426442850493802,0.3186037254680059,0.0,0.406665110128975,0.3694357050208854,0.3179466017771505,0.2788252317703339,0.4473632077878998,0.4544989819296242,0.4075689633533749,0.454398067924759,0.1601439140671618,0.2971363256284564,0.2734358280311096,0.2197118749177602,0.4501943046496084,0.5165419689691307,0.4031317238455809,0.2983552440525973,0.0,0.0,0.0,0.1320415494699588,0.0717848450538768,0.2292985171112531,0.2042822119658585,0.3357835683686342,0.0,0.0,0.0,0.0,0.2755164028993281,0.0,0.0,0.0,0.140519149342069,0.0,0.0,0.0,0.3514595807234914,0.0,0.2843452605866664,0.0,0.1438906779868894,0.0,0.1728372564070306,0.0,0.0,0.4521522704829327,0.4125602752238071,0.254655637319059,0.4262484682025669,0.0,0.5268594146505406,0.258181371650892,0.5498754293620338,0.3856026754149037,0.3485085803938972,0.4561911939946073,0.5136204653942883,0.4891594043653376,0.5835759657836377,0.5561000662856294,0.0,0.3566603531044907
0.0,0.2926415299371174,0.0,0.4214706814458688,0.0,0.0,0.0,0.0512906266028844,0.0,0.3353725248456579,0.0,0.0906134726671305,0.0146494266654297,0.0,0.0,0.1444268143238633,0.1994655993973624,0.0988082176262664,0.0,0.0,0.0,0.0,0.0,0.0,0.1810025608195674,0.1241316333165805,0.0,0.0,0.0,0.0,0.0,0.0,0.5105297285672735,0.4743057569612249,0.2287164550228329,0.0,0.0828671690943002,0.0,0.6018407850254454,0.2795684452761366,0.141008422764658,0.3303405503767418,0.0,0.0785106223924627,0.0,0.0,0.0334177935915086,0.0,0.0,0.0,0.0,0.1841093939453854,0.0,0.0,0.4626298389318382,0.0,0.0670484290971907,0.0,0.0,0.0,0.0,0.0,0.0,0.0,0.0,0.0,0.0,0.0,0.1321596077044483,0.0281541679395669,0.0,0.0,0.0,0.0,0.0,0.0
0.0,0.1360899574610558,0.0,0.0,0.0,0.0,0.0,0.0456144931901685,0.0,0.0,0.0,0.0,0.068691189806346,0.0,0.0,0.0127367235803705,0.067675134180856,0.0429360492282875,0.0,0.0,0.0,0.0,0.0,0.0,0.0101984601684753,0.0861115468715799,0.0,0.0,0.0,0.0,0.0,0.5105297285672735,0.0,0.4443532009585781,0.2599703585813182,0.0,0.0692023993731718,0.0870236340214617,0.3578610079572423,0.6522345411926728,0.2246360599712338,0.315709629751797,0.0,0.0,0.0,0.0,0.097147832709197,0.0,0.0,0.0,0.0,0.0,0.0,0.0,0.278829748478382,0.0,0.0,0.0,0.0,0.0,0.0,0.0,0.0,0.0,0.0,0.0,0.0,0.0,0.108298905015418,0.0486890723564212,0.0,0.0,0.0,0.0,0.0,0.0
0.0018002295659774,0.0900647578430306,0.0,0.2102861190728502,0.0,0.0,0.0,0.0,0.0,0.1229584937731907,0.0,0.0674073448050626,0.1536880091293918,0.0,0.0,0.1666733910597777,0.1311882301333243,0.1249749374118503,0.0,0.0,0.0,0.0,0.0,0.0,0.0772495606440474,0.0927021717855412,0.0,0.0,0.0,0.0,0.1320415494699588,0.4743057569612249,0.4443532009585781,0.0,0.334689399584431,0.0,0.1060791572332453,0.0578284327738914,0.2578439252803629,0.2598583361329889,0.2340585618273368,0.154134203293964,0.0,0.0,0.0,0.0,0.0587473906492036,0.0,0.0,0.0,0.0,0.0,0.0,0.0,0.1512938712801037,0.0,0.0,0.0021999704501461,0.0,0.0,0.1559671719555876,0.0,0.0821251950561995,0.0,0.0,0.0,0.0,0.0,0.1375309817566386,0.1389470173271471,0.1192232439624864,0.0,0.0,0.0396033163319273,0.0,0.0
0.0,0.0,0.0,0.0518032428784608,0.0,0.0,0.0,0.0,0.0,0.0536565530233592,0.0,0.0,0.0298876351328529,0.0,0.0,0.0,0.0045826350138171,0.0,0.0,0.0,0.0,0.0,0.0,0.1145342864899991,0.0,0.0134865983507861,0.0,0.0,0.0,0.0,0.0717848450538768,0.2287164550228329,0.2599703585813182,0.334689399584431,0.0,0.0,0.0758825820598683,0.0,0.4598831117035847,0.1500969986776298,0.3537102076437471,0.4243842824886686,0.0,0.1393151823360599,0.0,0.0,0.0,0.0,0.0,0.0,0.0,0.0,0.0,0.0,0.0,0.0,0.0,0.0,0.0,0.0,0.0,0.0,0.0,0.0,0.0,0.0,0.0,0.0,0.0,0.0,0.0,0.0,0.004831385193509,0.0,0.0,0.0
0.0,0.0,0.1657203296519714,0.1311011996568601,0.097415366821579,0.0471291058497167,0.0584409393148002,0.062321496868335,0.0979552643931365,0.1209552793010165,0.234957620719324,0.2278744256679132,0.0083072799751205,0.0,0.2212105939162244,0.0,0.0,0.0,0.2319681146358219,0.3203806632257217,0.0,0.3239898942973398,0.0226403173679607,0.2137807469104007,0.0,0.1597195779769412,0.163201086225662,0.3863392032853946,0.1653726809208161,0.0,0.2292985171112531,0.0,0.0,0.0,0.0,0.0,0.2297632514618958,0.082654867037974,0.0,0.0,0.0,0.0,0.3700641079832134,0.2409752328581443,0.1476902770338335,0.0,0.0,0.1603067731316277,0.0,0.0,0.0,0.0,0.1793698365287281,0.0960949585246272,0.0,0.1872716173279463,0.1356441830711759,0.0,0.0,0.0,0.0,0.0,0.0,0.1402737281467239,0.1891532950956459,0.0,0.2249307044879343,0.0,0.0,0.0,0.0,0.0923401315126666,0.2804335224273311,0.0,0.0,0.0
0.0,0.0,0.0918775740202713,0.1803408353227578,0.0,0.0,0.0,0.0,0.0209406817278032,0.322968379651976,0.0,0.2918497539270288,0.1298554081340125,0.062276946839986,0.0,0.0,0.0,0.0,0.1650235377840537,0.0667063445253872,0.0,0.1057021980641167,0.0124355545774935,0.0554173227535292,0.0,0.0,0.102795156448849,0.2325117105687607,0.0,0.0,0.2042822119658585,0.0828671690943002,0.0692023993731718,0.1060791572332453,0.0758825820598683,0.2297632514618958,0.0,0.0182193325595192,0.0,0.0,0.0,0.0,0.0225970131595876,0.0,0.0,0.0,0.0,0.0,0.0,0.0,0.0,0.0,0.0,0.0,0.0,0.0,0.0,0.0,0.0,0.0,0.0,0.0,0.0,0.0,0.0,0.0,0.0,0.0682033238105913,0.0,0.0,0.0,0.0,0.0,0.0,0.0,0.0
0.3367421462647028,0.0,0.0,0.0,0.0870305902435778,0.1604609350826599,0.0,0.0,0.3003328117479638,0.0,0.1842388899344347,0.0398647079322194,0.0240753954610276,0.0,0.0,0.0,0.0,0.0,0.2328180792990375,0.0,0.0,0.0,0.245923362104859,0.0523400045025149,0.0047228979589289,0.0610383819992212,0.1751229563171264,0.0949557835893448,0.0,0.0,0.3357835683686342,0.0,0.0870236340214617,0.0578284327738914,0.0,0.082654867037974,0.0182193325595192,0.0,0.0,0.0770299813897549,0.0,0.0,0.0,0.0,0.3178401649446931,0.0,0.0,0.0,0.0,0.0,0.0,0.0,0.0,0.0,0.0,0.0,0.0,0.0,0.0,0.0,0.0,0.0,0.0,0.0,0.0,0.0,0.0,0.0,0.0799720841405771,0.1238654500399049,0.1970121050728141,0.0,0.2638539009402388,0.0,0.0,0.0
0.0,0.2366902796343809,0.0,0.0,0.0,0.0,0.0,0.0,0.0,0.0593183727817088,0.0,0.0,0.0,0.0,0.0,0.0077366048960278,0.0,0.1323451299353841,0.0,0.0,0.0,0.0,0.0,0.1585848816210998,0.0,0.1538366511999921,0.0,0.0,0.0,0.0,0.0,0.6018407850254454,0.3578610079572423,0.2578439252803629,0.4598831117035847,0.0,0.0,0.0,0.0,0.260757649009659,0.4386988271275533,0.43793292347326,0.0,0.0782675303160462,0.0,0.0,0.0350355922809909,0.0,0.2499301393503767,0.0,0.0,0.2348057668816671,0.0,0.0,0.2257900132821743,0.0,0.0766013761638361,0.0849746899056218,0.1583998356807693,0.0,0.1819969442394501,0.2463122038589962,0.119528224692469,0.0,0.0,0.0,0.0,0.0,0.2976616025114363,0.1299041017077828,0.0518622640786859,0.0,0.0,0.0,0.0526275897052953,0.2603813805940634
0.0,0.0190221917711122,0.0,0.0,0.0,0.0,0.0,0.0,0.0,0.0,0.0,0.0,0.0,0.0,0.0,0.0,0.0,0.0,0.0,0.0,0.0471056143628645,0.0,0.0,0.0,0.0,0.0,0.0,0.0,0.0,0.0,0.0,0.2795684452761366,0.6522345411926728,0.2598583361329889,0.1500969986776298,0.0,0.0,0.0770299813897549,0.260757649009659,0.0,0.2517157266188062,0.3380611593701366,0.0,0.0,0.1537608037973215,0.0,0.1271525935810068,0.0,0.0,0.0,0.000982875550429,0.1656934323920807,0.0,0.0,0.0119384407340912,0.0,0.0,0.0,0.0,0.0,0.0478201237788623,0.0,0.0,0.0,0.0,0.0554336147419623,0.0,0.0,0.0264007834996711,0.0293241763638626,0.0,0.0,0.0,0.0,0.0,0.0
0.0,0.0,0.0,0.0,0.0,0.0,0.0,0.0,0.0,0.0,0.0,0.0,0.0,0.0,0.0,0.0,0.0,0.0,0.0,0.0,0.0,0.0,0.0,0.0,0.0,0.0,0.0,0.0,0.0,0.0,0.0,0.141008422764658,0.2246360599712338,0.2340585618273368,0.3537102076437471,0.0,0.0,0.0,0.4386988271275533,0.2517157266188062,0.0,0.4664289860943509,0.0,0.0,0.0,0.0,0.0,0.0,0.0,0.0,0.0,0.0179408553991291,0.0,0.0,0.0,0.0,0.0,0.0,0.0783347738675419,0.0,0.0257559333779046,0.090075438694871,0.0998532240304619,0.0,0.0,0.0,0.0,0.0,0.0,0.0,0.0,0.0,0.0,0.0,0.0,0.1880313452019418
0.0,0.0,0.0,0.0,0.0,0.0,0.0,0.0,0.0,0.0,0.0,0.0,0.0,0.0,0.0,0.0,0.0,0.0,0.0,0.0,0.0,0.0,0.0,0.0,0.0,0.0,0.0,0.0,0.0,0.0,0.0,0.3303405503767418,0.315709629751797,0.154134203293964,0.4243842824886686,0.0,0.0,0.0,0.43793292347326,0.3380611593701366,0.4664289860943509,0.0,0.0,0.0,0.0,0.0,0.0,0.0,0.2602077735405819,0.0,0.0,0.2442825993059549,0.0,0.0,0.100398570364983,0.0,0.0,0.0,0.0,0.0,0.0,0.0,0.0,0.0,0.0,0.0,0.0,0.0,0.2656432993218316,0.0,0.0,0.0,0.0,0.0,0.0,0.1885879218102079
0.0,0.0,0.364528302483353,0.0,0.2046364852506695,0.0929225514414329,0.0,0.0,0.2374711560963682,0.0,0.3717070170589486,0.3412835073934671,0.1265237439660464,0.0,0.2526459111458427,0.0,0.0,0.0,0.3772269781089483,0.362493812459002,0.0,0.3033907864440464,0.1334318204738326,0.0,0.0,0.0,0.3120367109971587,0.2644844500609882,0.0973000431363783,0.0,0.2755164028993281,0.0,0.0,0.0,0.0,0.3700641079832134,0.0225970131595876,0.0,0.0,0.0,0.0,0.0,0.0,0.4044378946665131,0.1029742659748159,0.0,0.0,0.4413775495709556,0.0,0.1573946900608482,0.0334117273393904,0.0,0.0987631084694592,0.2593880736218089,0.0,0.3911810882680579,0.1948989919242535,0.1295758884523583,0.0576077089652301,0.2565158371880138,0.0,0.1443392989766615,0.0,0.3882196819523916,0.4102159812206077,0.0,0.4317926266737924,0.20551886815839,0.2627581189743922,0.1702628235839287,0.3108122500361345,0.3564850319254822,0.5689567737575361,0.0622266015974153,0.0,0.4271072086468988
0.0,0.0,0.0,0.0,0.0,0.0,0.0,0.0,0.0,0.0,0.0,0.0,0.0,0.0,0.0,0.0,0.0,0.0,0.0,0.0,0.0,0.0,0.0,0.0,0.0,0.0,0.0695287439879961,0.0,0.0,0.0,0.0,0.0785106223924627,0.0,0.0,0.1393151823360599,0.2409752328581443,0.0,0.0,0.0782675303160462,0.0,0.0,0.0,0.4044378946665131,0.0,0.0,0.0,0.0,0.1753003562486783,0.101980864007628,0.1511603849291604,0.0,0.0,0.0,0.0,0.1857536058980441,0.1438865651117689,0.2632084379246707,0.0,0.1396129355893629,0.0,0.0,0.0,0.0,0.1045303388365327,0.0,0.0,0.0,0.0,0.0,0.0,0.0,0.1407746397024036,0.2841194495776539,0.0,0.0,0.1995267323015526
0.0,0.0,0.0,0.0,0.0,0.0,0.0,0.0,0.0,0.0,0.0,0.0,0.0202097198952578,0.0,0.0,0.0,0.0,0.0,0.0,0.0,0.0,0.0,0.0,0.0,0.0,0.0,0.0,0.0233436651258384,0.0,0.0,0.0,0.0,0.0,0.0,0.0,0.1476902770338335,0.0,0.3178401649446931,0.0,0.1537608037973215,0.0,0.0,0.1029742659748159,0.0,0.0,0.4569158143918428,0.0,0.0,0.0,0.0,0.1226209023540017,0.0,0.0,0.2720715266516696,0.0,0.1611598765720347,0.0,0.1288033860470097,0.0,0.0,0.0,0.1295084244771719,0.1831696933850328,0.1555737587391027,0.0,0.0,0.0,0.0954195069028358,0.0,0.0509903443794794,0.0683713049564793,0.0372952621231804,0.1877246869038237,0.0,0.0,0.0013420528149285
0.7595367345427633,0.0,0.0,0.0,0.0,0.0,0.0,0.0,0.0,0.0,0.0,0.0,0.0,0.0,0.0,0.056300526863209,0.0,0.0740961335737351,0.0,0.0,0.717033344667303,0.4578840761439749,0.0,0.2142404799634205,0.0770644294453615,0.0,0.0,0.0,0.0,0.0,0.0,0.0,0.0,0.0,0.0,0.0,0.0,0.0,0.0,0.0,0.0,0.0,0.0,0.0,0.4569158143918428,0.0,0.2111676152274062,0.0,0.0,0.0,0.3042443506008418,0.0,0.5403338234169436,0.0,0.0,0.0,0.0,0.3660876651617354,0.0,0.5015997776572488,0.4364331274463737,0.0,0.4838665639210401,0.0,0.3446956213351567,0.6160084381654161,0.4468711722278448,0.3771437144138848,0.0479425041257326,0.3034650036088466,0.3660547581560167,0.2475091598862211,0.4729827055191681,0.46109958296511,0.0,0.2984797462292025
0.2327804320268135,0.451969055998068,0.0,0.0,0.0,0.5920033816137816,0.0,0.0,0.0,0.0,0.0,0.0,0.0,0.0,0.2705645391774479,0.400752711202364,0.0,0.4011321682743041,0.0,0.2127652565642054,0.3333766116054539,0.3662329486858107,0.456411292419121,0.0,0.4828890612653526,0.2866956064638917,0.2641642146606208,0.0,0.4797357010259809,0.0,0.140519149342069,0.0334177935915086,0.097147832709197,0.0587473906492036,0.0,0.0,0.0,0.0,0.0350355922809909,0.1271525935810068,0.0,0.0,0.0,0.0,0.0,0.2111676152274062,0.0,0.0,0.0,0.0,0.5926921387940943,0.1624983288314362,0.5193516744053843,0.2550773904212653,0.2669906999702246,0.0,0.0,0.5436022832146258,0.0,0.3172905696511501,0.4183643026061417,0.48907941507068,0.2757685523488524,0.0,0.1564399360114866,0.3626037800091787,0.2694234069607017,0.4629794221618824,0.0,0.7321999939442513,0.5862386571993615,0.1110673177964456,0.1020114748687885,0.306682082105946,0.0,0.0
0.0,0.0,0.8472550763394017,0.0,0.7666149548699825,0.4575418908221946,0.2621299370142007,0.0,0.7643964591175039,0.0,0.89525852521093,0.0,0.3445801194152506,0.1014380266910371,0.0,0.0,0.0,0.0,0.86117021432411,0.0,0.0,0.0,0.4729568471610268,0.0,0.0,0.0,0.7253223563890345,0.5863900884828426,0.3610401197968301,0.0,0.0,0.0,0.0,0.0,0.0,0.1603067731316277,0.0,0.0,0.0,0.0,0.0,0.0,0.4413775495709556,0.1753003562486783,0.0,0.0,0.0,0.0,0.0,0.6736848028770369,0.3451860880748324,0.0,0.4114436980560428,0.7934626032065762,0.0,0.9750287839466418,0.2584224224449438,0.4212958215817516,0.0272337086115337,0.0,0.0,0.0,0.0,0.9167343743759075,0.0,0.0212612894252025,0.0,0.6162467836952131,0.0,0.2494864866648101,0.4079488920573772,0.7491494303708943,0.7830182147041646,0.3273332435254908,0.7638002681884893,0.5437112849572711
0.0,0.0,0.0,0.0,0.0,0.0,0.0,0.0,0.0,0.0,0.0,0.0,0.0,0.0,0.0,0.0,0.0,0.0,0.0,0.0,0.0,0.0,0.0,0.0,0.0,0.0,0.0,0.0,0.0,0.0,0.0,0.0,0.0,0.0,0.0,0.0,0.0,0.0,0.2499301393503767,0.0,0.0,0.2602077735405819,0.0,0.101980864007628,0.0,0.0,0.0,0.0,0.0,0.0,0.1262026175808997,0.154488043751286,0.0,0.0,0.0,0.0,0.0,0.0911685956054789,0.1179950290475102,0.0,0.0,0.0,0.0,0.0,0.0,0.0,0.0,0.0,0.0,0.0,0.0,0.0,0.0,0.0,0.0,0.0
0.0,0.0,0.5563437887006024,0.0,0.7101159593469063,0.2419292905487004,0.0,0.0,0.6573223846017805,0.0,0.6265268155410142,0.0,0.0,0.0,0.0,0.0,0.0,0.0,0.5068166155700957,0.0,0.0,0.0,0.2712585702374921,0.0,0.0,0.0,0.5714795558053094,0.0,0.0,0.0,0.0,0.0,0.0,0.0,0.0,0.0,0.0,0.0,0.0,0.0,0.0,0.0,0.1573946900608482,0.1511603849291604,0.0,0.0,0.0,0.6736848028770369,0.0,0.0,0.3296636612777875,0.3599450232759268,0.197331391878072,0.7425141749049797,0.0,0.6903943291857835,0.0658121483207439,0.3960562409271922,0.0651839039632487,0.0,0.0,0.0,0.0,0.5902565875349831,0.0,0.0,0.0,0.426882834534748,0.0,0.0,0.0,0.6235297927862797,0.5626523906633764,0.0,0.0,0.5529846003568752
