0.0,0.0817782648207953,0.0,0.0,0.0,0.0,0.0,0.0260188940317217,0.0,0.0068815075035086,0.0,0.0,0.0,0.0,0.0273724122956271,0.1205522437552376,0.0,0.0277726347857128,0.0,0.0,0.3184900018815467,0.1195410843654169,0.0,0.4107218656255821,0.2532702994284613,0.2233008248572028,0.0,0.0,0.0,0.0,-0.0304893280925901,0.0,0.3196482123288823,0.0243749375431352,0.0,0.0,0.0,0.0,0.0,0.3025726831469958,0.276689606879295,0.0,0.0,0.0,0.0,0.6041081797400406,0.0,0.0,0.0,0.0,0.0,0.0,0.0,0.0,0.1106627826036375,0.0,0.0,0.0,0.0,0.0,0.0550623616646116,0.0,0.0273729951246369,0.0,0.0,0.0985336650986779,0.0363326031177845,0.0,0.3967199149467924,0.1245989129811071,0.2968888524287326,0.0,0.0,0.0,0.0,0.0
0.0817782648207953,0.0,0.0,0.0,0.0,0.3208809967454684,0.0178022877098892,0.2175888942249903,0.0,0.0,0.0,0.0,0.2871442403965163,0.0,0.0,0.1036212560717498,0.0,0.3969767770902241,0.0,0.0,0.1164602722553626,-0.017393522107119,0.2572728187604007,0.0,0.2889297263699072,0.5220317186490175,-0.0101645334306486,0.0,0.0,0.0,0.0,0.0117459338899087,0.2137417175059842,0.0,0.0,0.0,0.0,0.0,0.1018223315213595,0.1688330967787995,0.080027074919513,0.1151580291719271,0.0,0.0,0.0,0.0352260126281367,0.4791530288140103,0.0,0.0,0.0,0.0,0.0,0.0,0.0,0.0,0.0,0.0,0.0,0.0,0.0,0.0746780203174539,0.0,0.1497938820845064,0.0,0.0134742167296482,0.058644779797625,0.0334260276723125,0.1399503001219613,0.0,0.1105043275322346,0.4436297910818106,-0.0136742003784157,0.0,0.0314341189694378,0.0,0.0
0.0,0.0,0.0,0.0,0.3352514285314186,0.1267525950999873,0.0,0.1382263057959526,0.5494595285507641,0.193433780765708,0.6061946906939718,0.0,0.0899050993308611,0.0,0.0,0.0,0.0,0.0,0.6017674169919812,0.0,0.0,0.0,0.2307590176428543,0.0,0.0,0.0,0.3956585723291992,0.1724671873338998,0.0,0.173572977737076,-0.0059245086989587,0.0,0.0,0.0,0.0,0.0663545469112308,0.0,0.0,0.0,0.0,0.0,0.0,0.0,0.0,0.0,0.0,0.0,0.5960972690047323,0.0,0.1534643642646319,0.2015313527959041,0.0,0.0985376201376535,0.519313490516928,0.0,0.5124318627731833,0.0,0.0,0.0,0.0,0.0,0.0,0.0,0.6009978736807577,0.0,0.0,0.0,0.2646620050183889,0.0,0.0,0.0,0.3777067910044044,0.0,0.0,0.0,0.0
0.0,0.0,0.0,0.0,0.0,0.1675275747138372,0.368843442017533,0.0102449915224914,0.0,0.0222735940681155,0.0,0.0,0.0267105851626889,0.1724354041238273,0.0,0.0,0.0,0.0,0.0,0.0,0.0,0.0,0.0782293401315179,0.0,0.0,0.0,0.0,0.2391318130302326,0.0,0.0,0.0,0.4749100920883594,0.0,0.182000702941793,0.4170460936680844,0.3195116160173868,0.3326554330742164,0.0,0.0,0.0,0.0,0.0,0.0,0.0,0.0,0.0,0.0,0.0,0.0,0.0,0.0,0.0,0.0,0.0,0.0,0.0,0.0,0.0,0.0,0.0,0.0,0.0,0.0,0.0,0.0,0.0,0.0,0.0,0.0,0.0,0.0,0.0,0.0,0.0,0.0,0.0
0.0,0.0,0.3352514285314186,0.0,0.0,0.107431086892243,0.0545387827973078,-0.0014026938894134,0.467722598661894,0.1188676603451586,0.4041067684764749,0.1407719293443984,0.2454325898998914,0.2148633624513444,0.0,0.0,0.0,0.0,0.2080212721818179,0.2998126036646276,0.0,0.2295735098477456,0.0934047938926105,0.0,0.0279663648276303,0.0,0.3893238435482695,0.2905450376282332,0.0735449186686029,0.0,0.0578517727929313,0.0,0.0,0.0,0.0,0.0,0.0,0.1250869098866104,0.0,0.0,0.0,0.0,0.0052677926283988,0.0,0.0,0.0,0.0,0.3874836078488465,0.0,0.0,0.0,0.0,0.0678241735316378,0.4285524366773492,0.0,0.4491021324519573,0.0,0.0,0.0,0.0,0.0,0.0,0.0,0.0,0.0,0.0,0.0,0.1849158834146731,0.0,0.0,0.0,0.28324632307129,0.0,0.0,0.0,0.0
0.0,0.3208809967454684,0.1267525950999873,0.1675275747138372,0.107431086892243,0.0,0.1671754717980407,0.2294922046520221,0.0955491747045785,0.2776054962203768,0.0,0.0,0.3697907932830634,0.0579130961976109,0.1116049809126908,0.0582227895426188,0.0,0.3238948209512574,0.0990953029991811,0.1331086604246639,-0.0130857755493858,0.0072063013296241,0.5116930657023963,0.0,0.0882894965814518,0.2928294897696802,0.2243729188850519,0.255263334714033,0.3251635430448637,0.1675094830417535,0.1266469548587165,0.1060773033777793,0.0,0.0,0.0783275190384337,0.1799963509710527,0.1572605180942414,0.0,0.0105304449880775,0.0,0.0,0.0,0.0570806469849539,0.0,0.0,0.0,0.0,0.0810159445044107,0.0,0.0,0.4466700730215363,0.0297500549656113,0.1603972499259862,0.0989243796435098,0.0,0.0,0.0,0.2953479385745589,0.0,0.1332421668273745,0.0,0.0,0.0,0.0181973162211165,0.0453142283805941,0.0841478730582149,0.1135838592560042,0.4506306356595532,0.0,0.0,0.0,0.0650982235523368,0.0225267668105582,0.0,0.0,0.0
0.0,0.0178022877098892,0.0,0.368843442017533,0.0545387827973078,0.1671754717980407,0.0,0.0,0.0,0.0987516508931317,0.0,0.0,0.1990393298129735,0.2557243584792337,0.0,0.0074704966119692,0.190149351913872,0.1149471509311885,0.0,0.0132470769151593,0.0,0.0400080365651538,0.0,0.0,0.1141552019419916,0.0,0.0876131704210296,0.2514742853052992,0.3676982982875669,0.0,0.2736423479878322,0.4015039791943823,0.0,0.1054468161752664,0.2702098875469454,0.138811180397243,0.2070108357753606,0.2039663786189522,0.0,0.0,0.0,0.0,0.0,0.0,0.0,0.0,0.0,0.0,0.0,0.0,0.0,0.0,0.0,0.0,0.0,0.0,0.0,0.0,0.0,0.0,0.0,0.0,0.0,0.0,0.0,0.0,0.0,0.0738451354339142,0.0,0.0,0.0,0.0,0.0,0.0,0.0,0.0
0.0260188940317217,0.2175888942249903,0.1382263057959526,0.0102449915224914,-0.0014026938894134,0.2294922046520221,0.0,0.0,0.0503448563885513,0.1883378444452318,0.1276490039183395,0.0,0.2291720309193934,0.113721365823742,0.0,0.0,0.0,0.1528491036576672,0.0892632601273546,0.0,0.1333569811741135,0.0,0.4535621495895097,0.2495578515938243,0.0,0.3638960827724449,0.0,0.0785487515745552,0.0,0.0,0.0,0.0330341626185302,0.0557357612888316,0.0,0.0,0.1707017588752163,0.0337305796884516,0.0,0.0425942276197219,0.0,0.0,0.0,0.2164184563698983,0.0,0.0,0.0,0.0,0.0972712779061018,0.0,0.0,0.2098775607719661,0.0,0.5235579033521007,0.093400700603124,0.0,0.1159815867020633,0.0,0.21781999647222,0.0,0.0,0.0,0.0,0.0,0.1151868316099039,0.0,0.0603926137590958,0.0,0.2286228239761571,0.0,0.0,0.0,0.0,0.0592157662509022,0.0,0.0,0.0
0.0,0.0,0.5494595285507641,0.0,0.467722598661894,0.0955491747045785,0.0,0.0503448563885513,0.0,0.1653914280764027,0.578395501860179,0.2139327470063651,0.0948898960382016,0.0,0.0,0.0,0.0,0.0,0.4593055939741723,0.4396189028876736,0.0,0.3672609924307819,0.1516475352067693,0.0,0.0,0.0,0.4902451465025037,0.1533734063475421,0.0094106681828489,0.1656826723173668,0.009454204107799,0.0,0.0,0.0,0.0,0.0171298833549323,0.0,0.0517300682759408,0.0,0.0,0.0,0.0,0.0,0.0,0.0,0.0,0.0,0.5290498754469525,0.0,0.0,0.1530666693647046,0.0,0.0482833365811968,0.6511283881610441,0.0,0.4949617261217983,0.0,0.0,0.0154059735162428,0.0,0.0,0.0,0.0,0.4541454894606609,0.0,0.0,0.0,0.2586225839917152,0.0,0.0,0.0,0.4741748534945874,0.0,0.0,0.0,0.0
0.0068815075035086,0.0,0.193433780765708,0.0222735940681155,0.1188676603451586,0.2776054962203768,0.0987516508931317,0.1883378444452318,0.1653914280764027,0.0,0.1241972875734028,0.4589164749759576,0.14033532709543,0.0489648807451354,0.0,0.0,0.4019297263537639,0.1732707398903295,0.1891542025073676,0.0,0.0,0.0728235651899642,0.2997897751345533,0.1124198483151735,0.0975714062771691,0.3261555704645325,0.1707118376568697,0.139841031248446,0.0,0.0,0.0931529013574547,0.0,0.0,0.0,0.0,0.0602542355222357,0.1121251867452785,0.189187987693535,0.0,0.0,0.0,0.0,0.0,0.0,0.1988118442133636,0.0,0.0,0.0,0.0,0.0,0.0,0.0,0.0,0.0,0.3447367838798458,0.0,0.3586140132804987,0.0,0.0,0.0,0.0,0.288771833685163,0.1069571514795511,0.0,0.0,0.0,0.0,0.0,0.0409073266859267,0.0299594705923476,0.275750032824948,0.0,0.0924880002312243,0.0,0.0,0.0
0.0,0.0,0.6061946906939718,0.0,0.4041067684764749,0.0,0.0,0.1276490039183395,0.578395501860179,0.1241972875734028,0.0,0.224163455687667,0.0780764509640818,0.0307236990593815,0.0,0.0,0.0,0.0,0.5623828951341683,0.0,0.0,0.0,0.0902531685921603,0.0,0.0,0.0,0.3316330225553797,0.0944161510224876,0.0,0.0,0.0,0.0,0.0,0.0,0.0,0.0270544371869982,0.0,0.0,0.0,0.0,0.0,0.0,0.0,0.0,0.0,0.0,0.0,0.5619452558403013,0.0,0.2474983774618465,0.1382976514497361,0.03215010436251,0.1424545823479357,0.5454901648343524,0.0,0.5928429302918389,0.0,0.1806215393527656,0.0,0.0,0.0,0.0,0.0,0.5692815469904017,0.0,0.0,0.0,0.123828021380172,0.0,0.0,0.0,0.3530019332970642,0.0,0.0,0.0,0.0
0.0,0.0,0.0,0.0,0.1407719293443984,0.0,0.0,0.0,0.2139327470063651,0.4589164749759576,0.224163455687667,0.0,0.2216695814967494,0.0,0.0,0.0,0.3190805731735274,0.1276507628112898,0.0,0.0,0.0,0.0,0.0,0.1725346322441532,0.0,0.4153758270319686,0.0,0.1588767460828881,0.0,0.0,0.0,0.0,0.0,0.0,0.0,0.144124866991765,0.0711615088997606,0.1413222098284185,0.0,0.0,0.0,0.0,0.0,0.0,0.1592785097363488,0.0,0.0,0.0,0.0,0.0,0.0,0.0,0.0,0.0,0.2793693276992715,0.0,0.5065898995330179,0.0,0.0,0.0,0.0,0.324988948676376,0.0248260505863953,0.0,0.0,0.0,0.0,0.0,0.0278445737565568,0.0,0.2786579771972916,0.0,0.0,0.0,0.0,0.0
0.0,0.2871442403965163,0.0899050993308611,0.0267105851626889,0.2454325898998914,0.3697907932830634,0.1990393298129735,0.2291720309193934,0.0948898960382016,0.14033532709543,0.0780764509640818,0.2216695814967494,0.0,0.1180919090185258,0.0490514789710667,0.0680293623724468,0.4226550501323252,0.357821845163944,0.071185586374632,0.0412796265844021,0.0490576641986211,-0.0037019984380655,0.2430661543499093,0.0,0.0,0.1503660797004839,0.0709769896626319,0.3901173306497602,0.1580610818727748,0.1372114702942899,-0.0067673918870589,0.083220199034998,0.0,0.0,0.0045255223292616,0.1175173376358953,0.0821735893534556,-0.0053703825138467,0.046870596281598,0.0,0.0,0.0,0.1678751455223795,0.0,0.0,0.0,0.0,0.1022756141067087,0.0,0.0,0.3099742046937367,0.0,0.2061593111469648,0.0,0.0,0.0,0.0,0.0,0.0,0.0,0.0,0.0,0.0,0.0,0.0,0.0,0.0,0.1964415995369396,0.0,0.0,0.0,0.0,0.0,0.0,0.0,0.0
0.0,0.0,0.0,0.1724354041238273,0.2148633624513444,0.0579130961976109,0.2557243584792337,0.113721365823742,0.0,0.0489648807451354,0.0307236990593815,0.0,0.1180919090185258,0.0,0.0,0.0,0.0,0.0,0.0,0.0,0.0738343128618485,0.0,0.101909913717219,0.0,0.0,0.0,0.0388436782741844,0.1339193213490996,0.0,0.0,0.0826829821461979,0.282764089728413,0.0,0.0,0.0,0.1085366301644264,0.1329738464257836,0.0,0.0,0.0,0.0,0.0,0.1563086817017758,0.0,0.0,0.0,0.0,0.0,0.0,0.0,0.0,0.0,0.0,0.0,0.0,0.0778263857752209,0.0,0.0,0.0,0.0,0.0,0.0,0.0,0.0,0.0,0.0,0.0,0.088270945434548,0.0,0.0,0.0,0.0,0.0,0.0,0.0,0.0
0.0273724122956271,0.0,0.0,0.0,0.0,0.1116049809126908,0.0,0.0,0.0,0.0,0.0,0.0,0.0490514789710667,0.0,0.0,0.0,0.0,0.014621179196713,0.0,0.59141094845396,0.0,0.5292654537691356,0.164297026981667,0.0,0.1274243682960441,0.098946400268857,0.5574166661285674,0.2699871160833411,0.1921632899996493,0.0,0.2093613998941839,0.0,0.0,0.0,0.0,0.0386529677634648,0.0,0.0,0.0,0.0,0.0,0.0,0.0,0.0,0.0,0.0,0.0527956033035138,0.0,0.0,0.0,0.1213572842479156,0.0,0.0,0.0,0.0,0.0,0.0,0.0,0.0,0.6323416955251683,0.0957687540344077,0.0,0.0,0.0,0.4744167941970926,0.1093763214173301,0.5413393339684248,0.3281227668571956,0.0,0.0,0.1312008345507628,0.5045139290807725,0.3863115572329191,0.1023944877122973,0.0,0.1684601772868929
0.1205522437552376,0.1036212560717498,0.0,0.0,0.0,0.0582227895426188,0.0074704966119692,0.0,0.0,0.0,0.0,0.0,0.0680293623724468,0.0,0.0,0.0,0.1666725284925154,0.4109652116449716,0.0,0.0993482320493349,0.129985783765618,0.2340682858299057,0.0,0.0,0.1872791821633574,0.0,0.0094090244442323,0.0772598841979736,0.232606662786902,0.1182817221368207,0.1847525230820812,0.0,0.062698411602517,0.0325788839316797,0.0,0.0,0.0,0.0,0.0,0.0035209337144594,0.059920789848306,0.0498065948004696,0.0,0.0,0.0,0.1625949859552981,0.0556956324943759,0.0,0.0,0.0,0.0,0.0,0.0,0.0,0.0,0.0,0.0,0.0,0.0,0.0,0.4307270418130213,0.0,0.4822782144666529,0.0,-0.0218261535401518,0.0322350837285965,0.0329686710771394,0.0,0.0,0.1960979014139782,0.0,0.0,0.0,0.0,0.0,0.2418971880936733
0.0,0.0,0.0,0.0,0.0,0.0,0.190149351913872,0.0,0.0,0.4019297263537639,0.0,0.3190805731735274,0.4226550501323252,0.0,0.0,0.1666725284925154,0.0,0.4211580049162854,0.0,0.1175546204551055,0.0,0.1096650221504912,0.0,0.0365185946821531,0.100145225894082,0.2600097956051722,0.0,0.3029099428935674,0.0,0.0,0.1346848508794547,0.0,0.0,0.0,0.0,0.0,0.0,0.0659691713148197,0.0,0.0,0.0,0.0,0.0,0.0,0.0,0.0,0.0,0.0,0.0,0.0,0.0,0.0,0.0,0.0,0.3021740920080143,0.0,0.2276892906671832,0.0,0.0,0.0,0.0,0.4843783248697123,0.3282755944228505,0.0,0.0,0.0,0.0,0.0,0.0,0.0517682472445525,0.1995217388157953,0.0,0.0,0.0,0.0,0.0
0.0277726347857128,0.3969767770902241,0.0,0.0,0.0,0.3238948209512574,0.1149471509311885,0.1528491036576672,0.0,0.1732707398903295,0.0,0.1276507628112898,0.357821845163944,0.0,0.014621179196713,0.4109652116449716,0.4211580049162854,0.0,0.0,0.0873119842391305,0.1207134488039894,0.1702227537652228,0.2204648532891816,0.0455717872457493,0.2104562377463595,0.287719897333095,0.0991326351997558,0.1756058912297644,0.1562273123847272,0.0,0.0638869490558981,0.0265818039955115,0.0493564347908755,0.0,0.0,0.0,0.0,0.0,0.0291229837269288,0.0,0.0,0.0,0.0,0.0,0.0,0.0174042882681511,0.3559783551831116,0.0,0.0,0.0,0.0,0.0,0.0,0.0,0.2232798670578161,0.0,0.1542472362001736,0.0,0.0,0.0,0.2756547883181489,0.3790927331717807,0.4307578008827627,0.0,0.0,0.0,0.0510639775630124,0.0,0.0306242130777568,0.1438276421610961,0.2223615831934307,0.0,0.0,0.0,0.0,0.0020287767913555
0.0,0.0,0.6017674169919812,0.0,0.2080212721818179,0.0990953029991811,0.0,0.0892632601273546,0.4593055939741723,0.1891542025073676,0.5623828951341683,0.0,0.071185586374632,0.0,0.0,0.0,0.0,0.0,0.0,0.0,0.0,0.0,0.1333967031373998,0.0,0.0,0.0,0.2734924244958912,0.0974494724371781,0.0,0.0,0.0,0.0,0.0,0.0,0.0,0.0674085109529694,0.0,0.0,0.0,0.0,0.0,0.0,0.0,0.0,0.0,0.0,0.0,0.4988800633449988,0.0,0.0,0.1873225002027876,0.0,0.0520336722673647,0.4337593502553499,0.0,0.4394456771703884,0.0,0.0,0.0,0.0,0.0,0.0,0.0,0.6395505972867557,0.0,0.0,0.0,0.1571904981173884,0.0,0.0,0.0,0.2887889411026276,0.0,0.0,0.0,0.0
0.0,0.0,0.0,0.0,0.2998126036646276,0.1331086604246639,0.0132470769151593,0.0,0.4396189028876736,0.0,0.0,0.0,0.0412796265844021,0.0,0.59141094845396,0.0993482320493349,0.1175546204551055,0.0873119842391305,0.0,0.0,0.0,0.5672607391557593,0.150629848243601,0.0,0.1429924878974796,0.0357078357092626,0.5445832615341015,0.3411695005305003,0.3062741352072601,0.406990734815372,0.3206152295047265,0.0,0.0,0.0,0.0,0.1644712328056983,0.0045328242245022,0.0,0.0,0.0,0.0,0.0,0.0,0.0,0.0,0.0,0.0666855541250834,0.0,0.0,0.0,0.0690390139482707,0.0,0.0,0.0,0.0,0.0,0.0,0.0,0.0,0.5952626379425763,0.0,0.0,0.0,0.0,0.4796278647474375,0.0813699932543886,0.559910735853444,0.3493912993810056,0.0,0.0,0.0512941541606023,0.4706220266509694,0.3619535626186786,0.051953560028362,0.0,0.1559965848332231
0.3184900018815467,0.1164602722553626,0.0,0.0,0.0,-0.0130857755493858,0.0,0.1333569811741135,0.0,0.0,0.0,0.0,0.0490576641986211,0.0738343128618485,0.0,0.129985783765618,0.0,0.1207134488039894,0.0,0.0,0.0,0.0343141568513309,0.0692592375105842,0.1187869090793999,0.1920383955672009,0.0636657805066833,0.0,0.0,0.0555439958661688,0.1000832710150031,0.0499113462050016,0.1553502136340139,0.135937266055775,0.0599478571727259,0.0,0.0,0.0,0.0,0.2500405833930452,0.0868487849070813,0.1434230614580434,0.2229968156939848,0.0,0.0,0.0,0.3507803668652683,0.1141689271101523,0.0,0.0,0.0,0.0196844347385801,0.0,0.2609388280789922,0.0,0.0,0.0,0.0,0.0,0.0,0.0,0.0983789104690946,0.0,0.0,0.0,0.0,0.4802520251990653,0.0,0.1011777278877537,0.0,0.2673282905032006,0.2127730145170784,0.0,0.0473730589575835,0.0469145932082694,0.0,0.2231149544463408
0.1195410843654169,-0.017393522107119,0.0,0.0,0.2295735098477456,0.0072063013296241,0.0400080365651538,0.0,0.3672609924307819,0.0728235651899642,0.0,0.0,-0.0037019984380655,0.0,0.5292654537691356,0.2340682858299057,0.1096650221504912,0.1702227537652228,0.0,0.5672607391557593,0.0343141568513309,0.0,0.025116665972364,0.0,0.2823375668411471,0.0907690043406525,0.4802319801027501,0.2252456913551508,0.2395914201149472,0.2880788391881839,0.2955232231931621,0.0,0.0,0.0,0.0,0.0325427603427692,0.0,0.0,0.0,0.0,0.0,0.0,0.0,0.0,0.0,0.1576195324787209,0.0715052771740452,0.0,0.0,0.0,0.0064687304100859,0.0,0.0,0.0,0.0,0.0,0.0,0.0,0.0,0.5172388022318167,0.259154093187492,0.0,0.1997502895813314,0.0,0.4076413882673547,0.1191478455127404,0.5537915175339531,0.2298612238181519,0.0,0.1889925487601141,0.1162225247253582,0.4732254499473634,0.0,0.1089877139882988,0.0,0.2809821542309678
0.0,0.2572728187604007,0.2307590176428543,0.0782293401315179,0.0934047938926105,0.5116930657023963,0.0,0.4535621495895097,0.1516475352067693,0.2997897751345533,0.0902531685921603,0.0,0.2430661543499093,0.101909913717219,0.164297026981667,0.0,0.0,0.2204648532891816,0.1333967031373998,0.150629848243601,0.0692592375105842,0.025116665972364,0.0,0.0379009470508328,0.0,0.3793404733817447,0.1845421527224509,0.2043793622151431,0.067802493893316,0.121450605591645,0.0573656347214005,0.0842949545308658,0.0,0.0,0.0256122190591999,0.1634119456181822,0.0615339016204061,0.0,0.0,0.0,0.0,0.0,0.0593084160618885,0.0,0.0,0.0,0.3617331707270488,0.1812118639162322,0.0,0.0,0.3348897958662449,0.0,0.3184449820496268,0.1473183392524571,0.0,0.0837487007766931,0.0,0.2492921241831105,0.0779061215017301,0.1641998166975231,0.0,0.0,0.0,0.1168297778031499,0.0512100237174427,0.1086322722336444,0.1179961444272676,0.5036198685720906,0.0,0.0,0.2950089216142386,0.0288135645014148,0.0405478687106257,0.0,0.0,0.0
0.4107218656255821,0.0,0.0,0.0,0.0,0.0,0.0,0.2495578515938243,0.0,0.1124198483151735,0.0,0.1725346322441532,0.0,0.0,0.0,0.0,0.0365185946821531,0.0455717872457493,0.0,0.0,0.1187869090793999,0.0,0.0379009470508328,0.0,0.1665241256492465,0.4267082865281033,0.0,0.0,0.0,0.0,0.0,0.0,0.4557364584779194,0.0,0.0,0.0,0.0,0.0,0.0,0.4711882995023371,0.2861401926484163,0.0,0.0,0.0,0.0097359689355731,0.3693693684688832,0.0,0.0,0.0,0.0,0.0,0.0,0.0,0.0,0.0004319311380928,0.0,0.4393199850812541,0.0,0.0,0.0,0.0,0.0949333527952169,0.0,0.0,0.0,0.0,0.0,0.0,0.6213903880384835,0.0,0.4086423255187446,0.0,0.0,0.0,0.0,0.1619433925678265
0.2532702994284613,0.2889297263699072,0.0,0.0,0.0279663648276303,0.0882894965814518,0.1141552019419916,0.0,0.0,0.0975714062771691,0.0,0.0,0.0,0.0,0.1274243682960441,0.1872791821633574,0.100145225894082,0.2104562377463595,0.0,0.1429924878974796,0.1920383955672009,0.2823375668411471,0.0,0.1665241256492465,0.0,0.2476773573919334,0.207670182095207,0.0,0.1779008440282791,0.0,0.0871440739138457,0.0,0.2567572683945331,-0.0050831259235848,0.0,0.0,0.0,0.003789421733311,0.0152991146133865,0.2325781698689479,0.2076734036809149,0.1518802986436237,0.0,0.0,0.0,0.2884654962671294,0.1911332394755479,0.0,0.0,0.0,0.0,0.0,0.0,0.0,0.1017758519622195,0.0,0.0297449577345649,0.0,0.0,0.0,0.2205166880205552,0.0582059494522473,0.1525446467136656,0.0,0.2104574114179343,0.2079714833686963,0.2387995797018362,0.0,0.2169397919027604,0.4932299895666755,0.3587646314043534,0.0,0.0,0.0,0.0,0.2577636158065989
0.2233008248572028,0.5220317186490175,0.0,0.0,0.0,0.2928294897696802,0.0,0.3638960827724449,0.0,0.3261555704645325,0.0,0.4153758270319686,0.1503660797004839,0.0,0.098946400268857,0.0,0.2600097956051722,0.287719897333095,0.0,0.0357078357092626,0.0636657805066833,0.0907690043406525,0.3793404733817447,0.4267082865281033,0.2476773573919334,0.0,0.0927063628567483,0.0,0.0,0.0,0.0,0.0,0.1961754054392518,0.0,0.0,0.0,0.0,0.0276200028378935,0.0,0.1811674658363024,0.0,0.0,0.0,0.0,0.0872073838460012,0.1384088094157238,0.3722879497500297,0.0,0.0,0.0,0.0,0.0,0.0,0.0,0.2057638377774266,0.0,0.4932355768129073,0.0,0.0,0.1193766098046165,0.0,0.3119906517600029,0.0567709500901471,0.0,0.1950230752050805,0.0025017089886615,0.1783748012734715,0.2375837792325889,0.3259306218123667,0.0106529865433853,0.559240450496509,0.1152609618908437,0.0,0.0,0.0,0.0
0.0,-0.0101645334306486,0.3956585723291992,0.0,0.3893238435482695,0.2243729188850519,0.0876131704210296,0.0,0.4902451465025037,0.1707118376568697,0.3316330225553797,0.0,0.0709769896626319,0.0388436782741844,0.5574166661285674,0.0094090244442323,0.0,0.0991326351997558,0.2734924244958912,0.5445832615341015,0.0,0.4802319801027501,0.1845421527224509,0.0,0.207670182095207,0.0927063628567483,0.0,0.2315065020812694,0.3448669544683491,0.2809585219799857,0.2183111900806263,0.0,0.0,0.0,0.0,0.0337149644551636,0.0,0.0,0.0,0.0,0.0,0.0,0.0,0.0,0.0,0.0,0.1633287996633745,0.366845293611946,0.0,0.0,0.1804920391984207,0.0432221302312055,0.0,0.4714390038697906,0.0,0.2748124363693241,0.0,0.0768532271607935,0.1013853208560217,0.5597959397059771,0.0,0.0,0.0,0.2515062079484457,0.4471924299935302,0.114624682327738,0.5354683429514551,0.3781512443945202,0.0,0.0,0.1639886922828271,0.5723315951115202,0.2954666790229447,0.1922851425366684,0.0334877040985678,0.0982245265013078
0.0,0.0,0.1724671873338998,0.2391318130302326,0.2905450376282332,0.255263334714033,0.2514742853052992,0.0785487515745552,0.1533734063475421,0.139841031248446,0.0944161510224876,0.1588767460828881,0.3901173306497602,0.1339193213490996,0.2699871160833411,0.0772598841979736,0.3029099428935674,0.1756058912297644,0.0974494724371781,0.3411695005305003,0.0,0.2252456913551508,0.2043793622151431,0.0,0.0,0.0,0.2315065020812694,0.0,0.2965420867885209,0.4747809867475372,0.3360099159124131,0.1427141451877726,0.0,0.0,0.1720694780685291,0.3520573704703377,0.1803542488707696,0.1826976994919124,0.0,0.0,0.0,0.0,0.2321810266329529,0.0,0.0,0.0,0.0,0.0,0.0,0.0,0.0186297808865183,0.0,0.0,0.0,0.0,0.0,0.0,0.0,0.0,0.2912075656313739,0.0,0.0,0.0,0.0,0.0114271936244981,0.0785163852304766,0.0,0.2953143978183296,0.0,0.0,0.0,0.0431281367337291,0.3129355961515087,0.0,0.0,0.0
0.0,0.0,0.0,0.0,0.0735449186686029,0.3251635430448637,0.3676982982875669,0.0,0.0094106681828489,0.0,0.0,0.0,0.1580610818727748,0.0,0.1921632899996493,0.232606662786902,0.0,0.1562273123847272,0.0,0.3062741352072601,0.0555439958661688,0.2395914201149472,0.067802493893316,0.0,0.1779008440282791,0.0,0.3448669544683491,0.2965420867885209,0.0,0.3396861676563844,0.4029903326284752,0.2315030277857125,0.0,0.0425192977256838,0.245020766484037,0.1708034584622252,0.1539485247274646,0.0,0.102155517618108,0.0,0.0,0.0,0.0,0.0,0.0,0.0,0.1765974390041292,0.0,0.0,0.0,0.1245700314801122,0.0,0.0,0.0,0.0,0.0,0.0,0.0,0.0,0.1848252728873546,0.0,0.0,0.0,0.0,0.0341235737542105,0.2457221089442262,0.1970060687446914,0.256814319772311,0.0,0.0,0.0,0.1871510768527466,0.029591779758679,0.1825102123265603,0.0,0.0754649606055153
0.0,0.0,0.173572977737076,0.0,0.0,0.1675094830417535,0.0,0.0,0.1656826723173668,0.0,0.0,0.0,0.1372114702942899,0.0,0.0,0.1182817221368207,0.0,0.0,0.0,0.406990734815372,0.1000832710150031,0.2880788391881839,0.121450605591645,0.0,0.0,0.0,0.2809585219799857,0.4747809867475372,0.3396861676563844,0.0,0.3841999544967905,0.0748766800906006,0.0,0.0,0.0922310098830944,0.0,0.0,0.0,0.0,0.0,0.0,0.0,0.0,0.0,0.0,0.0,0.0,0.0,0.0,0.0,0.0,0.0,0.0,0.0,0.0,0.0,0.0,0.0,0.0,0.0,0.0,0.0,0.0,0.0,0.1605775183787718,0.0,0.0,0.3388809612642478,0.0,0.0,0.0,0.1963176592402823,0.0,0.0,0.0,0.0
-0.0304893280925901,0.0,-0.0059245086989587,0.0,0.0578517727929313,0.1266469548587165,0.2736423479878322,0.0,0.009454204107799,0.0931529013574547,0.0,0.0,-0.0067673918870589,0.0826829821461979,0.2093613998941839,0.1847525230820812,0.1346848508794547,0.0638869490558981,0.0,0.3206152295047265,0.0499113462050016,0.2955232231931621,0.0573656347214005,0.0,0.0871440739138457,0.0,0.2183111900806263,0.3360099159124131,0.4029903326284752,0.3841999544967905,0.0,0.2874827820420631,0.0,0.1519626469971358,0.3155336408716003,0.2263070491459124,0.1859198463405645,0.2260113039698287,0.0609908189113607,0.0,0.0,0.0,0.0,0.0,0.0,0.0390073855914506,0.046468889627074,0.0,0.0,0.0,0.0,0.0,0.0,0.0,0.1753661004689226,0.0,0.0,0.0,0.0,0.1852553191037198,0.365418429697529,0.0,0.2577421639907372,0.0,-0.0071693894374749,0.2049425075823508,0.1613566316763656,0.2020469267458466,0.0,0.2371389304212218,0.0,0.0940342846402993,0.1019564132976642,0.0,0.0,0.1423658668955612
0.0,0.0117459338899087,0.0,0.4749100920883594,0.0,0.1060773033777793,0.4015039791943823,0.0330341626185302,0.0,0.0,0.0,0.0,0.083220199034998,0.282764089728413,0.0,0.0,0.0,0.0265818039955115,0.0,0.0,0.1553502136340139,0.0,0.0842949545308658,0.0,0.0,0.0,0.0,0.1427141451877726,0.2315030277857125,0.0748766800906006,0.2874827820420631,0.0,0.0,0.2291502925279224,0.45831360979057,0.1704550515121947,0.1956943344688129,0.2463563087540672,0.5474687413053566,0.0,0.0,0.0,0.1074143596730974,0.0,0.0,0.0,0.2187555463721439,0.0,0.0,0.0,0.0,0.0,0.0155124417982585,0.0,0.1138243717101914,0.0,0.0,0.0,0.0,0.0,0.1305771147664976,0.0,0.03964385491033,0.0,0.0,0.2965673329962038,0.0,0.0754215336899627,0.0,0.1765800246259241,0.0,0.0,0.0,0.0,0.0,0.0
0.3196482123288823,0.2137417175059842,0.0,0.0,0.0,0.0,0.0,0.0557357612888316,0.0,0.0,0.0,0.0,0.0,0.0,0.0,0.062698411602517,0.0,0.0493564347908755,0.0,0.0,0.135937266055775,0.0,0.0,0.4557364584779194,0.2567572683945331,0.1961754054392518,0.0,0.0,0.0,0.0,0.0,0.0,0.0,0.1230749713438231,0.0,0.0,0.0,0.0,0.091825156986816,0.6304778183338366,0.4032582481373346,0.3871795100858114,0.0,0.0,0.0,0.3332031216013436,0.0,0.0,0.0,0.0,0.0,0.0,0.0,0.0,0.0,0.0,0.1563455187517819,0.0,0.0,0.0,0.0,0.0,0.0,0.0,0.0173422876831419,0.0,0.0,0.0,0.4789637673926364,0.0800722991597356,0.2425585137008954,0.0,0.0,0.2352458018851185,0.0,0.1871526639725504
0.0243749375431352,0.0,0.0,0.182000702941793,0.0,0.0,0.1054468161752664,0.0,0.0,0.0,0.0,0.0,0.0,0.0,0.0,0.0325788839316797,0.0,0.0,0.0,0.0,0.0599478571727259,0.0,0.0,0.0,-0.0050831259235848,0.0,0.0,0.0,0.0425192977256838,0.0,0.1519626469971358,0.2291502925279224,0.1230749713438231,0.0,0.2962711017666131,0.0220494225045052,0.101135831652703,0.1030588208673307,0.2688457890106797,0.0986888202912198,0.2896140272298147,0.2131806627772846,0.0767358571616212,0.0,0.0,0.0875391468782632,0.0,0.0,0.0,0.0,0.0,0.0,0.0,0.0,0.0,0.0,0.0,0.0,0.0,0.0,0.0793246380660694,0.0,0.001274808224721,0.0,0.0,0.0389279023291357,0.0,0.0,0.0,0.1245725759113489,0.0,0.0,0.0,0.0036354015225825,0.0,0.0501114967495111
0.0,0.0,0.0,0.4170460936680844,0.0,0.0783275190384337,0.2702098875469454,0.0,0.0,0.0,0.0,0.0,0.0045255223292616,0.0,0.0,0.0,0.0,0.0,0.0,0.0,0.0,0.0,0.0256122190591999,0.0,0.0,0.0,0.0,0.1720694780685291,0.245020766484037,0.0922310098830944,0.3155336408716003,0.45831360979057,0.0,0.2962711017666131,0.0,0.1915416372894659,0.2211088258362267,0.2378193712995944,0.254681371245344,0.0,0.0,0.0,0.035763048113667,0.106902160661024,0.0,0.0,0.0338640844709268,0.0,0.0,0.0,0.0,0.0,0.0,0.0,0.0,0.0,0.0,0.0,0.0,0.0,0.1167238368973429,0.0,0.0459879178676061,0.0,0.0,0.0681255926717865,0.0,0.0517522394267586,0.0,0.0223754490046032,0.0,0.0,0.0,0.0,0.0,0.0
0.0,0.0,0.0663545469112308,0.3195116160173868,0.0,0.1799963509710527,0.138811180397243,0.1707017588752163,0.0171298833549323,0.0602542355222357,0.0270544371869982,0.144124866991765,0.1175173376358953,0.1085366301644264,0.0386529677634648,0.0,0.0,0.0,0.0674085109529694,0.1644712328056983,0.0,0.0325427603427692,0.1634119456181822,0.0,0.0,0.0,0.0337149644551636,0.3520573704703377,0.1708034584622252,0.0,0.2263070491459124,0.1704550515121947,0.0,0.0220494225045052,0.1915416372894659,0.0,0.326468726368455,0.1349465263933196,0.0116640175215265,0.0,0.0,0.0,0.3356214399703678,0.3304641790234037,0.0,0.0,0.0,0.0441449478444717,0.0,0.0,0.0,0.0,0.0,0.0036491201240042,0.0,0.0,0.0,0.0,0.0600629708160993,0.0,0.0,0.0,0.0,0.0259520070446956,0.0,0.0,0.0,0.1670018481146024,0.0,0.0,0.0,0.0,0.0713704173900264,0.0,0.0,0.0
0.0,0.0,0.0,0.3326554330742164,0.0,0.1572605180942414,0.2070108357753606,0.0337305796884516,0.0,0.1121251867452785,0.0,0.0711615088997606,0.0821735893534556,0.1329738464257836,0.0,0.0,0.0,0.0,0.0,0.0045328242245022,0.0,0.0,0.0615339016204061,0.0,0.0,0.0,0.0,0.1803542488707696,0.1539485247274646,0.0,0.1859198463405645,0.1956943344688129,0.0,0.101135831652703,0.2211088258362267,0.326468726368455,0.0,0.0985523955977158,0.1445274087747384,0.0,0.0,0.0,0.0,0.0,0.0,0.0,0.0,0.0,0.0,0.0,0.0,0.0,0.0,0.0,0.0,0.0,0.0,0.0,0.0,0.0,0.0,0.0,0.0,0.0,0.0,0.0,0.0,0.0,0.0,0.0,0.0,0.0,0.0,0.0,0.0,0.0
0.0,0.0,0.0,0.0,0.1250869098866104,0.0,0.2039663786189522,0.0,0.0517300682759408,0.189187987693535,0.0,0.1413222098284185,-0.0053703825138467,0.0,0.0,0.0,0.0659691713148197,0.0,0.0,0.0,0.0,0.0,0.0,0.0,0.003789421733311,0.0276200028378935,0.0,0.1826976994919124,0.0,0.0,0.2260113039698287,0.2463563087540672,0.0,0.1030588208673307,0.2378193712995944,0.1349465263933196,0.0985523955977158,0.0,0.1178956024294396,0.0,0.0,0.0,0.0,0.0,0.1887072969728822,0.0,0.0,0.0,0.0,0.0,0.0,0.0,0.0,0.0,0.0588952991445153,0.0,0.0184966671417103,0.0,0.0,0.0,0.0,0.0,0.0,0.0,0.0,0.0,0.0,0.0,0.0,0.0,-0.0066970709295152,0.0,0.0,0.0,0.0,0.0
0.0,0.1018223315213595,0.0,0.0,0.0,0.0105304449880775,0.0,0.0425942276197219,0.0,0.0,0.0,0.0,0.046870596281598,0.0,0.0,0.0,0.0,0.0291229837269288,0.0,0.0,0.2500405833930452,0.0,0.0,0.0,0.0152991146133865,0.0,0.0,0.0,0.102155517618108,0.0,0.0609908189113607,0.5474687413053566,0.091825156986816,0.2688457890106797,0.254681371245344,0.0116640175215265,0.1445274087747384,0.1178956024294396,0.0,0.0169185794204492,0.101406023756405,0.1610043969068987,0.0893849298046729,0.0,0.0,0.0,0.2179927308402926,0.0,0.3148228083554952,0.0086633645288225,0.0,0.066920105438868,0.1248562858993649,0.0,0.0821813090721124,0.0,0.0,0.0,0.1384032634340259,0.0,0.0284571034076822,0.0,-0.020309598527056,0.0,0.0,0.2961053160343091,0.0,0.0,0.0,0.2455046008623384,-0.0416237167780584,0.0,0.0,0.0,0.0,0.0
0.3025726831469958,0.1688330967787995,0.0,0.0,0.0,0.0,0.0,0.0,0.0,0.0,0.0,0.0,0.0,0.0,0.0,0.0035209337144594,0.0,0.0,0.0,0.0,0.0868487849070813,0.0,0.0,0.4711882995023371,0.2325781698689479,0.1811674658363024,0.0,0.0,0.0,0.0,0.0,0.0,0.6304778183338366,0.0986888202912198,0.0,0.0,0.0,0.0,0.0169185794204492,0.0,0.4180340342340975,0.3931236496405586,0.0,0.0141331256594778,0.0,0.3121869819099677,0.0,0.0,0.0,0.0,0.037223844794728,0.0,0.1722085239581742,0.0,0.0,0.0,0.1593529739742435,0.0239637579200423,0.0,0.0,0.0,0.0,0.0,0.0,0.0361533232473878,0.0,0.0,0.0,0.4936984649178533,0.0352149366931841,0.2231430700766244,0.0,0.0,0.2486268605988121,0.1656520299262467,0.1912576189948167
0.276689606879295,0.080027074919513,0.0,0.0,0.0,0.0,0.0,0.0,0.0,0.0,0.0,0.0,0.0,0.0,0.0,0.059920789848306,0.0,0.0,0.0,0.0,0.1434230614580434,0.0,0.0,0.2861401926484163,0.2076734036809149,0.0,0.0,0.0,0.0,0.0,0.0,0.0,0.4032582481373346,0.2896140272298147,0.0,0.0,0.0,0.0,0.101406023756405,0.4180340342340975,0.0,0.4246958909561184,0.0,0.0,0.0,0.3382398017074396,0.0,0.0,0.0,0.0,0.0,0.0527362735426349,0.0206075749396886,0.0,0.0,0.0,0.0,0.0,0.0,0.0,0.0340642519011488,0.0,0.0,0.0,0.0,0.063767069814494,0.0,0.0,0.3663451287484898,0.1638810564598575,0.1101424895426692,0.0,0.0,0.2416581679685965,0.135986513890192,0.2826199882456153
0.0,0.1151580291719271,0.0,0.0,0.0,0.0,0.0,0.0,0.0,0.0,0.0,0.0,0.0,0.0,0.0,0.0498065948004696,0.0,0.0,0.0,0.0,0.2229968156939848,0.0,0.0,0.0,0.1518802986436237,0.0,0.0,0.0,0.0,0.0,0.0,0.0,0.3871795100858114,0.2131806627772846,0.0,0.0,0.0,0.0,0.1610043969068987,0.3931236496405586,0.4246958909561184,0.0,0.0,0.0,0.0,0.3184886083984147,0.0,0.0,0.0,0.0264408063030489,0.0,0.0862464919300754,0.0548581698296261,0.0,0.0,0.0,0.0,0.0072418869036541,0.0,0.0,0.0,0.0,0.0,0.0,0.0,0.059816928800573,0.0,0.0,0.3006838204240779,0.096320469265518,0.0786383337639977,0.0,0.0,0.2145944221058354,0.0666139785715454,0.2318805179442908
0.0,0.0,0.0,0.0,0.0052677926283988,0.0570806469849539,0.0,0.2164184563698983,0.0,0.0,0.0,0.0,0.1678751455223795,0.1563086817017758,0.0,0.0,0.0,0.0,0.0,0.0,0.0,0.0,0.0593084160618885,0.0,0.0,0.0,0.0,0.2321810266329529,0.0,0.0,0.0,0.1074143596730974,0.0,0.0767358571616212,0.035763048113667,0.3356214399703678,0.0,0.0,0.0893849298046729,0.0,0.0,0.0,0.0,0.2452028970687597,0.0707814577836686,0.0,0.0,0.0225731382193936,0.1597001919196775,0.0716753005686603,0.0059173485066822,0.0686425114191603,0.1734713775633104,0.0,0.111942722327036,0.0,0.1056891042547193,0.0826460834379137,0.052553785020634,0.0004984257980825,0.0,0.054337401098175,0.0,0.0,0.0,0.0336849578607735,0.0,0.0024903534473811,0.0168487036213271,0.0,0.0031360497618186,0.0,0.1718755158160093,0.0,0.0,0.0
0.0,0.0,0.0,0.0,0.0,0.0,0.0,0.0,0.0,0.0,0.0,0.0,0.0,0.0,0.0,0.0,0.0,0.0,0.0,0.0,0.0,0.0,0.0,0.0,0.0,0.0,0.0,0.0,0.0,0.0,0.0,0.0,0.0,0.0,0.106902160661024,0.3304641790234037,0.0,0.0,0.0,0.0141331256594778,0.0,0.0,0.2452028970687597,0.0,0.0,0.0,0.0,0.0,0.0,0.0,0.0,0.0,0.0,0.0,0.0,0.0,0.0,0.0,0.0,0.0,0.0,0.0,0.0,0.0236531326750356,0.0,0.0,0.0,0.0,0.0,0.0,0.0,0.0,0.0727277847376481,0.0,0.0,0.0
0.0,0.0,0.0,0.0,0.0,0.0,0.0,0.0,0.0,0.1988118442133636,0.0,0.1592785097363488,0.0,0.0,0.0,0.0,0.0,0.0,0.0,0.0,0.0,0.0,0.0,0.0097359689355731,0.0,0.0872073838460012,0.0,0.0,0.0,0.0,0.0,0.0,0.0,0.0,0.0,0.0,0.0,0.1887072969728822,0.0,0.0,0.0,0.0,0.0707814577836686,0.0,0.0,0.0512285485914571,0.0,0.0,0.0,0.0,0.0,0.089673512672748,0.0,0.1495340397096751,0.2978143730273989,0.1968217573023151,0.2469549466978638,0.0975737751762075,0.0,0.0,0.0,0.1163405064588982,0.0,0.0,0.0,0.0,0.0,0.0,0.0179741768261598,-0.0132031421523486,0.1061168490284446,0.0,0.1809579845221579,0.0,0.0,0.0482952081229048
0.6041081797400406,0.0352260126281367,0.0,0.0,0.0,0.0,0.0,0.0,0.0,0.0,0.0,0.0,0.0,0.0,0.0,0.1625949859552981,0.0,0.0174042882681511,0.0,0.0,0.3507803668652683,0.1576195324787209,0.0,0.3693693684688832,0.2884654962671294,0.1384088094157238,0.0,0.0,0.0,0.0,0.0390073855914506,0.0,0.3332031216013436,0.0875391468782632,0.0,0.0,0.0,0.0,0.0,0.3121869819099677,0.3382398017074396,0.3184886083984147,0.0,0.0,0.0512285485914571,0.0,0.0,0.0,0.0,0.0,0.0205683700063362,0.0,0.1398437650513476,0.0,0.1350959296602841,0.0,0.1349655668837308,0.0459021697437932,0.0,0.0479490660631136,0.115655168278603,0.0,0.0729083049389139,0.0,0.066186145897008,0.2098975293470752,0.0830646855766782,0.0,0.4051136009751045,0.2211956492230052,0.2856591435024501,0.0955769829474417,0.1777712282429484,0.242667270026875,0.0,0.4624581526440868
0.0,0.4791530288140103,0.0,0.0,0.0,0.0,0.0,0.0,0.0,0.0,0.0,0.0,0.0,0.0,0.0527956033035138,0.0556956324943759,0.0,0.3559783551831116,0.0,0.0666855541250834,0.1141689271101523,0.0715052771740452,0.3617331707270488,0.0,0.1911332394755479,0.3722879497500297,0.1633287996633745,0.0,0.1765974390041292,0.0,0.046468889627074,0.2187555463721439,0.0,0.0,0.0338640844709268,0.0,0.0,0.0,0.2179927308402926,0.0,0.0,0.0,0.0,0.0,0.0,0.0,0.0,0.0,0.0,0.0,0.3931072712038105,0.0,0.2666666229727202,0.1070134563550267,0.3769668515900723,0.0,0.0,0.3106691915272792,0.0,0.0917859631549481,0.1924361278814831,0.4180573886086245,0.2409618298276198,0.0,0.0196236697988787,0.2295807268466515,0.146600517659643,0.3283804724686385,0.0,0.2881890584362473,0.4226784356699906,0.0516952116424238,0.0489978026294576,0.0,0.0,0.0
0.0,0.0,0.5960972690047323,0.0,0.3874836078488465,0.0810159445044107,0.0,0.0972712779061018,0.5290498754469525,0.0,0.5619452558403013,0.0,0.1022756141067087,0.0,0.0,0.0,0.0,0.0,0.4988800633449988,0.0,0.0,0.0,0.1812118639162322,0.0,0.0,0.0,0.366845293611946,0.0,0.0,0.0,0.0,0.0,0.0,0.0,0.0,0.0441449478444717,0.0,0.0,0.0,0.0,0.0,0.0,0.0225731382193936,0.0,0.0,0.0,0.0,0.0,0.0,0.2552116206099788,0.1407149906775871,0.1249793645014465,0.148349840605221,0.4794680871815669,0.0,0.5875999799268049,0.0,0.1946031589121452,0.0,0.0,0.0,0.0,0.0,0.5257684495088751,0.0,0.0,0.0,0.2951819139173821,0.0,0.0,0.0,0.3684489500464141,0.4211311766686826,0.0629915400268823,0.2016803817029181,0.1727857757986227
0.0,0.0,0.0,0.0,0.0,0.0,0.0,0.0,0.0,0.0,0.0,0.0,0.0,0.0,0.0,0.0,0.0,0.0,0.0,0.0,0.0,0.0,0.0,0.0,0.0,0.0,0.0,0.0,0.0,0.0,0.0,0.0,0.0,0.0,0.0,0.0,0.0,0.0,0.3148228083554952,0.0,0.0,0.0,0.1597001919196775,0.0,0.0,0.0,0.0,0.0,0.0,0.0200634576554068,0.0,0.2515111611554598,0.1276011005681931,0.0,0.0,0.0,0.0,0.1239727457847895,0.0713585641312685,0.0,0.0,0.0,0.0,0.0,0.0,0.0,0.0,0.0815921202583061,0.0,0.0,0.0,0.0,0.0,0.0,0.0,0.0
0.0,0.0,0.1534643642646319,0.0,0.0,0.0,0.0,0.0,0.0,0.0,0.2474983774618465,0.0,0.0,0.0,0.0,0.0,0.0,0.0,0.0,0.0,0.0,0.0,0.0,0.0,0.0,0.0,0.0,0.0,0.0,0.0,0.0,0.0,0.0,0.0,0.0,0.0,0.0,0.0,0.0086633645288225,0.0,0.0,0.0264408063030489,0.0716753005686603,0.0,0.0,0.0,0.0,0.2552116206099788,0.0200634576554068,0.0,0.0993122586223973,0.4009187232756943,0.0772160859458936,0.3236431567960379,0.1124054942958862,0.3158147885517829,0.0551054444277992,0.2922688220869255,0.2382654708544468,0.0,0.0,0.0,0.0,0.1019577796062887,0.0,0.0,0.0,0.1030051874702523,0.0,0.0,0.0,0.2060573243505645,0.3368894738618165,0.0,0.0,0.1367664717514711
0.0,0.0,0.2015313527959041,0.0,0.0,0.4466700730215363,0.0,0.2098775607719661,0.1530666693647046,0.0,0.1382976514497361,0.0,0.3099742046937367,0.0,0.1213572842479156,0.0,0.0,0.0,0.1873225002027876,0.0690390139482707,0.0196844347385801,0.0064687304100859,0.3348897958662449,0.0,0.0,0.0,0.1804920391984207,0.0186297808865183,0.1245700314801122,0.0,0.0,0.0,0.0,0.0,0.0,0.0,0.0,0.0,0.0,0.037223844794728,0.0,0.0,0.0059173485066822,0.0,0.0,0.0205683700063362,0.3931072712038105,0.1407149906775871,0.0,0.0993122586223973,0.0,0.1313191151192931,0.2730633246320108,0.1644744875440536,0.2417000242766726,0.0442535203735204,0.0,0.454063890693307,0.0757520705945528,0.1329811917053041,0.0852058049809244,0.4438240895814677,0.200718159244065,0.1181541413008385,0.1795471231554119,0.0528603881585595,0.1573701674350807,0.3372623768481244,0.0,0.1395159790805368,0.4193951349127807,0.1268759772288716,0.1660365903667883,0.2675113046748861,0.1673771343447226,0.0510058260183385
0.0,0.0,0.0,0.0,0.0,0.0297500549656113,0.0,0.0,0.0,0.0,0.03215010436251,0.0,0.0,0.0,0.0,0.0,0.0,0.0,0.0,0.0,0.0,0.0,0.0,0.0,0.0,0.0,0.0432221302312055,0.0,0.0,0.0,0.0,0.0,0.0,0.0,0.0,0.0,0.0,0.0,0.066920105438868,0.0,0.0527362735426349,0.0862464919300754,0.0686425114191603,0.0,0.089673512672748,0.0,0.0,0.1249793645014465,0.2515111611554598,0.4009187232756943,0.1313191151192931,0.0,0.0880123340753835,0.0,0.1718068483457174,0.1520228703912512,0.0688364091375551,0.411441992971904,0.1265998732394469,0.0,0.0376560505178647,0.2678587592653548,0.0882973086706269,0.0,0.0,0.0,0.0,0.0155322544748605,0.0,0.0249152940350909,0.0247878078240715,0.0,0.2026581659103867,0.119483908987601,0.0,0.1419173414735987
0.0,0.0,0.0985376201376535,0.0,0.0678241735316378,0.1603972499259862,0.0,0.5235579033521007,0.0482833365811968,0.0,0.1424545823479357,0.0,0.2061593111469648,0.0,0.0,0.0,0.0,0.0,0.0520336722673647,0.0,0.2609388280789922,0.0,0.3184449820496268,0.0,0.0,0.0,0.0,0.0,0.0,0.0,0.0,0.0155124417982585,0.0,0.0,0.0,0.0,0.0,0.0,0.1248562858993649,0.1722085239581742,0.0206075749396886,0.0548581698296261,0.1734713775633104,0.0,0.0,0.1398437650513476,0.2666666229727202,0.148349840605221,0.1276011005681931,0.0772160859458936,0.2730633246320108,0.0880123340753835,0.0,0.0655663400593788,0.0,0.1768923990137388,0.0,0.3263025758313953,0.0,0.0,0.0,0.0,0.0,0.0809397007474829,0.0,0.1930660001184933,0.0,0.2179500065940076,0.3384792067982771,0.0,0.3776464758005759,0.0,0.1029103886831875,0.0,0.1206177618736192,0.0
0.0,0.0,0.519313490516928,0.0,0.4285524366773492,0.0989243796435098,0.0,0.093400700603124,0.6511283881610441,0.0,0.5454901648343524,0.0,0.0,0.0,0.0,0.0,0.0,0.0,0.4337593502553499,0.0,0.0,0.0,0.1473183392524571,0.0,0.0,0.0,0.4714390038697906,0.0,0.0,0.0,0.0,0.0,0.0,0.0,0.0,0.0036491201240042,0.0,0.0,0.0,0.0,0.0,0.0,0.0,0.0,0.1495340397096751,0.0,0.1070134563550267,0.4794680871815669,0.0,0.3236431567960379,0.1644744875440536,0.0,0.0655663400593788,0.0,0.1469772575050322,0.4559792133598944,0.3003070840330634,0.149632872020191,0.0229309444324764,0.0,0.0,0.0,0.0,0.4530665505080828,0.4599813180755033,0.0,0.4638838185206986,0.2497396445134864,0.0,0.0,0.1742596078527457,0.4667599504479128,0.3503233449835463,0.0709664917372665,0.0725124234252931,0.0427687712412873
