0.0,0.0,0.0,0.0,0.0,0.0810049487899476,0.0,0.021280196119714,0.0,0.4791811283520004,0.0,0.0116119577160288,0.0,0.0,0.4750969007507747,0.5349255963083224,0.196731065339605,0.4408197182806224,0.0,0.5667693602171059,0.4219940694874574,0.5473435151965171,0.34778342696263,0.3409809513374612,0.5569311603810772,0.2138438192037318,0.5850314616691842,0.2813190454142606,0.5255483424908912,0.0,0.4964065491545889,0.1503702076754918,0.1763464626140479,0.1713025030402917,0.0645127646102925,0.0,0.0,0.0,0.1752562668266399,0.2764780416108809,0.0,0.0,0.0,0.0,0.0,0.7531123138726471,0.2046737912730379,0.0,0.0,0.0,0.0,0.0,0.0,0.0,0.4978408644360115,0.0,0.0,0.0,0.0,0.0,0.4309309393787435,0.0,0.3891234641296306,0.0,0.0,0.3769353378460899,0.3822851560896068,0.0,0.2851223913628521,0.5897107078295812,0.3394180866286317,0.0,0.0,0.0,0.0,0.0
0.0,0.0,0.0,0.0,0.5389954590997135,0.5962685225919104,0.3599207803980007,0.4236595601835232,0.3477503319144761,0.0,0.0,0.0,0.5957300396004465,0.0,0.3332612282675497,0.2662329127839348,0.0,0.2851556452806114,0.0,0.2633149998792575,0.4806268078159563,0.3921319420619049,0.3533379139013199,0.0,0.5429031724477541,0.8048562537688095,0.261145034650468,0.299200902068094,0.2895881716280711,0.0,0.1043769809955163,0.4222056483096915,0.0737440509433949,0.0631487984793776,0.0,0.0,0.0,0.0,0.3072573914093443,0.281135858219933,0.3257196427624742,0.1788186233392607,0.0,0.0,0.0,0.0,0.2131227872488278,0.0,0.0,0.0,0.0,0.0,0.0,0.0,0.0,0.0,0.0,0.0,0.0,0.3047081999038441,0.234522726814583,0.0,0.2330720307302599,0.0,0.3510478808245424,0.4330495233888337,0.5302434616998413,0.2698694304525793,0.0,0.0,0.2958386199892936,0.3478289471830075,0.0,0.0578316375920977,0.0,0.2780840246114878
0.0,0.0,0.0,0.0,0.2910856700988533,0.4107469797896309,0.0563625804246282,0.516769351693153,0.5465738890193966,0.2944286699871786,0.6183245148804212,0.0,0.3704759737464215,0.3572055695863225,0.0,0.0,0.0,0.0,0.6944156601340117,0.0,0.0,0.0,0.720985951172424,0.0,0.0,0.0,0.6239121735653035,0.2276376129058347,0.0,0.0033348142323113,0.0,0.0,0.0,0.0,0.0,0.1289919363990293,0.0,0.0,0.1271556249964205,0.0,0.0,0.0,0.2174976331265563,0.0,0.0,0.0,0.0,0.6814207730357303,0.0,0.3257926816799201,0.5781592562064976,0.0,0.4903755333421723,0.6439239652532367,0.0,0.3861599523962147,0.0,0.0,0.3981857035413577,0.0,0.0,0.0,0.0,0.6757203748924447,0.0,0.0,0.0,0.5787553884885319,0.0,0.0,0.0,0.5710382745573724,0.0,0.0,0.0,0.0
0.0,0.0,0.0,0.0,0.4795870904920693,0.1499896409183685,0.6021496401758853,0.1717853609614942,0.4619229891124651,0.5130145729468707,0.310363406170865,0.0,0.4041761482982375,0.4084588802448707,0.0,0.0,0.0,0.0,0.0,0.0,0.0,0.0,0.1948604960377711,0.0,0.0,0.0,0.2514406225672703,0.2550503316507391,0.0,0.0,0.0,0.4441580296961964,0.0,0.0,0.0,0.2667014317623083,0.0742610393808344,0.0,0.0,0.0,0.0,0.0,0.0,0.0,0.0,0.0,0.0,0.0,0.0,0.0,0.0,0.0,0.0,0.0,0.0,0.0,0.0,0.0,0.0,0.0,0.0,0.0,0.0,0.0,0.0,0.0,0.0,0.0,0.0,0.0,0.0,0.0,0.0,0.0,0.0,0.0
0.0,0.5389954590997135,0.2910856700988533,0.4795870904920693,0.0,0.4963347450454997,0.7599233505491355,0.2589301919291507,0.8201740180772981,0.483736248726083,0.7581690197676838,0.3419397533115638,0.6286916996202109,0.4741198359635539,0.0,0.0,0.0,0.0,0.1760761147338486,0.5038824139248465,0.0,0.4017310350054023,0.4035654491043553,0.0,0.5925730549573989,0.0,0.6528902504188663,0.4687025915509965,0.355714347980216,0.0,0.1247369967406186,0.5217025415152405,0.0,0.0,0.0,0.0,0.0,0.2222378797120968,0.0,0.0,0.0,0.0,0.2280867071232951,0.0,0.0,0.0,0.0,0.7372056477160097,0.0,0.0,0.0,0.0,0.3229936987117405,0.7416421506277457,0.0,0.824438059218392,0.0,0.0,0.0,0.0,0.0,0.0,0.0,0.0,0.0,0.0,0.0,0.4558904255659633,0.0,0.0,0.0,0.7105783254518951,0.0,0.0,0.0,0.0
0.0810049487899476,0.5962685225919104,0.4107469797896309,0.1499896409183685,0.4963347450454997,0.0,0.3238377157697177,0.6626929550598875,0.5347983062058435,0.2389170314947934,0.5496673680915286,0.0,0.7116408561536836,0.3340838274731837,0.4773207177223054,0.152836361623325,0.0,0.2659290737013392,0.424644812708164,0.4264657246044018,0.2806395907579534,0.1527335017996821,0.6590659951943584,0.0,0.4021510543147709,0.583201943794471,0.5500792820287492,0.4159624131411396,0.4349568520020065,0.0182970462868257,0.0,0.2561947746524449,0.0,0.0,0.0,0.242151655007061,0.0223056370483147,0.0,0.2302368567419136,0.0,0.1433456237316259,0.2265130298095718,0.3727131975692334,0.0,0.0,0.0,0.0,0.631822216181947,0.0,0.0,0.6174619870507843,0.1802156704683467,0.5537291456759984,0.5118238505540033,0.0,0.4690884938242698,0.0,0.3686520704533288,0.0,0.4683683875960413,0.0,0.0,0.0,0.5407614189432377,0.4361142253952498,0.2663083795573453,0.4119664087926457,0.4986870070393565,0.0,0.0,0.0,0.5260779746674092,0.1813192897387331,0.1807511953504862,0.0,0.2299365973862475
0.0,0.3599207803980007,0.0563625804246282,0.6021496401758853,0.7599233505491355,0.3238377157697177,0.0,0.0,0.6346531027201437,0.5949554190877046,0.5044707499115237,0.199284882145951,0.4733696775630867,0.3216365200979806,0.0,0.3482110059458281,0.2181942557811164,0.4841122011438155,0.0,0.3235098541412847,0.0,0.3549717871377612,0.1281668632654799,0.4425194838894025,0.613840333997312,0.2620702057716679,0.5058383014479327,0.4605618096596615,0.2934754741966344,0.0,0.2015607678027124,0.6343581681055709,0.0,0.0,0.0,0.0505335055143103,0.0,0.1936482642550618,0.0,0.0,0.0,0.0,0.0,0.0,0.0,0.0,0.0,0.0,0.0,0.0,0.3291446662495809,0.0,0.0,0.0,0.0,0.0,0.0,0.0,0.0,0.0,0.0,0.0,0.0,0.0,0.0,0.0,0.0,0.2713739872640467,0.0,0.0,0.0,0.565972767598458,0.0,0.0,0.0,0.0
0.021280196119714,0.4236595601835232,0.516769351693153,0.1717853609614942,0.2589301919291507,0.6626929550598875,0.0,0.0,0.357360719932808,0.180199946239439,0.3538914168682162,0.0,0.570194736393544,0.3645203367244233,0.3410086086964818,0.0,0.0,0.0479196324248498,0.3729915270240935,0.1430304048270202,0.3148742706231319,0.0075366805491128,0.7468157792851546,0.5178746717126115,0.2338312598572137,0.604579001849946,0.2043752985790512,0.2053019934897955,0.0,0.0,0.0,0.0,0.0112468346616557,0.0,0.0,0.294563607477029,0.0,0.0,0.064412209395692,0.0,0.0,0.0,0.1682527880615085,0.0,0.0,0.0,0.0,0.5395081001669839,0.0,0.2812115186487555,0.6405058547796837,0.2005632648023297,0.7968587487736022,0.411279870855412,0.0,0.3205214261515279,0.0,0.2991775960923053,0.3422725488388754,0.369579767162129,0.0,0.0,0.0,0.4344856203517908,0.2395629086480547,0.1694964044613671,0.0,0.527821947845647,0.0,0.0,0.0,0.2584386779930189,0.0451524654198834,0.0,0.0,0.0
0.0,0.3477503319144761,0.5465738890193966,0.4619229891124651,0.8201740180772981,0.5347983062058435,0.6346531027201437,0.357360719932808,0.0,0.4959209779455857,0.8463971825012023,0.4406028577530246,0.6351399291337395,0.498959976309798,0.0,0.1624968141638467,0.0,0.0,0.4240375751418565,0.5371270350663779,0.0,0.2830789563281728,0.5318623272733692,0.0,0.0,0.0,0.7657066655476148,0.4220067690078397,0.300341655383058,0.0,0.014987150081095,0.340695204044679,0.0,0.0,0.0,0.1431608987584853,0.0,0.2832549840034536,0.3819964776887248,0.0,0.0,0.0,0.2546486779721044,0.0,0.0,0.0,0.0,0.883176553890867,0.0,0.0,0.5620219049831502,0.0,0.4193638647083917,0.916001474159159,0.0,0.8265896017748287,0.0,0.0,0.5774444310325076,0.0,0.0,0.0,0.0,0.6010651753341841,0.0,0.0,0.0,0.5302077023107463,0.0,0.0,0.0,0.7977707376080375,0.0,0.0,0.0,0.0
0.4791811283520004,0.0,0.2944286699871786,0.5130145729468707,0.483736248726083,0.2389170314947934,0.5949554190877046,0.180199946239439,0.4959209779455857,0.0,0.4313385524359045,0.3907762673117925,0.4692363950393088,0.2853721367974459,0.0,0.577330432256643,0.6673908356465157,0.7119043353983077,0.1263776556234998,0.0,0.0,0.5718418752736013,0.2902679985536651,0.661018508098096,0.8460340431802731,0.4593892948737634,0.525244295733909,0.4066212405233275,0.0,0.0,0.3883117165852923,0.5047422952444398,0.0534428692877859,0.1451374057069553,0.0774934493180583,0.1556991030659251,0.0,0.2932721400009257,0.4314348609234516,0.3403402704255669,0.0694740545849205,0.0,0.0,0.0,0.0224293208881603,0.0,0.0,0.0,0.0,0.0,0.0,0.0,0.0,0.0,0.745376135296022,0.0,0.3409597087922401,0.0,0.0,0.0,0.0,0.7051586180806236,0.5797514061374729,0.0,0.0,0.0,0.0,0.0,0.4900413651602499,0.5094213037502837,0.2626181048234761,0.0,0.6484044052202992,0.0,0.0,0.54962978133747
0.0,0.0,0.6183245148804212,0.310363406170865,0.7581690197676838,0.5496673680915286,0.5044707499115237,0.3538914168682162,0.8463971825012023,0.4313385524359045,0.0,0.3685259854535779,0.6478665192690112,0.4644034830107883,0.0,0.0,0.0,0.0,0.4863042251415908,0.0,0.0,0.0,0.6348288933300537,0.0,0.0,0.0,0.8383520009765452,0.5300006717492505,0.0,0.0,0.0993585369878432,0.2990424170056954,0.0,0.0,0.0,0.0445932981329201,0.0,0.2727245395754926,0.3744332243209525,0.0,0.0,0.0,0.2771380664548443,0.0,0.0,0.0,0.0,0.8488317461087821,0.0,0.6236109719539514,0.619972528916121,0.4603289115808304,0.4670498822323395,0.866059326519612,0.0,0.8079689380160592,0.0,0.5930176249567114,0.5768184055124072,0.0,0.0,0.0,0.0,0.6568587015109523,0.0,0.0,0.0,0.6413644006909686,0.0,0.0,0.0,0.8187128542380157,0.0,0.0,0.0,0.0
0.0116119577160288,0.0,0.0,0.0,0.3419397533115638,0.0,0.199284882145951,0.0,0.4406028577530246,0.3907762673117925,0.3685259854535779,0.0,0.7069070640515291,0.0,0.0,0.0,0.5629082437346539,0.3284342326690948,0.0,0.0,0.0,0.0,0.0,0.7211356975624763,0.3491750349184965,0.6129278497275646,0.0,0.3154035854394621,0.0,0.0,0.0,0.2056141748341122,0.0025020234894619,0.0,0.0,0.3841451654234488,0.0689028418613132,0.2015754752209665,0.2451469428883009,0.0604186493892266,0.0,0.0,0.0,0.0,0.0688193556789631,0.0,0.0,0.0,0.0,0.0,0.0,0.0,0.0,0.0,0.2396322755016407,0.0,0.8202650730545132,0.0,0.0,0.0,0.0,0.4309269735719329,0.1427383284176856,0.0,0.0,0.0,0.0,0.0,0.5114170334595284,0.1001269884312338,0.4324237423883152,0.0,0.0,0.0,0.0,0.1592743717807785
0.0,0.5957300396004465,0.3704759737464215,0.4041761482982375,0.6286916996202109,0.7116408561536836,0.4733696775630867,0.570194736393544,0.6351399291337395,0.4692363950393088,0.6478665192690112,0.7069070640515291,0.0,0.3339289809507721,0.5468963749848927,0.2723792942443116,0.5456930069805441,0.4709961095291279,0.4200265819942638,0.5130492587764361,0.4062140986734607,0.3342851772862495,0.4957298740518436,0.5754368278330857,0.5444873273049669,0.715561123055223,0.492954242203951,0.6982305115623786,0.3225935796842168,0.1747103313881798,0.1020054825858395,0.3561662007311429,0.0151139097902973,0.0,0.0,0.2996555132811708,0.0,0.2373568934095652,0.3374382092189312,0.0,0.0,0.0,0.1991864551964576,0.0,0.0,0.0,0.0,0.6366458399684385,0.0,0.0,0.5875742013611238,0.0,0.5395331649839933,0.0,0.0,0.0,0.0,0.0,0.0,0.0,0.0,0.0,0.0,0.0,0.0,0.0,0.0,0.4006687856879313,0.0,0.0,0.0,0.5214109452944414,0.0,0.2019689179142178,0.0,0.0
0.0,0.0,0.3572055695863225,0.4084588802448707,0.4741198359635539,0.3340838274731837,0.3216365200979806,0.3645203367244233,0.498959976309798,0.2853721367974459,0.4644034830107883,0.0,0.3339289809507721,0.0,0.0,0.0,0.0,0.0,0.1823634063442771,0.0,0.3488864023088831,0.0,0.4545788515378535,0.0,0.0,0.0,0.3985909456381835,0.2013672554295268,0.0,0.0,0.0,0.2537597668276948,0.0,0.0183684464848328,0.0,0.2350234555255979,0.0,0.0,0.0,0.0,0.0,0.0,0.2490977085379258,0.0,0.0,0.0,0.0,0.464818421737489,0.0,0.0,0.0,0.0,0.0,0.4589311354408278,0.0,0.4944506657744999,0.0,0.0,0.0,0.0,0.0,0.0,0.0,0.0,0.0,0.0,0.0,0.3602695211297897,0.0,0.0,0.0,0.0,0.0,0.0,0.0,0.0
0.4750969007507747,0.3332612282675497,0.0,0.0,0.0,0.4773207177223054,0.0,0.3410086086964818,0.0,0.0,0.0,0.0,0.5468963749848927,0.0,0.0,0.3374746557194982,0.0,0.4989383494317669,0.0,0.6444300962516175,0.5778656860779746,0.4880616949014194,0.5432366913841304,0.5572743633716479,0.6429336966217849,0.4563347854572456,0.8089397857436694,0.4216171165369494,0.409293756476682,0.0,0.1929261499731953,0.3544644165095713,0.0,0.0,0.0,0.1647843918035331,0.0,0.0,0.4024188682193828,0.2162151460001455,0.0954044504704548,0.3799782135506143,0.0,0.0,0.0,0.0,0.1609217851533355,0.0,0.0,0.0,0.5560059209111283,0.0,0.3745432167510695,0.0,0.0,0.0,0.0,0.0,0.0,0.8741486168139178,0.3445477518065843,0.0,0.0,0.0,0.8479443553698452,0.5739905848808243,0.7227799039482192,0.5427776846256493,0.0,0.0,0.3234332544155574,0.8504391564203533,0.6300076195217692,0.4190804687958603,0.0,0.5428901121226928
0.5349255963083224,0.2662329127839348,0.0,0.0,0.0,0.152836361623325,0.3482110059458281,0.0,0.1624968141638467,0.577330432256643,0.0,0.0,0.2723792942443116,0.0,0.3374746557194982,0.0,0.3906526339454874,0.7534099055699014,0.0,0.6208483843377128,0.3951567441402631,0.7313781574562616,0.0600935495484481,0.1851025319528667,0.5090607978513941,0.1622774525285702,0.4620565879856108,0.4707671565687371,0.6569088402522508,0.4993204390753277,0.7133865285705516,0.3748773756678715,0.3149514717858322,0.3200988840764057,0.0865615040548972,0.0,0.0,0.0,0.1769846099834816,0.3481134366262438,0.0172072765740696,0.1102459575364276,0.0,0.0,0.0,0.4382785319390953,0.0397438755902249,0.0,0.0,0.0,0.0,0.0,0.0,0.0,0.0,0.0,0.0,0.0,0.0,0.2597561973787861,0.5335251459611233,0.0,0.5227912963614578,0.0,0.2616235344672399,0.3251804741924746,0.3651577155328773,0.0,0.0,0.3848401141735699,0.0607258109726232,0.0,0.0,0.0,0.0,0.3689781409587018
0.196731065339605,0.0,0.0,0.0,0.0,0.0,0.2181942557811164,0.0,0.0,0.6673908356465157,0.0,0.5629082437346539,0.5456930069805441,0.0,0.0,0.3906526339454874,0.0,0.6633579730545434,0.0,0.2230987186560863,0.0,0.4017724455089708,0.0,0.5077402586300422,0.5290182693291248,0.5650368851771718,0.0,0.2797029133782964,0.0,0.0,0.2242419461269327,0.278895572279038,0.1793765707437622,0.2046435141260289,0.0564121702828162,0.0,0.0,0.1361095718375468,0.0,0.2315652785320646,0.0980744407220316,0.0,0.0,0.0,0.0,0.0,0.0,0.0,0.0,0.0,0.0,0.0,0.0,0.0,0.4198901648472651,0.0,0.5036327862274024,0.0,0.0,0.0,0.0,0.6131724039760776,0.4949861559043497,0.0,0.0,0.0,0.0,0.0,0.4015270691275061,0.1166265804519937,0.2612399932711192,0.0,0.0,0.0,0.0,0.0
0.4408197182806224,0.2851556452806114,0.0,0.0,0.0,0.2659290737013392,0.4841122011438155,0.0479196324248498,0.0,0.7119043353983077,0.0,0.3284342326690948,0.4709961095291279,0.0,0.4989383494317669,0.7534099055699014,0.6633579730545434,0.0,0.0,0.4999430634831853,0.2633177604734766,0.5440692257265289,0.155869808634058,0.460549769501377,0.6489309345681942,0.3358332368419116,0.5019751318885046,0.4299787297474603,0.4242586532527975,0.0,0.4147033556986907,0.3451676014340555,0.1165222404902169,0.2177670073489669,0.0,0.0,0.0,0.0,0.2672639573127847,0.2577034164343463,0.0610245418829865,0.2434254541431816,0.0,0.0,0.0,0.3016932789025531,0.0900311130746321,0.0,0.0,0.0,0.0,0.0,0.0,0.0,0.5146422726944662,0.0,0.2989394579410189,0.0,0.0,0.0,0.3897979146942965,0.5449871906265246,0.5975013485626629,0.0,0.0,0.0,0.4249391931809381,0.0,0.3010793962094092,0.3806465072176075,0.1941752879906419,0.0,0.0,0.0,0.0,0.3809651801068139
0.0,0.0,0.6944156601340117,0.0,0.1760761147338486,0.424644812708164,0.0,0.3729915270240935,0.4240375751418565,0.1263776556234998,0.4863042251415908,0.0,0.4200265819942638,0.1823634063442771,0.0,0.0,0.0,0.0,0.0,0.0,0.0,0.0,0.5221628989931724,0.0,0.0,0.0,0.5095197566902555,0.3819422996627137,0.0,0.0,0.0,0.0,0.0,0.0,0.0,0.142993049945815,0.0647639649036221,0.0,0.0,0.0,0.0,0.0,0.1741275203154418,0.0,0.0,0.0,0.0,0.5247720596821019,0.0,0.0,0.4305709155763129,0.0,0.4031909611942886,0.4543242312269795,0.0,0.1977714223894948,0.0,0.0,0.1824258195319291,0.0,0.0,0.0,0.0,0.592671908207227,0.0,0.0,0.0,0.3768685281430681,0.0,0.0,0.0,0.4278003016057728,0.0,0.0,0.0,0.0
0.5667693602171059,0.2633149998792575,0.0,0.0,0.5038824139248465,0.4264657246044018,0.3235098541412847,0.1430304048270202,0.5371270350663779,0.0,0.0,0.0,0.5130492587764361,0.0,0.6444300962516175,0.6208483843377128,0.2230987186560863,0.4999430634831853,0.0,0.0,0.4651047668201731,0.6941999002100598,0.3819796150918549,0.0,0.4697273795307474,0.2635457921212771,0.7940829693307903,0.5878987554558014,0.7421425201325099,0.5468705781737871,0.5149240075595979,0.2835335927447432,0.129048080377852,0.1527643410103599,0.0,0.0813594992177047,0.0,0.0,0.1674165340507872,0.2582340786370641,0.0,0.1605595358109344,0.0,0.0,0.0,0.0,0.0857946110128724,0.0,0.0,0.0,0.3140480217809037,0.0,0.2056474404890279,0.0,0.0,0.0,0.0,0.0,0.0,0.5843940260804793,0.0,0.0,0.0,0.0,0.6097363622979246,0.4088628784358299,0.4846313952182431,0.3748348029544535,0.0,0.0,0.2297097273483184,0.6594345304223622,0.5261503329981896,0.5086273449488545,0.0,0.3006631773642673
0.4219940694874574,0.4806268078159563,0.0,0.0,0.0,0.2806395907579534,0.0,0.3148742706231319,0.0,0.0,0.0,0.0,0.4062140986734607,0.3488864023088831,0.5778656860779746,0.3951567441402631,0.0,0.2633177604734766,0.0,0.4651047668201731,0.0,0.6141409761804503,0.4805374155596488,0.3296003741018743,0.5997576335943868,0.4988412158975544,0.5416165041486325,0.3301058047173228,0.4666277428053009,0.3241337023346313,0.394839710131603,0.393175018030675,0.2286976964001266,0.2103420456478208,0.0,0.0,0.0,0.0,0.3988595899747481,0.4415318726809782,0.2310399535866379,0.2613551104186651,0.0,0.0,0.0,0.2344175734812283,0.2454046373081961,0.0,0.0,0.0,0.2914480964132578,0.0,0.2803976583089719,0.0,0.0,0.0,0.0,0.0,0.0,0.5026230235833321,0.4111514006975788,0.0,0.0,0.0,0.4428541935929314,0.8084073994504343,0.5913178701841675,0.4380068198075594,0.0,0.4106014093025403,0.3349629269110543,0.5268753081263228,0.3019401566646007,0.3979498801117642,0.0,0.4333377703833517
0.5473435151965171,0.3921319420619049,0.0,0.0,0.4017310350054023,0.1527335017996821,0.3549717871377612,0.0075366805491128,0.2830789563281728,0.5718418752736013,0.0,0.0,0.3342851772862495,0.0,0.4880616949014194,0.7313781574562616,0.4017724455089708,0.5440692257265289,0.0,0.6941999002100598,0.6141409761804503,0.0,0.1617990412864049,0.0,0.5335671306392324,0.324492611850324,0.4901584696379243,0.3991897440648487,0.5885584274811542,0.5871878364870549,0.6859790298586278,0.3757620241965624,0.3320764392105117,0.3507389308109266,0.0121324651914956,0.0,0.0,0.0,0.2652159831605806,0.4614588220844299,0.1386125002013622,0.1439926906393789,0.0,0.0,0.0,0.4309493376376486,0.0117452524980468,0.0,0.0,0.0,0.1000800028630631,0.0,0.0,0.0,0.0,0.0,0.0,0.0,0.0,0.4014643324081329,0.4609356029882648,0.0,0.4058669525579582,0.0,0.4264741032721852,0.4965197753905509,0.5950003932998605,0.2188192751685124,0.0,0.3076705326655531,0.167962904238334,0.4518695163551836,0.0,0.3964208236176268,0.0,0.3662607536536732
0.34778342696263,0.3533379139013199,0.720985951172424,0.1948604960377711,0.4035654491043553,0.6590659951943584,0.1281668632654799,0.7468157792851546,0.5318623272733692,0.2902679985536651,0.6348288933300537,0.0,0.4957298740518436,0.4545788515378535,0.5432366913841304,0.0600935495484481,0.0,0.155869808634058,0.5221628989931724,0.3819796150918549,0.4805374155596488,0.1617990412864049,0.0,0.4178557776184602,0.4860929439329913,0.5505769596812573,0.6093802829170079,0.2356494896224045,0.29536516866725,0.0,0.0,0.1559828475783583,0.0,0.0,0.0,0.200622284859424,0.0,0.0,0.2460757141337188,0.1150620981798541,0.0906599408111594,0.2506949400869349,0.311251749366468,0.0,0.0,0.0,0.5189694795794363,0.728974622399588,0.0,0.3747385792763206,0.7741747368110994,0.2809342107144151,0.7594756483912065,0.5530899554819015,0.0,0.4913053253806514,0.0,0.3873774878760659,0.4668812129241842,0.5320084366592825,0.0,0.0,0.0,0.6515207770466587,0.4388797593983721,0.4128271127682504,0.3921114926675951,0.8319261956360865,0.0,0.0,0.5966478701357968,0.5702041824367732,0.2090853659671942,0.2657111990684389,0.1864579048065442,0.2919927945919462
0.3409809513374612,0.0,0.0,0.0,0.0,0.0,0.4425194838894025,0.5178746717126115,0.0,0.661018508098096,0.0,0.7211356975624763,0.5754368278330857,0.0,0.5572743633716479,0.1851025319528667,0.5077402586300422,0.460549769501377,0.0,0.0,0.3296003741018743,0.0,0.4178557776184602,0.0,0.6210042535728285,0.60712012342205,0.3493183343148123,0.2742064760011357,0.0,0.0,0.1239006194948471,0.3433603035260009,0.0466864437779657,0.0471538358097386,0.0,0.3165911547499934,0.0,0.3446155825937531,0.3914557961242938,0.2645680986478722,0.0,0.0,0.0,0.0,0.1545495402409237,0.1122999846944127,0.0,0.0,0.0,0.0,0.0,0.0,0.0,0.0,0.5211630685097084,0.0,0.6556821136621849,0.0,0.0,0.0,0.1446248513237701,0.542979326331979,0.2854547632468995,0.0,0.0,0.0,0.0,0.0,0.7208226172287366,0.3720607555807859,0.4375576952054404,0.0,0.0,0.0,0.0,0.3238969208258945
0.5569311603810772,0.5429031724477541,0.0,0.0,0.5925730549573989,0.4021510543147709,0.613840333997312,0.2338312598572137,0.0,0.8460340431802731,0.0,0.3491750349184965,0.5444873273049669,0.0,0.6429336966217849,0.5090607978513941,0.5290182693291248,0.6489309345681942,0.0,0.4697273795307474,0.5997576335943868,0.5335671306392324,0.4860929439329913,0.6210042535728285,0.0,0.6397748893470171,0.6635763749574889,0.3595507443230635,0.4480766860267291,0.0,0.2501303477849418,0.5179623664017492,0.0,0.002288737705052,0.0,0.0,0.0,0.2667905326576681,0.5512662528309653,0.3165448702955202,0.2422865550734246,0.457306851263694,0.0,0.0,0.0,0.2635834499148713,0.2684793752743589,0.0,0.0,0.0,0.0,0.0,0.0,0.0,0.6609208873115126,0.0,0.2683708999237382,0.0,0.0,0.0,0.5814631538939056,0.6640623912835476,0.5852178751050123,0.0,0.561842078139449,0.6565033134608778,0.6387768839629135,0.0,0.5205321690210879,0.6434120122553619,0.4712922800271252,0.0,0.0,0.0,0.0,0.6644870734843218
0.2138438192037318,0.8048562537688095,0.0,0.0,0.0,0.583201943794471,0.2620702057716679,0.604579001849946,0.0,0.4593892948737634,0.0,0.6129278497275646,0.715561123055223,0.0,0.4563347854572456,0.1622774525285702,0.5650368851771718,0.3358332368419116,0.0,0.2635457921212771,0.4988412158975544,0.324492611850324,0.5505769596812573,0.60712012342205,0.6397748893470171,0.0,0.3136934212819864,0.230939996676148,0.1443047003281696,0.0,0.0381489431453026,0.3152286523791208,0.108139227058534,0.0276349170815485,0.0,0.1869703777991215,0.0,0.1327909990352344,0.3187762125161053,0.3270939763166979,0.2560499747284142,0.2755920108365596,0.0,0.0,0.15502712705603,0.0,0.3112430622150223,0.0,0.0,0.0,0.0,0.0,0.0,0.0,0.1666236949685126,0.0,0.426584805822734,0.0,0.0,0.432987781410067,0.1862794227490624,0.4029983251094841,0.2496093975293061,0.0,0.4615620069313763,0.4141248886369112,0.5571164991652958,0.4279121911666441,0.4500215809178298,0.1720661536076652,0.5014935012934069,0.4373671384020501,0.0,0.0442053195740845,0.0,0.2893266572135742
0.5850314616691842,0.261145034650468,0.6239121735653035,0.2514406225672703,0.6528902504188663,0.5500792820287492,0.5058383014479327,0.2043752985790512,0.7657066655476148,0.525244295733909,0.8383520009765452,0.0,0.492954242203951,0.3985909456381835,0.8089397857436694,0.4620565879856108,0.0,0.5019751318885046,0.5095197566902555,0.7940829693307903,0.5416165041486325,0.4901584696379243,0.6093802829170079,0.3493183343148123,0.6635763749574889,0.3136934212819864,0.0,0.4841951093951194,0.7106343469405041,0.1442842360004127,0.2154324149723842,0.3286412470959073,0.0,0.0,0.0,0.051234845088438,0.0,0.0,0.2928953875462888,0.0,0.0435029552645795,0.3482993608139332,0.2197995877925305,0.0,0.0,0.0,0.2164667296689702,0.7607254765485779,0.0,0.0,0.5493962981796693,0.4189702831913798,0.2861037188034749,0.7880377241412301,0.0,0.6391553488150398,0.0,0.4571051430752237,0.4664481318579073,0.7192922588771008,0.0,0.0,0.0,0.6678276291966156,0.6928190862348802,0.5817781841162966,0.5601922543038361,0.621374343931976,0.0,0.0,0.3297007782547417,0.8893061562351451,0.5477431013701745,0.6568511920118635,0.3426118067108843,0.5200945514921065
0.2813190454142606,0.299200902068094,0.2276376129058347,0.2550503316507391,0.4687025915509965,0.4159624131411396,0.4605618096596615,0.2053019934897955,0.4220067690078397,0.4066212405233275,0.5300006717492505,0.3154035854394621,0.6982305115623786,0.2013672554295268,0.4216171165369494,0.4707671565687371,0.2797029133782964,0.4299787297474603,0.3819422996627137,0.5878987554558014,0.3301058047173228,0.3991897440648487,0.2356494896224045,0.2742064760011357,0.3595507443230635,0.230939996676148,0.4841951093951194,0.0,0.4780516661980384,0.4273298165871431,0.320791528845275,0.2940659352464096,0.0330746651485887,0.0,0.0,0.1963694073576236,0.0100025036725876,0.1985667416965796,0.1853951362063677,0.0,0.0,0.2176841982374342,0.1301983732622115,0.0,0.0,0.0,0.0,0.0,0.0,0.0,0.2967994207593449,0.0,0.210533830007973,0.0,0.0,0.0,0.0,0.0,0.0,0.3963122107090777,0.0,0.0,0.0,0.0,0.3841867147304412,0.3392785669378312,0.0,0.1956622807026273,0.0,0.0,0.0,0.4186306752618055,0.4969667458907295,0.3644935544688148,0.0,0.3248570568802755
0.5255483424908912,0.2895881716280711,0.0,0.0,0.355714347980216,0.4349568520020065,0.2934754741966344,0.0,0.300341655383058,0.0,0.0,0.0,0.3225935796842168,0.0,0.409293756476682,0.6569088402522508,0.0,0.4242586532527975,0.0,0.7421425201325099,0.4666277428053009,0.5885584274811542,0.29536516866725,0.0,0.4480766860267291,0.1443047003281696,0.7106343469405041,0.4780516661980384,0.0,0.5434390860796698,0.5207576340818159,0.1946215451971991,0.136121757149206,0.1472059324241248,0.0107135079154955,0.0,0.0,0.0,0.1081331226829613,0.0,0.0199742956313154,0.0153403050694129,0.0,0.0,0.0,0.0,0.1764988048863051,0.0,0.0,0.0,0.2147398998559013,0.0,0.0527368031611359,0.0,0.0,0.0,0.0,0.3339701556897924,0.0,0.3690359653370858,0.0,0.0,0.0,0.0,0.3235611241710933,0.4419373184779081,0.3293520857226167,0.3078071331098539,0.0,0.0,0.1958986193063649,0.4835880809723607,0.3084125839795421,0.70717866208271,0.0,0.2325249986496532
0.0,0.0,0.0033348142323113,0.0,0.0,0.0182970462868257,0.0,0.0,0.0,0.0,0.0,0.0,0.1747103313881798,0.0,0.0,0.4993204390753277,0.0,0.0,0.0,0.5468705781737871,0.3241337023346313,0.5871878364870549,0.0,0.0,0.0,0.0,0.1442842360004127,0.4273298165871431,0.5434390860796698,0.0,0.7547102303982655,0.0295413845691795,0.0,0.5075441688785721,0.1018213854395117,0.0,0.0,0.0,0.0,0.0,0.0,0.0,0.0,0.0,0.0,0.0,0.0,0.0,0.0,0.0,0.0,0.0,0.0,0.0,0.0,0.0,0.0,0.0,0.0,0.0,0.0,0.0,0.0,0.0,0.1188506681667445,0.0,0.0,0.0,0.0,0.0,0.0,0.0436897839291619,0.0,0.0,0.0,0.0
0.4964065491545889,0.1043769809955163,0.0,0.0,0.1247369967406186,0.0,0.2015607678027124,0.0,0.014987150081095,0.3883117165852923,0.0993585369878432,0.0,0.1020054825858395,0.0,0.1929261499731953,0.7133865285705516,0.2242419461269327,0.4147033556986907,0.0,0.5149240075595979,0.394839710131603,0.6859790298586278,0.0,0.1239006194948471,0.2501303477849418,0.0381489431453026,0.2154324149723842,0.320791528845275,0.5207576340818159,0.7547102303982655,0.0,0.3258057102574773,0.4871844256839251,0.5491595608126724,0.2797953167872502,0.0406435955774616,0.0,0.1252922626486944,0.0836690196054689,0.3488911043930381,0.0,0.0,0.0,0.0,0.0,0.3679693838435727,0.0,0.0,0.0,0.0,0.0,0.0,0.0,0.0,0.3525425839154817,0.0,0.0,0.0,0.0,0.083506938527686,0.3281875605940041,0.0,0.2702077220966229,0.0,0.1730096495748868,0.2710360682351559,0.2718218983583588,0.0,0.022292994122707,0.2272043350143473,0.0,0.1221155460098181,0.388385268299906,0.3192666409376437,0.0,0.147798985339426
0.1503702076754918,0.4222056483096915,0.0,0.4441580296961964,0.5217025415152405,0.2561947746524449,0.6343581681055709,0.0,0.340695204044679,0.5047422952444398,0.2990424170056954,0.2056141748341122,0.3561662007311429,0.2537597668276948,0.3544644165095713,0.3748773756678715,0.278895572279038,0.3451676014340555,0.0,0.2835335927447432,0.393175018030675,0.3757620241965624,0.1559828475783583,0.3433603035260009,0.5179623664017492,0.3152286523791208,0.3286412470959073,0.2940659352464096,0.1946215451971991,0.0295413845691795,0.3258057102574773,0.0,0.079009947734704,0.12020500242456,0.0,0.1245487960267573,0.0,0.1825103742169508,0.6886538754825197,0.3044657247734989,0.35988018726881,0.5788797911017534,0.2422395667320218,0.144548956035485,0.0361942583630725,0.0445052942637792,0.0836888321534902,0.2806866355627832,0.0,0.0,0.2064552960487249,0.0,0.0843604015782921,0.3367008222731756,0.3581191337934979,0.4378645026814094,0.1851966832649594,0.3503800084207578,0.0,0.2693813129560381,0.3892873977147871,0.0,0.386639204542101,0.0551453178568244,0.3572293704830863,0.4768762530075421,0.4655012131958055,0.1773110123124014,0.2860371547351278,0.3091323683400946,0.2082149570704217,0.3725922222045694,0.3729836053248819,0.2330686901695662,0.0,0.525589683311753
0.1763464626140479,0.0737440509433949,0.0,0.0,0.0,0.0,0.0,0.0112468346616557,0.0,0.0534428692877859,0.0,0.0025020234894619,0.0151139097902973,0.0,0.0,0.3149514717858322,0.1793765707437622,0.1165222404902169,0.0,0.129048080377852,0.2286976964001266,0.3320764392105117,0.0,0.0466864437779657,0.0,0.108139227058534,0.0,0.0330746651485887,0.136121757149206,0.0,0.4871844256839251,0.079009947734704,0.0,0.5239702304735508,0.185836884453596,0.0,0.0,0.1629136357569646,0.0,0.4640667193344778,0.0752310612151323,0.0,0.0,0.0,0.1012606143169858,0.170141068140404,0.0,0.0,0.0,0.0,0.0,0.0,0.0,0.0,0.0735324143660698,0.0,0.0584864399524834,0.0,0.0,0.0,0.0,0.0,0.0055086466541348,0.0,0.0146022651609914,0.0216077617309917,0.0951559675447271,0.0,0.0,0.0,0.0,0.0,0.0,0.0,0.0,0.0
0.1713025030402917,0.0631487984793776,0.0,0.0,0.0,0.0,0.0,0.0,0.0,0.1451374057069553,0.0,0.0,0.0,0.0183684464848328,0.0,0.3200988840764057,0.2046435141260289,0.2177670073489669,0.0,0.1527643410103599,0.2103420456478208,0.3507389308109266,0.0,0.0471538358097386,0.002288737705052,0.0276349170815485,0.0,0.0,0.1472059324241248,0.5075441688785721,0.5491595608126724,0.12020500242456,0.5239702304735508,0.0,0.3497433299523604,0.027268170199219,0.0,0.101865215020728,0.0,0.3200139278937108,0.0601016920496027,0.0,0.0,0.0,0.0,0.2082264839038713,0.0695590138213731,0.0,0.0,0.0,0.0,0.0,0.0,0.0,0.2134802185913014,0.0,0.0552151262755874,0.0,0.0,0.0,0.1009876061288631,0.0,0.1447076540469517,0.0,0.0,0.0483198769884251,0.0668237821148494,0.0,0.0134951300468011,0.0246488580198445,0.0194356578942415,0.0,0.0930683437624122,0.0247549423818325,0.0,0.0
0.0645127646102925,0.0,0.0,0.0,0.0,0.0,0.0,0.0,0.0,0.0774934493180583,0.0,0.0,0.0,0.0,0.0,0.0865615040548972,0.0564121702828162,0.0,0.0,0.0,0.0,0.0121324651914956,0.0,0.0,0.0,0.0,0.0,0.0,0.0107135079154955,0.1018213854395117,0.2797953167872502,0.0,0.185836884453596,0.3497433299523604,0.0,0.1648634400905451,0.1359087013572256,0.0008007616940302,0.0,0.0028452990003172,0.0,0.0,0.0,0.0,0.0,0.0,0.0,0.0,0.0,0.0,0.0,0.0,0.0,0.0,0.0,0.0,0.0476243155576034,0.0,0.0,0.0,0.0,0.0,0.0,0.0,0.0,0.0,0.0,0.0,0.0,0.0,0.0,0.0,0.0,0.0,0.0,0.0
0.0,0.0,0.1289919363990293,0.2667014317623083,0.0,0.242151655007061,0.0505335055143103,0.294563607477029,0.1431608987584853,0.1556991030659251,0.0445932981329201,0.3841451654234488,0.2996555132811708,0.2350234555255979,0.1647843918035331,0.0,0.0,0.0,0.142993049945815,0.0813594992177047,0.0,0.0,0.200622284859424,0.3165911547499934,0.0,0.1869703777991215,0.051234845088438,0.1963694073576236,0.0,0.0,0.0406435955774616,0.1245487960267573,0.0,0.027268170199219,0.1648634400905451,0.0,0.3814019272031323,0.2799548379625922,0.0415787413143022,0.0,0.0,0.233314797795054,0.2012081808948693,0.0,0.0,0.0,0.0,0.1586698873995781,0.0,0.0,0.2330703009759766,0.1671483640605995,0.204715973647596,0.1291394900590433,0.0,0.1003499046952877,0.2908536532954211,0.0826159731157001,0.2708989933294644,0.0,0.0,0.0,0.0,0.2169159313137148,0.0,0.0,0.0,0.0,0.0,0.0,0.0,0.0527792094676179,0.22926300018127,0.0,0.0,0.0
0.0,0.0,0.0,0.0742610393808344,0.0,0.0223056370483147,0.0,0.0,0.0,0.0,0.0,0.0689028418613132,0.0,0.0,0.0,0.0,0.0,0.0,0.0647639649036221,0.0,0.0,0.0,0.0,0.0,0.0,0.0,0.0,0.0100025036725876,0.0,0.0,0.0,0.0,0.0,0.0,0.1359087013572256,0.3814019272031323,0.0,0.0962230317888839,0.0,0.0,0.0,0.1144031581646199,0.0,0.0,0.0,0.0,0.0,0.0,0.0,0.0,0.0,0.0,0.0,0.0,0.0,0.0,0.0,0.0,0.0,0.0,0.0,0.0,0.0,0.0,0.0,0.0,0.0,0.0,0.0,0.0,0.0,0.0,0.0,0.0,0.0,0.0
0.0,0.0,0.0,0.0,0.2222378797120968,0.0,0.1936482642550618,0.0,0.2832549840034536,0.2932721400009257,0.2727245395754926,0.2015754752209665,0.2373568934095652,0.0,0.0,0.0,0.1361095718375468,0.0,0.0,0.0,0.0,0.0,0.0,0.3446155825937531,0.2667905326576681,0.1327909990352344,0.0,0.1985667416965796,0.0,0.0,0.1252922626486944,0.1825103742169508,0.1629136357569646,0.101865215020728,0.0008007616940302,0.2799548379625922,0.0962230317888839,0.0,0.1573984432659056,0.1296607317257788,0.0,0.3197076828140512,0.0,0.0,0.1393859415785596,0.0,0.0,0.0,0.0,0.0,0.0,0.0,0.0,0.0,0.2681414656079255,0.0,0.2143276924159211,0.0,0.0,0.0,0.0,0.0,0.0,0.0,0.0,0.0,0.0,0.0,0.248837428548697,0.0,0.0759185977624497,0.0,0.0,0.0,0.0,0.0
0.1752562668266399,0.3072573914093443,0.1271556249964205,0.0,0.0,0.2302368567419136,0.0,0.064412209395692,0.3819964776887248,0.4314348609234516,0.3744332243209525,0.2451469428883009,0.3374382092189312,0.0,0.4024188682193828,0.1769846099834816,0.0,0.2672639573127847,0.0,0.1674165340507872,0.3988595899747481,0.2652159831605806,0.2460757141337188,0.3914557961242938,0.5512662528309653,0.3187762125161053,0.2928953875462888,0.1853951362063677,0.1081331226829613,0.0,0.0836690196054689,0.6886538754825197,0.0,0.0,0.0,0.0415787413143022,0.0,0.1573984432659056,0.0,0.3464176102057938,0.5254180623725088,0.5962854595735596,0.4462137177170835,0.2815309080590488,0.0354708402816496,0.1682058239625158,0.299765960556604,0.3786674452781142,0.3675256272633894,0.574625750045275,0.3729605688299529,0.5069316113512288,0.2599062672328043,0.3621907248478235,0.4083922590689705,0.5282937569958565,0.3304472761549161,0.5466884104824521,0.520194771546396,0.4683241468800439,0.4940798803331178,0.5163119020915934,0.4654332243767123,0.1595341381105268,0.4380418108813727,0.6296325173125731,0.6283372901873875,0.4238717086239034,0.5530671743669955,0.4149266958735868,0.542597859533135,0.4757200320583164,0.4755855241055621,0.293880168957749,0.2017374656488875,0.650509917116801
0.2764780416108809,0.281135858219933,0.0,0.0,0.0,0.0,0.0,0.0,0.0,0.3403402704255669,0.0,0.0604186493892266,0.0,0.0,0.2162151460001455,0.3481134366262438,0.2315652785320646,0.2577034164343463,0.0,0.2582340786370641,0.4415318726809782,0.4614588220844299,0.1150620981798541,0.2645680986478722,0.3165448702955202,0.3270939763166979,0.0,0.0,0.0,0.0,0.3488911043930381,0.3044657247734989,0.4640667193344778,0.3200139278937108,0.0028452990003172,0.0,0.0,0.1296607317257788,0.3464176102057938,0.0,0.3128270921380396,0.101299389610849,0.0365570483296474,0.0773768005185336,0.0919622447333018,0.2420219261889351,0.1411172396314885,0.0,0.0,0.4176270576433433,0.0440601346970443,0.282370822944116,0.1214163611947993,0.2401929366024476,0.2943441097916096,0.2594687148325259,0.1710634165425338,0.4171755581784003,0.0,0.270287790749941,0.2288573923548255,0.2460596602577005,0.2636828921928547,0.0,0.2245944363874437,0.4123749726534982,0.3849308368620749,0.2014015268768013,0.3091510647501988,0.196468078382957,0.3201298873392985,0.2240413542407507,0.1824813709034347,0.1637092641896496,0.2167682810908279,0.0890543802966325
0.0,0.3257196427624742,0.0,0.0,0.0,0.1433456237316259,0.0,0.0,0.0,0.0694740545849205,0.0,0.0,0.0,0.0,0.0954044504704548,0.0172072765740696,0.0980744407220316,0.0610245418829865,0.0,0.0,0.2310399535866379,0.1386125002013622,0.0906599408111594,0.0,0.2422865550734246,0.2560499747284142,0.0435029552645795,0.0,0.0199742956313154,0.0,0.0,0.35988018726881,0.0752310612151323,0.0601016920496027,0.0,0.0,0.0,0.0,0.5254180623725088,0.3128270921380396,0.0,0.4305679304536143,0.2994110790227989,0.2865993240604024,0.0,0.0192545833569935,0.1733350415761549,0.1135164670088897,0.214844757183522,0.2705379867174958,0.078121169074804,0.0627171540993744,0.0326797107937702,0.0282231098621897,0.0002564993984126,0.2292771425938028,0.0184278231322077,0.2297336798303541,0.1091665260151135,0.144689262631448,0.443232471242603,0.2481794977177451,0.3932533348100019,0.0325078424580474,0.1523649326383898,0.3327807659188397,0.3849786903533128,0.1871652334689096,0.1539405813278654,0.0567416752879474,0.3306082032636944,0.1884688424763154,0.0404961735064143,0.0971517241465425,0.1848576420896914,0.4644776857921943
0.0,0.1788186233392607,0.0,0.0,0.0,0.2265130298095718,0.0,0.0,0.0,0.0,0.0,0.0,0.0,0.0,0.3799782135506143,0.1102459575364276,0.0,0.2434254541431816,0.0,0.1605595358109344,0.2613551104186651,0.1439926906393789,0.2506949400869349,0.0,0.457306851263694,0.2755920108365596,0.3482993608139332,0.2176841982374342,0.0153403050694129,0.0,0.0,0.5788797911017534,0.0,0.0,0.0,0.233314797795054,0.1144031581646199,0.3197076828140512,0.5962854595735596,0.101299389610849,0.4305679304536143,0.0,0.3790328154852794,0.1365540471044195,0.1811460440973175,0.1037163109125752,0.0992371904326752,0.3826276184531704,0.2888856441706887,0.4488273912751312,0.3131364265859487,0.3706369244901192,0.1206836522071936,0.3589374969685691,0.340842257823699,0.4341365448042548,0.2454871540453694,0.3027771251116237,0.0,0.3473084447317618,0.2961035805486208,0.3918124885912576,0.3723975363478581,0.2777738439060382,0.3921877767091677,0.381413363264498,0.4092270708441818,0.2452882329512501,0.2806564100223715,0.3218564689828,0.2660062293734164,0.4050974151162257,0.3907441530393057,0.2236650629567656,0.1568259668273606,0.6063648546093761
0.0,0.0,0.2174976331265563,0.0,0.2280867071232951,0.3727131975692334,0.0,0.1682527880615085,0.2546486779721044,0.0,0.2771380664548443,0.0,0.1991864551964576,0.2490977085379258,0.0,0.0,0.0,0.0,0.1741275203154418,0.0,0.0,0.0,0.311251749366468,0.0,0.0,0.0,0.2197995877925305,0.1301983732622115,0.0,0.0,0.0,0.2422395667320218,0.0,0.0,0.0,0.2012081808948693,0.0,0.0,0.4462137177170835,0.0365570483296474,0.2994110790227989,0.3790328154852794,0.0,0.6674027880921191,0.1718472413753126,0.0,0.0,0.3434898946970899,0.3284886416198182,0.3744295508347529,0.3713991333273276,0.1322535918683141,0.3171552536906055,0.2231205188431032,0.0,0.3657264749436819,0.2585409823982902,0.3101041321713635,0.4387777793250426,0.4242046960450676,0.0,0.0933131333531675,0.0,0.308043337767713,0.3534522983688341,0.219084555128418,0.4045925830182342,0.3398561945869341,0.2825893690819578,0.0999585883386285,0.3239835849915109,0.3625000833022589,0.2746487352572379,0.1340996133863295,0.0,0.4305025909616237
0.0,0.0,0.0,0.0,0.0,0.0,0.0,0.0,0.0,0.0,0.0,0.0,0.0,0.0,0.0,0.0,0.0,0.0,0.0,0.0,0.0,0.0,0.0,0.0,0.0,0.0,0.0,0.0,0.0,0.0,0.0,0.144548956035485,0.0,0.0,0.0,0.0,0.0,0.0,0.2815309080590488,0.0773768005185336,0.2865993240604024,0.1365540471044195,0.6674027880921191,0.0,0.0443757928942528,0.0,0.0,0.0131376416808335,0.2032142038021183,0.2264096744974064,0.0119911131204875,0.0076187706513081,0.0431111934262653,0.0,0.0,0.1656205004161546,0.031838425992312,0.1212421151185786,0.1715038925864399,0.0,0.0,0.0,0.0,0.0,0.0,0.0,0.0,0.0481763251839018,0.0,0.0,0.0,0.1066053301635913,0.1219414442746562,0.0962988089945271,0.0,0.2846163422449488
0.0,0.0,0.0,0.0,0.0,0.0,0.0,0.0,0.0,0.0224293208881603,0.0,0.0688193556789631,0.0,0.0,0.0,0.0,0.0,0.0,0.0,0.0,0.0,0.0,0.0,0.1545495402409237,0.0,0.15502712705603,0.0,0.0,0.0,0.0,0.0,0.0361942583630725,0.1012606143169858,0.0,0.0,0.0,0.0,0.1393859415785596,0.0354708402816496,0.0919622447333018,0.0,0.1811460440973175,0.1718472413753126,0.0443757928942528,0.0,0.0273408417357244,0.0,0.0,0.0,0.0,0.0,0.0238832550816533,0.0,0.1550979204590541,0.0,0.1467296429230601,0.0603550918701373,0.0190841650334276,0.0,0.0,0.0,0.0,0.0,0.0,0.0,0.0,0.0,0.0,0.08504010719803,0.0163763173842645,0.0577447102571361,0.0,0.0609728902382018,0.0,0.0,0.0486083901691994
0.7531123138726471,0.0,0.0,0.0,0.0,0.0,0.0,0.0,0.0,0.0,0.0,0.0,0.0,0.0,0.0,0.4382785319390953,0.0,0.3016932789025531,0.0,0.0,0.2344175734812283,0.4309493376376486,0.0,0.1122999846944127,0.2635834499148713,0.0,0.0,0.0,0.0,0.0,0.3679693838435727,0.0445052942637792,0.170141068140404,0.2082264839038713,0.0,0.0,0.0,0.0,0.1682058239625158,0.2420219261889351,0.0192545833569935,0.1037163109125752,0.0,0.0,0.0273408417357244,0.0,0.350483257467285,0.0,0.0,0.0,0.2681298233490258,0.0,0.1541350427986705,0.0,0.4306570749516987,0.0,0.0424755312385748,0.3852501758501362,0.0,0.2524046515637037,0.4014747992828048,0.0,0.334723969444642,0.0,0.2434028896032455,0.2175215768347813,0.2669607670814516,0.363313390036899,0.2808197550854295,0.5304221750161059,0.4314514820091526,0.3106784434499975,0.4041516251016557,0.5554684161499287,0.0,0.2627658292896651
