0.0,0.7185918280832211,0.0,0.0,0.0,0.0,0.0,0.0,0.0,0.2548079134215784,0.0,0.3753548576099459,0.0,0.0,0.2260927362673934,0.4863510891289164,0.2232342897122515,0.5444957633933232,0.0,0.122818867143832,0.2672296432774469,0.4127305205344319,0.0,0.5765631469809531,0.7862736808698315,0.8319393337840707,0.0,0.0,0.0,0.0,0.0,0.0,0.0,0.0,0.0,0.0,0.0,0.0,0.1829021815728829,0.0,0.0957513625384651,0.0,0.0,0.0,0.0,0.8992530897996096,0.7264959634483196,0.0,0.0,0.0,0.0,0.0,0.0,0.0,0.4567948375957698,0.0,0.0,0.0,0.0,0.0,0.6455248000237787,0.0,0.630809204118445,0.0,0.0,0.3854433249745546,0.7469135080885232,0.0,0.636378600977935,0.7632342715494216,0.8199701006862576,0.0,0.0,0.0,0.0,0.0
0.7185918280832211,0.0,0.0,0.0,0.0873675082564983,0.133075444558906,0.0333987015622349,0.0,0.1783096734492224,0.0,0.0,0.0,0.0694796975763571,0.0,0.3647308139311701,0.4587386296426181,0.0,0.5317914641948611,0.0,0.3722666487319016,0.2855682307237831,0.5846700638978218,0.0,0.0,0.7103230379407964,0.8455146459630146,0.1336344164062654,0.0,0.0,0.0,0.0,0.0,0.0,0.0,0.0,0.0,0.0,0.0,0.0394280388108744,0.0,0.0,0.1066819519558295,0.0,0.0,0.0,0.6255967903012923,0.7746115837332557,0.0,0.0,0.0,0.0,0.0,0.0,0.0,0.0,0.0,0.0,0.0,0.0,0.5537696631092272,0.4854159289830047,0.0,0.4865984429345653,0.0,0.5661753969851623,0.4536915260830422,0.6699016956048169,0.1142528226821486,0.0,0.6567664578281236,0.7470662686446936,0.3237549224270812,0.0,0.4949113101363384,0.0,0.2780947656097998
0.0,0.0,0.0,0.0,0.470196921692521,0.5800297001048883,0.3139525771409031,0.5992917365321109,0.6299586555378853,0.0,0.7371195055793882,0.0,0.620596417498238,0.0265615928316105,0.0,0.0,0.0,0.0,0.6291352193934193,0.0,0.0,0.0,0.7248309522917843,0.0,0.0,0.0,0.6087440250062165,0.2889748414147677,0.0,0.5800255417252344,0.3774552328482753,0.4071022590526025,0.0,0.5330082980502,0.1759308339250942,0.0094102486673666,0.0,0.0,0.0,0.0,0.0,0.0,0.0,0.0,0.0,0.0,0.0,0.8368731368055409,0.0,0.2528586360063156,0.2043868247064145,0.0,0.6874496952408647,0.5668270125950042,0.0,0.6206601655908565,0.0,0.0,0.0613765604778438,0.0,0.0,0.0,0.0,0.6986409229371835,0.0,0.0,0.0,0.5301796338735252,0.0,0.0,0.0,0.2247771237035016,0.0,0.0,0.0,0.0
0.0,0.0,0.0,0.0,0.0,0.1140555954942594,0.0760475109731942,0.1648433880621559,0.0,0.0,0.2176181584120211,0.0,0.1337901606142009,0.2214313401490356,0.0,0.0,0.0,0.0,0.3641819101129361,0.0,0.0,0.0,0.0619907812691644,0.0,0.0,0.0,0.0,0.0593666604138931,0.0,0.0,0.0,0.3023891634428797,0.0,0.2817575212148858,0.0,0.0,0.2704433758969774,0.0,0.0,0.0,0.0,0.0,0.0,0.0,0.0,0.0,0.0,0.0,0.0,0.0,0.0,0.0,0.0,0.0,0.0,0.0,0.0,0.0,0.0,0.0,0.0,0.0,0.0,0.0,0.0,0.0,0.0,0.0,0.0,0.0,0.0,0.0,0.0,0.0,0.0,0.0
0.0,0.0873675082564983,0.470196921692521,0.0,0.0,0.6429099147104326,0.6591731517840673,0.3542900175728591,0.7951886282618281,0.0675237570951293,0.6071172082314583,0.0338896797444613,0.6011543016325591,0.182484915504629,0.0,0.0,0.0,0.0,0.2419999555538576,0.4367346438822173,0.0,0.2239957967963471,0.5466351249515454,0.0,0.0420426042911115,0.0,0.682277757617664,0.573004979137561,0.4496299146731591,0.0,0.1141762960139143,0.0867719756846969,0.0,0.0182681400333982,0.0,0.0528315867306806,0.0,0.0253646391459859,0.0,0.0,0.0,0.0,0.0240125331901803,0.0,0.0,0.0,0.0,0.6228086663199531,0.0,0.0,0.0,0.0,0.450378598737495,0.814345859741973,0.0,0.6483828550565293,0.0,0.0,0.0,0.0,0.0,0.0,0.0,0.0,0.0,0.0,0.0,0.6523025267099214,0.0,0.0,0.0,0.5108165043324945,0.0,0.0,0.0,0.0
0.0,0.133075444558906,0.5800297001048883,0.1140555954942594,0.6429099147104326,0.0,0.4416459649978899,0.5745624097465145,0.6921412139148273,0.0,0.6611699134919501,0.0,0.6712536098028308,0.2005889890639196,0.1398090420897647,0.0,0.0,0.0,0.4935161268261128,0.4045854370058859,0.0662368583320025,0.1333466138105549,0.6877609326946339,0.0,0.0,0.0,0.6738247476664441,0.4142077560016768,0.6962071257756532,0.2796718182817964,0.0,0.2203504642629955,0.0,0.1680359344798446,0.0,0.0842050149690218,0.0,0.0,0.0,0.0,0.0,0.0,0.0,0.0,0.0,0.0,0.0,0.6714874555618071,0.0,0.0,0.3443208199677021,0.4865988653972209,0.6501556469416985,0.6011477583800777,0.0,0.6789197208921856,0.0,0.2106159620659113,0.0,0.4086190354831793,0.0,0.0,0.0,0.4767441058466861,0.0,0.1067617926691502,0.0,0.6796843978558212,0.0,0.0,0.0,0.2636000930384382,0.0,0.0,0.0,0.0
0.0,0.0333987015622349,0.3139525771409031,0.0760475109731942,0.6591731517840673,0.4416459649978899,0.0,0.2741051429000337,0.5878974066021795,0.0529156743882436,0.393169591914505,0.0300173708783083,0.5487980923776765,0.0,0.0,0.0820472929351274,0.1500306647616573,0.0,0.1316271376160222,0.0729151852717354,0.0,0.0453416131631757,0.303331980954109,0.0428971244430928,0.0,0.0,0.3112828271075459,0.5170199827316145,0.4618649887419482,0.0,0.2746644872991882,0.0839069350035112,0.0,0.0295138653801431,0.0,0.0,0.0,0.0,0.0,0.0,0.0,0.0,0.0,0.0,0.0,0.0,0.0,0.0,0.0,0.0,0.3453398147969086,0.0,0.0,0.0,0.0,0.0,0.0,0.0,0.0,0.0,0.0,0.0,0.0,0.0,0.0,0.0,0.0,0.3291601412256573,0.0,0.0,0.0,0.1862496032197852,0.0,0.0,0.0,0.0
0.0,0.0,0.5992917365321109,0.1648433880621559,0.3542900175728591,0.5745624097465145,0.2741051429000337,0.0,0.5453201084309618,0.0,0.581709849142578,0.0,0.6667185295772706,0.254898760816436,0.3303883836062474,0.0676966622819389,0.0,0.0,0.6125975447032737,0.2811921817712163,0.1449867043572097,0.2572545437668249,0.8139361541833995,0.0,0.0,0.0,0.4736931382553903,0.2820154311894779,0.3094571718798009,0.4380055411511719,0.2711425084763654,0.4168280594305126,0.2773315963502862,0.3406893616707365,0.0,0.1799062588281497,0.0511424694753495,0.0,0.0,0.0,0.0,0.0,0.0,0.0,0.0,0.0,0.0,0.6423325270122346,0.0,0.2869302725272164,0.3973888411694314,0.3744524096796086,0.834365907606768,0.5049275756168322,0.0,0.5960060719662273,0.0,0.218573294961426,0.2968023986363977,0.2060389770982394,0.0,0.0,0.0,0.6330185993164172,0.0,0.0932785923989831,0.0,0.6428911237781607,0.0,0.0,0.0,0.1829663980487285,0.0,0.0,0.0,0.0
0.0,0.1783096734492224,0.6299586555378853,0.0,0.7951886282618281,0.6921412139148273,0.5878974066021795,0.5453201084309618,0.0,0.0648455572833808,0.6741815524671939,0.0,0.6704146421223548,0.1269086325095278,0.0,0.1006360994412047,0.0,0.0,0.4266413271754439,0.4597072991461131,0.0,0.4046148227255977,0.6756198766973013,0.0,0.0,0.0,0.7131458438756149,0.4573037370823277,0.4458227979734796,0.4768466637699274,0.1840157921603717,0.2396640261094595,0.0416860932376419,0.1193194197732726,0.0406976209091627,0.0894724006150083,0.0,0.0566200844892473,0.0,0.0,0.0,0.0,0.0397618336714383,0.0,0.0,0.0,0.0,0.8204337075434859,0.0,0.0,0.5936193171335838,0.0,0.5895235663458638,0.9412104659992389,0.0,0.6772751525964749,0.0,0.0,0.1618809214494466,0.0,0.0,0.0,0.0,0.3752223830274019,0.0,0.0,0.0,0.6921788973562192,0.0,0.0,0.0,0.4582497072708238,0.0,0.0,0.0,0.0
0.2548079134215784,0.0,0.0,0.0,0.0675237570951293,0.0,0.0529156743882436,0.0,0.0648455572833808,0.0,0.0,0.8686236163163625,0.0703675834763021,0.0,0.0,0.485376342677058,0.9635612801141824,0.660961426630018,0.0,0.0,0.0,0.4171586262120161,0.0,0.6250508623145906,0.3045273776289796,0.3595730981187693,0.0057160150716505,0.1611476616854784,0.0,0.0,0.3398172469451295,0.0,0.0,0.0,0.0,0.0968478207552607,0.082977738907502,0.2424981978211435,0.1262337090234986,0.0,0.1610436867513213,0.0,0.0,0.0,0.449008020553878,0.0,0.0,0.0,0.0,0.0,0.0,0.0,0.0,0.0,0.938193417169261,0.0,0.8744252936833692,0.0,0.0,0.0,0.0,0.8862628206615412,0.6297431013091663,0.0,0.0,0.0,0.0,0.0,0.5907649482571263,0.5421134046465519,0.5221279509942345,0.0,0.5860327472855249,0.0,0.0,0.5836243288442832
0.0,0.0,0.7371195055793882,0.2176181584120211,0.6071172082314583,0.6611699134919501,0.393169591914505,0.581709849142578,0.6741815524671939,0.0,0.0,0.0,0.7112273662180255,0.1966057678291388,0.0,0.0,0.0,0.0,0.6862308569098258,0.0,0.0,0.0,0.6876459696547295,0.0,0.0,0.0,0.6595043677927532,0.2940669444911992,0.0,0.0,0.0988468200057163,0.230498796172552,0.1731832181407048,0.3774135464776367,0.0608155761323702,0.0559378288247719,0.0083822559948188,0.0,0.0,0.0,0.0,0.0,0.0,0.0,0.0,0.0,0.0,0.7562586829424722,0.0,0.481778802501183,0.32963807040687,0.4919141208737449,0.6609828351895901,0.6110914600870657,0.0,0.8844883539044688,0.0,0.0512014213051123,0.2081531458166575,0.0,0.0,0.0,0.0,0.6328251758155998,0.0,0.0,0.0,0.5666919408719914,0.0,0.0,0.0,0.2088768781582558,0.0,0.0,0.0,0.0
0.3753548576099459,0.0,0.0,0.0,0.0338896797444613,0.0,0.0300173708783083,0.0,0.0,0.8686236163163625,0.0,0.0,0.0,0.0,0.0,0.0,0.8082169860096303,0.5771672088608042,0.0,0.0,0.0,0.0,0.0,0.8722079530616741,0.4368418710280428,0.577368701372577,0.0,0.104271800380908,0.0,0.0,0.0202651466926829,0.0,0.0,0.0,0.0,0.0749938249268397,0.0057169957048633,0.3071884682653306,0.2197573867185111,0.0,0.3414259820912863,0.0,0.0,0.0,0.3028768417125319,0.0,0.0,0.0,0.0,0.0,0.0,0.0,0.0,0.0,0.8856011616057986,0.0,0.971740252553586,0.0,0.0,0.0,0.0,0.8614217898307873,0.7184373605130132,0.0,0.0,0.0,0.0,0.0,0.8691789903811141,0.6345312702293254,0.7139691737684967,0.0,0.0,0.0,0.0,0.7874845760635578
0.0,0.0694796975763571,0.620596417498238,0.1337901606142009,0.6011543016325591,0.6712536098028308,0.5487980923776765,0.6667185295772706,0.6704146421223548,0.0703675834763021,0.7112273662180255,0.0,0.0,0.151740909666005,0.2436091117726485,0.012244314383594,0.1158015210277619,0.0568199012183034,0.6099464290668417,0.4306242092970037,0.0,0.3032713138187249,0.7217174171891184,0.0,0.0,0.0,0.619183856145967,0.5387714814295655,0.4746370066520841,0.4600394959584437,0.331099186408369,0.2841670629174178,0.1726337018927146,0.3620508869666811,0.0052593815464693,0.0624237707394285,0.0748384771477599,0.0,0.0,0.0,0.0,0.0,0.0,0.0,0.0,0.0,0.0,0.7410082467256894,0.0,0.0,0.5023263449053607,0.0,0.6844107244336951,0.0,0.0,0.0,0.0,0.0,0.0,0.0,0.0,0.0,0.0,0.0,0.0,0.0,0.0,0.659077920191616,0.0,0.0,0.0,0.3331137122223512,0.0,0.0,0.0,0.0
0.0,0.0,0.0265615928316105,0.2214313401490356,0.182484915504629,0.2005889890639196,0.0,0.254898760816436,0.1269086325095278,0.0,0.1966057678291388,0.0,0.151740909666005,0.0,0.0,0.0,0.0,0.0,0.1345503291618829,0.0,0.0514088274161406,0.0,0.131722859535319,0.0,0.0,0.0,0.0063192909245765,0.2407169002918311,0.0,0.0,0.0,0.1960826346748657,0.0,0.0,0.0,0.6178766501741728,0.3336337747956177,0.0,0.0,0.0,0.0,0.0,0.4602443156216222,0.0,0.0,0.0,0.0,0.006577251518923,0.0,0.0,0.0,0.0,0.0,0.1011015246244466,0.0,0.3014342452458956,0.0,0.0,0.0,0.0,0.0,0.0,0.0,0.0,0.0,0.0,0.0,0.1331703394245402,0.0,0.0,0.0,0.0,0.0,0.0,0.0,0.0
0.2260927362673934,0.3647308139311701,0.0,0.0,0.0,0.1398090420897647,0.0,0.3303883836062474,0.0,0.0,0.0,0.0,0.2436091117726485,0.0,0.0,0.3081065621627571,0.0,0.323846157611972,0.0,0.634917517110022,0.4589489572189681,0.7989436859077773,0.4909064507572102,0.0,0.0062358960370896,0.1866054851063092,0.5336293433758895,0.0,0.0806354563244851,0.0,0.092884360323531,0.1437809460330699,0.1861000185363673,0.1633980125418582,0.0390071357014177,0.0110500929698242,0.0,0.0,0.0,0.1667159713003903,0.0,0.0,0.0,0.0,0.0,0.0,0.3735490801198606,0.0,0.0,0.0,0.4119113481671113,0.0,0.3944172705024936,0.0,0.0,0.0,0.0,0.0,0.0,0.6119612397976198,0.1466708218107251,0.0,0.0,0.0,0.4082736181744396,0.4626687309760177,0.4691358595901336,0.4948246672628463,0.0,0.0,0.2125534178551135,0.5672561295271342,0.0,0.1779626609650394,0.0,0.0
0.4863510891289164,0.4587386296426181,0.0,0.0,0.0,0.0,0.0820472929351274,0.0676966622819389,0.1006360994412047,0.485376342677058,0.0,0.0,0.012244314383594,0.0,0.3081065621627571,0.0,0.4757147946967476,0.8455129370259236,0.0,0.1766239834979494,0.1295174787996964,0.570935269509231,0.0117140510381585,0.3613667720869253,0.5342062396744164,0.3842948103592415,0.0114795690551259,0.0,0.0,0.19105428916394,0.2379296388734721,0.0539423972278737,0.0665746030436166,0.0,0.0,0.0,0.0,0.0,0.2370016964163308,0.0,0.0399730991749814,0.071730163908667,0.0,0.0,0.0,0.5042174562814088,0.5269258127506453,0.0,0.0,0.0,0.0,0.0,0.0,0.0,0.0,0.0,0.0,0.0,0.0,0.1839685791581959,0.6227810158231794,0.0,0.5873445417514079,0.0,0.3821259207115191,0.2446682959935295,0.516757627079248,0.0,0.0,0.5705445906494975,0.4285684846489534,0.0,0.0,0.0,0.0,0.3157655706408533
0.2232342897122515,0.0,0.0,0.0,0.0,0.0,0.1500306647616573,0.0,0.0,0.9635612801141824,0.0,0.8082169860096303,0.1158015210277619,0.0,0.0,0.4757147946967476,0.0,0.6771233585838218,0.0,0.2755339723728426,0.0,0.4407962134109328,0.0,0.609188963247174,0.3043167534551352,0.2981177062765138,0.0,0.1282470353414632,0.0,0.0,0.3787541231324414,0.0,0.0,0.0,0.0,0.0,0.0,0.1907381503907797,0.0,0.0,0.2185992595168068,0.0,0.0,0.0,0.0,0.0,0.0,0.0,0.0,0.0,0.0,0.0,0.0,0.0,0.8688804092187179,0.0,0.8651120271034081,0.0,0.0,0.0,0.0,0.8406842338410396,0.5689146019336151,0.0,0.0,0.0,0.0,0.0,0.5966439422861742,0.4663025574301123,0.4747589898115585,0.0,0.0,0.0,0.0,0.0
0.5444957633933232,0.5317914641948611,0.0,0.0,0.0,0.0,0.0,0.0,0.0,0.660961426630018,0.0,0.5771672088608042,0.0568199012183034,0.0,0.323846157611972,0.8455129370259236,0.6771233585838218,0.0,0.0,0.293760464918336,0.0,0.6268872846953999,0.0,0.5498494331731191,0.6293141374511135,0.5637126508269272,0.0763520183299273,0.0,0.0,0.0,0.1956154865673872,0.0,0.0,0.0,0.0,0.0,0.0,0.0,0.1053724678185772,0.0,0.0222797807110292,0.2147963992900851,0.0,0.0,0.0,0.546345629450677,0.6203394929784923,0.0,0.0,0.0,0.0,0.0,0.0,0.0,0.6693350832539432,0.0,0.6039455021072014,0.0,0.0,0.0,0.7255236538338271,0.598581541484251,0.6793992191863526,0.0,0.0,0.0,0.6614214197662114,0.0,0.5423777106926265,0.6495405996326186,0.6040068397837992,0.0,0.0,0.0,0.0,0.3978312736222383
0.0,0.0,0.6291352193934193,0.3641819101129361,0.2419999555538576,0.4935161268261128,0.1316271376160222,0.6125975447032737,0.4266413271754439,0.0,0.6862308569098258,0.0,0.6099464290668417,0.1345503291618829,0.0,0.0,0.0,0.0,0.0,0.0,0.0,0.0,0.6174643968586797,0.0,0.0,0.0,0.4670355268269682,0.132450648163735,0.0,0.0,0.1563310016606068,0.3588350126838452,0.0,0.4910242640690432,0.025211192665795,0.0,0.1523068076813503,0.0,0.0,0.0,0.0,0.0,0.0,0.0,0.0,0.0,0.0,0.6681886399605722,0.0,0.0,0.2084033714731286,0.0,0.7298431043384485,0.3376965913346426,0.0,0.6603785545057459,0.0,0.0,0.1888872948489746,0.0,0.0,0.0,0.0,0.7664526452939786,0.0,0.0,0.0,0.4928377581525613,0.0,0.0,0.0,0.0470902406091353,0.0,0.0,0.0,0.0
0.122818867143832,0.3722666487319016,0.0,0.0,0.4367346438822173,0.4045854370058859,0.0729151852717354,0.2811921817712163,0.4597072991461131,0.0,0.0,0.0,0.4306242092970037,0.0,0.634917517110022,0.1766239834979494,0.2755339723728426,0.293760464918336,0.0,0.0,0.1101696583384809,0.7639270804349318,0.5824592637953646,0.0,0.1081124143844254,0.2238737209713773,0.7778164664419235,0.0571778251485049,0.4013956620854015,0.335629215466977,0.1587541813007112,0.0,0.0,0.2026215170749522,0.0980993219248142,0.0,0.0,0.0,0.0,0.0256015151292834,0.0,0.0,0.0,0.0,0.0,0.0,0.201906128070057,0.0,0.0,0.0,0.4214948930952128,0.0,0.4116774840705169,0.0,0.0,0.0,0.0,0.0,0.0,0.7800844167076332,0.0,0.0,0.0,0.0,0.5297648237729417,0.2936345699287463,0.3980969284557332,0.69472074104999,0.0,0.0,0.1932632768587258,0.721485839988976,0.0,0.1563752572768008,0.0,0.0
0.2672296432774469,0.2855682307237831,0.0,0.0,0.0,0.0662368583320025,0.0,0.1449867043572097,0.0,0.0,0.0,0.0,0.0,0.0514088274161406,0.4589489572189681,0.1295174787996964,0.0,0.0,0.0,0.1101696583384809,0.0,0.2335126043605786,0.1730929307787565,0.0,0.1057607183177422,0.1648682757802091,0.029383584945439,0.0,0.0816628121140717,0.1072365817874923,0.0,0.3876635479756508,0.3284986003395207,0.0258015625155477,0.0301778987915619,0.1888501997014248,0.0,0.0,0.1382818978873974,0.2358268119818538,0.0,0.0,0.0,0.0,0.0,0.1671681853390377,0.3796237577987348,0.0,0.0,0.0,0.0,0.0,0.2399619799537695,0.0,0.0,0.0,0.0,0.0,0.0,0.2181742779607025,0.0,0.0,0.0,0.0,0.0,0.7782068743754409,0.1857231546759894,0.0625791267934238,0.0,0.0730419092643035,0.0962903389367322,0.0,0.0,0.0622885697650477,0.0,0.0
0.4127305205344319,0.5846700638978218,0.0,0.0,0.2239957967963471,0.1333466138105549,0.0453416131631757,0.2572545437668249,0.4046148227255977,0.4171586262120161,0.0,0.0,0.3032713138187249,0.0,0.7989436859077773,0.570935269509231,0.4407962134109328,0.6268872846953999,0.0,0.7639270804349318,0.2335126043605786,0.0,0.4209525270069972,0.0,0.3425646189582412,0.4366784938129789,0.5710028179112755,0.0,0.0859273935083388,0.3053134845792232,0.1733589701561334,0.0,0.0183034991035785,0.0711077617535887,0.0493859563576589,0.0,0.0,0.0,0.0,0.0,0.0,0.0,0.0,0.0,0.0,0.4018255171416948,0.5028959157069834,0.0,0.0,0.0,0.5278031206874191,0.0,0.0,0.0,0.0,0.0,0.0,0.0,0.0,0.7595959178357389,0.4210981635079846,0.0,0.3158413723015152,0.0,0.6288719709932025,0.4101638678003476,0.6541505460646085,0.5221834125022717,0.0,0.3733597803643666,0.4302896642858482,0.6917845664336899,0.0,0.4362960431972869,0.0,0.0479850264694075
0.0,0.0,0.7248309522917843,0.0619907812691644,0.5466351249515454,0.6877609326946339,0.303331980954109,0.8139361541833995,0.6756198766973013,0.0,0.6876459696547295,0.0,0.7217174171891184,0.131722859535319,0.4909064507572102,0.0117140510381585,0.0,0.0,0.6174643968586797,0.5824592637953646,0.1730929307787565,0.4209525270069972,0.0,0.0,0.0,0.0,0.788926413329213,0.3005537370544223,0.5011212458495039,0.4855265531135315,0.2660944930834644,0.2679599149505554,0.2447824688763715,0.3986921220560265,0.0941950287495038,0.0465097514032669,0.0,0.0,0.0,0.3856157170828657,0.0,0.0,0.0,0.0,0.0,0.0,0.0,0.7913100793173562,0.0,0.4142592112076323,0.5227484071077213,0.5391249894226954,0.8542950830116539,0.6816627185206685,0.0,0.6975613966395491,0.0,0.2543286984920623,0.211055158376082,0.3958041860451359,0.0,0.0,0.0,0.712973012697884,0.0,0.1456340442587648,0.0,0.8620528256915657,0.0,0.0,0.0,0.4551067806667991,0.0,0.0,0.0,0.0
0.5765631469809531,0.0,0.0,0.0,0.0,0.0,0.0428971244430928,0.0,0.0,0.6250508623145906,0.0,0.8722079530616741,0.0,0.0,0.0,0.3613667720869253,0.609188963247174,0.5498494331731191,0.0,0.0,0.0,0.0,0.0,0.0,0.542151071158591,0.7227417807989,0.0,0.0,0.0,0.0,0.0,0.0,0.0,0.0,0.0,0.0,0.0,0.3034824913639193,0.1550055909494394,0.0,0.477004840458523,0.0,0.0,0.0,0.0464465250261502,0.5910822050037615,0.0,0.0,0.0,0.0,0.0,0.0,0.0,0.0,0.7036344317090028,0.0,0.8799813455397897,0.0,0.0,0.0,0.7704605124362088,0.6666046038554728,0.7302477646298646,0.0,0.0,0.0,0.0,0.0,1.0,0.6525290526966006,0.8158548850939474,0.0,0.0,0.0,0.0,0.8565862541041477
0.7862736808698315,0.7103230379407964,0.0,0.0,0.0420426042911115,0.0,0.0,0.0,0.0,0.3045273776289796,0.0,0.4368418710280428,0.0,0.0,0.0062358960370896,0.5342062396744164,0.3043167534551352,0.6293141374511135,0.0,0.1081124143844254,0.1057607183177422,0.3425646189582412,0.0,0.542151071158591,0.0,0.8127659037087616,0.0,0.0,0.0,0.0,0.0,0.0,0.0,0.0,0.0518309096650312,0.0,0.0,0.4619723127341339,0.2542214652075766,0.0,0.0529370043391589,0.3481924441020046,0.0,0.0,0.0,0.7778093389045896,0.728865838145745,0.0,0.0,0.0,0.0,0.0,0.0,0.0,0.5002063890444959,0.0,0.3781521149981739,0.0,0.0,0.0,0.6288328862413164,0.3490323188009762,0.7123996348255611,0.0,0.6008901042801738,0.2637306203259458,0.6448865062388712,0.0,0.6062665344463992,0.909887671810998,0.7943137583677069,0.0,0.0,0.0,0.0,0.5385650538398756
0.8319393337840707,0.8455146459630146,0.0,0.0,0.0,0.0,0.0,0.0,0.0,0.3595730981187693,0.0,0.577368701372577,0.0,0.0,0.1866054851063092,0.3842948103592415,0.2981177062765138,0.5637126508269272,0.0,0.2238737209713773,0.1648682757802091,0.4366784938129789,0.0,0.7227417807989,0.8127659037087616,0.0,0.0,0.0,0.0,0.0,0.0,0.0,0.0,0.0,0.0,0.0910823261652221,0.0,0.3389536056966883,0.0485620075102798,0.0,0.1204342534711474,0.408276107769571,0.0,0.0,0.0279252947611783,0.7433487107870934,0.7529778392363624,0.0,0.0,0.0,0.0,0.0,0.0,0.0,0.4932849916025381,0.0,0.5141661053998637,0.0,0.0,0.4393828012907229,0.6536252163076034,0.3859507076184619,0.657874009997876,0.0,0.7167805873929058,0.3226930967588699,0.7714834143678772,0.0,0.7349583620232732,0.7710019673194813,0.9661234892191316,0.3280270883714001,0.0,0.6335523824078169,0.0,0.5648667445258586
0.0,0.1336344164062654,0.6087440250062165,0.0,0.682277757617664,0.6738247476664441,0.3112828271075459,0.4736931382553903,0.7131458438756149,0.0057160150716505,0.6595043677927532,0.0,0.619183856145967,0.0063192909245765,0.5336293433758895,0.0114795690551259,0.0,0.0763520183299273,0.4670355268269682,0.7778164664419235,0.029383584945439,0.5710028179112755,0.788926413329213,0.0,0.0,0.0,0.0,0.1946495554169103,0.5358114712310907,0.2926999524685728,0.0532301442113174,0.0,0.0,0.235139835822869,0.0698686570619655,0.0,0.0,0.0,0.0,0.0,0.0,0.0,0.0,0.0,0.0,0.0,0.0,0.7487992265215333,0.0,0.0,0.635341757839267,0.5203322633539883,0.5980768324646217,0.7700198118109075,0.0,0.695251879824117,0.0,0.1664056701103893,0.0791591550405723,0.6506497295542385,0.0,0.0,0.0,0.5491156914087137,0.2542118956418179,0.1573877714715235,0.0,0.8585911632203035,0.0,0.0,0.0,0.7324278982432919,0.0,0.0,0.0,0.0
0.0,0.0,0.2889748414147677,0.0593666604138931,0.573004979137561,0.4142077560016768,0.5170199827316145,0.2820154311894779,0.4573037370823277,0.1611476616854784,0.2940669444911992,0.104271800380908,0.5387714814295655,0.2407169002918311,0.0,0.0,0.1282470353414632,0.0,0.132450648163735,0.0571778251485049,0.0,0.0,0.3005537370544223,0.0,0.0,0.0,0.1946495554169103,0.0,0.2006606934598667,0.4920451589348447,0.3457289152698812,0.3404474402870132,0.065498821370581,0.0,0.0,0.3114333200995856,0.007369720132931,0.0986577062557766,0.2506902893082337,0.0,0.0466529875737107,0.0249574972144272,0.3495273265754389,0.0,0.0,0.0,0.0,0.0,0.0,0.0,0.2318096410239515,0.0,0.2941654797060711,0.0,0.0,0.0,0.0,0.0,0.0,0.0803456168504681,0.0,0.0,0.0,0.0,0.0307335250435398,0.0,0.0,0.2847986911835965,0.0,0.0,0.0,0.1268027372985706,0.5128180500417656,0.0260807486619958,0.0,0.1244198642146479
0.0,0.0,0.0,0.0,0.4496299146731591,0.6962071257756532,0.4618649887419482,0.3094571718798009,0.4458227979734796,0.0,0.0,0.0,0.4746370066520841,0.0,0.0806354563244851,0.0,0.0,0.0,0.0,0.4013956620854015,0.0816628121140717,0.0859273935083388,0.5011212458495039,0.0,0.0,0.0,0.5358114712310907,0.2006606934598667,0.0,0.3385958179450795,0.033605475290793,0.1778937727236301,0.0320833608455975,0.3905530372473215,0.1078596820026034,0.0,0.0,0.0,0.0,0.0,0.0,0.0,0.0,0.0,0.0,0.0,0.0,0.0,0.0,0.0,0.0,0.0,0.504863546290873,0.0,0.0,0.0,0.0,0.0,0.0,0.3780815896269974,0.0,0.0,0.0,0.0,0.0,0.1456737130327433,0.0,0.4214006970152471,0.0,0.0,0.0,0.0358013563687215,0.0,0.0,0.0,0.0
0.0,0.0,0.5800255417252344,0.0,0.0,0.2796718182817964,0.0,0.4380055411511719,0.4768466637699274,0.0,0.0,0.0,0.4600394959584437,0.0,0.0,0.19105428916394,0.0,0.0,0.0,0.335629215466977,0.1072365817874923,0.3053134845792232,0.4855265531135315,0.0,0.0,0.0,0.2926999524685728,0.4920451589348447,0.3385958179450795,0.0,0.5791922438877197,0.3835117547382084,0.0,0.2855280583810774,0.1888531418533812,0.0,0.0,0.0,0.0630643932400406,0.0,0.0,0.0,0.0,0.0,0.0,0.0,0.0,0.0,0.0,0.0,0.0,0.0,0.0,0.0,0.0,0.0,0.0,0.0,0.0,0.0,0.0,0.0,0.0,0.0,0.1178921155101345,0.0,0.0,0.3172090812269357,0.0,0.0,0.0,0.1612476979359861,0.0,0.0,0.0,0.0
0.0,0.0,0.3774552328482753,0.0,0.1141762960139143,0.0,0.2746644872991882,0.2711425084763654,0.1840157921603717,0.3398172469451295,0.0988468200057163,0.0202651466926829,0.331099186408369,0.0,0.092884360323531,0.2379296388734721,0.3787541231324414,0.1956154865673872,0.1563310016606068,0.1587541813007112,0.0,0.1733589701561334,0.2660944930834644,0.0,0.0,0.0,0.0532301442113174,0.3457289152698812,0.033605475290793,0.5791922438877197,0.0,0.424865642160426,0.4092210787271912,0.447148482085194,0.3164919131176547,0.0725491407761798,0.1417392463246909,0.2132696936013459,0.2612688811055125,0.3061070878922034,0.1101182546862668,0.0,0.0,0.0,0.0,0.0,0.0,0.0,0.0,0.0,0.0139200709137352,0.0,0.2248819160981199,0.0,0.204729160117242,0.0,0.0776910667664435,0.0,0.0,0.0743925910178418,0.0,0.0,0.035867675127593,0.0,0.0,0.0031955061011347,0.0,0.1184390511993621,0.0,0.0,0.0,0.031211553664418,0.1294589949300493,0.0,0.0,0.0
0.0,0.0,0.4071022590526025,0.3023891634428797,0.0867719756846969,0.2203504642629955,0.0839069350035112,0.4168280594305126,0.2396640261094595,0.0,0.230498796172552,0.0,0.2841670629174178,0.1960826346748657,0.1437809460330699,0.0539423972278737,0.0,0.0,0.3588350126838452,0.0,0.3876635479756508,0.0,0.2679599149505554,0.0,0.0,0.0,0.0,0.3404474402870132,0.1778937727236301,0.3835117547382084,0.424865642160426,0.0,0.644554831749417,0.4521817594601214,0.1729280869897439,0.3135316151587974,0.106351104569494,0.0490558581376291,0.4920416601310076,0.6186360838853451,0.0,0.0,0.1513905462107881,0.2135473727522083,0.0,0.0,0.0,0.2886602560660092,0.0,0.0,0.0,0.0,0.4803556799897785,0.1035811981000892,0.0,0.2078468406927406,0.0,0.2917006048657743,0.0,0.0,0.0,0.0,0.0,0.3224716475714704,0.0,0.18300391300961,0.0,0.0519280283267958,0.0,0.0,0.0,0.0,0.0,0.0,0.0,0.0
0.0,0.0,0.0,0.0,0.0,0.0,0.0,0.2773315963502862,0.0416860932376419,0.0,0.1731832181407048,0.0,0.1726337018927146,0.0,0.1861000185363673,0.0665746030436166,0.0,0.0,0.0,0.0,0.3284986003395207,0.0183034991035785,0.2447824688763715,0.0,0.0,0.0,0.0,0.065498821370581,0.0320833608455975,0.0,0.4092210787271912,0.644554831749417,0.0,0.6060494265815562,0.3795470309781029,0.1598424261184794,0.2025353530892819,0.2055061710631569,0.3018921405413005,0.7163300453200959,0.0,0.0,0.0,0.0,0.1122266065680542,0.0,0.0357486253416212,0.0,0.0,0.0,0.0,0.0,0.0,0.0,0.0,0.0,0.0,0.0,0.0,0.0,0.0,0.0,0.0,0.0,0.0,0.1396764428966473,0.0,0.0,0.0,0.0,0.0,0.0,0.0,0.0,0.0,0.0
0.0,0.0,0.5330082980502,0.2817575212148858,0.0182681400333982,0.1680359344798446,0.0295138653801431,0.3406893616707365,0.1193194197732726,0.0,0.3774135464776367,0.0,0.3620508869666811,0.0,0.1633980125418582,0.0,0.0,0.0,0.4910242640690432,0.2026215170749522,0.0258015625155477,0.0711077617535887,0.3986921220560265,0.0,0.0,0.0,0.235139835822869,0.0,0.3905530372473215,0.2855280583810774,0.447148482085194,0.4521817594601214,0.6060494265815562,0.0,0.487766153672911,0.0,0.0860923534834759,0.0,0.0,0.569430376772757,0.0,0.0,0.0,0.0,0.0043016266012329,0.0,0.0,0.0,0.0,0.0,0.0,0.0,0.4011596593028428,0.0,0.0,0.0,0.0,0.0,0.0,0.0586289039847686,0.0,0.0,0.0,0.0,0.0,0.0020079933159677,0.0,0.1426269615179097,0.0,0.0,0.0,0.0,0.0,0.0,0.0,0.0
0.0,0.0,0.1759308339250942,0.0,0.0,0.0,0.0,0.0,0.0406976209091627,0.0,0.0608155761323702,0.0,0.0052593815464693,0.0,0.0390071357014177,0.0,0.0,0.0,0.025211192665795,0.0980993219248142,0.0301778987915619,0.0493859563576589,0.0941950287495038,0.0,0.0518309096650312,0.0,0.0698686570619655,0.0,0.1078596820026034,0.1888531418533812,0.3164919131176547,0.1729280869897439,0.3795470309781029,0.487766153672911,0.0,0.0,0.0,0.4414333168573652,0.1017325656811023,0.1868283894770035,0.1441981820700835,0.254701657415316,0.0,0.0,0.0,0.0,0.0,0.0,0.0,0.0,0.0,0.0,0.0,0.0,0.0,0.0,0.0,0.0,0.0,0.062545465022811,0.0195280588370399,0.0,0.0,0.0,0.097616698970808,0.0,0.0783942981470243,0.0,0.0,0.0,0.0,0.0,0.0,0.0276271230116841,0.0,0.0
0.0,0.0,0.0094102486673666,0.0,0.0528315867306806,0.0842050149690218,0.0,0.1799062588281497,0.0894724006150083,0.0968478207552607,0.0559378288247719,0.0749938249268397,0.0624237707394285,0.6178766501741728,0.0110500929698242,0.0,0.0,0.0,0.0,0.0,0.1888501997014248,0.0,0.0465097514032669,0.0,0.0,0.0910823261652221,0.0,0.3114333200995856,0.0,0.0,0.0725491407761798,0.3135316151587974,0.1598424261184794,0.0,0.0,0.0,0.3676423609338773,0.2703494448084782,0.2717594759631023,0.1197470015557242,0.0,0.0,0.7250273097799068,0.5459964798753904,0.0,0.0,0.0,0.0,0.0,0.0,0.0,0.0,0.1954477311039711,0.0417021251818419,0.0,0.1587010945374039,0.0,0.4013380596868002,0.5017175551192319,0.0,0.0,0.0,0.0,0.0,0.0,0.0,0.0,0.0039240662382092,0.0,0.0,0.0,0.0,0.2389802620150616,0.0722986019305491,0.0,0.0
0.0,0.0,0.0,0.2704433758969774,0.0,0.0,0.0,0.0511424694753495,0.0,0.082977738907502,0.0083822559948188,0.0057169957048633,0.0748384771477599,0.3336337747956177,0.0,0.0,0.0,0.0,0.1523068076813503,0.0,0.0,0.0,0.0,0.0,0.0,0.0,0.0,0.007369720132931,0.0,0.0,0.1417392463246909,0.106351104569494,0.2025353530892819,0.0860923534834759,0.0,0.3676423609338773,0.0,0.1422441213064809,0.0618337284789727,0.0,0.0,0.0,0.0,0.0,0.0,0.0,0.0,0.0,0.0,0.0,0.0,0.0,0.0,0.0,0.0,0.0,0.0,0.0,0.0,0.0,0.0,0.0,0.0,0.0,0.0,0.0,0.0,0.0,0.0,0.0,0.0,0.0,0.0,0.0,0.0,0.0
0.0,0.0,0.0,0.0,0.0253646391459859,0.0,0.0,0.0,0.0566200844892473,0.2424981978211435,0.0,0.3071884682653306,0.0,0.0,0.0,0.0,0.1907381503907797,0.0,0.0,0.0,0.0,0.0,0.0,0.3034824913639193,0.4619723127341339,0.3389536056966883,0.0,0.0986577062557766,0.0,0.0,0.2132696936013459,0.0490558581376291,0.2055061710631569,0.0,0.4414333168573652,0.2703494448084782,0.1422441213064809,0.0,0.3236139001354527,0.0,0.2005040023973029,0.5446802945545409,0.0,0.0,0.0,0.0,0.0,0.0,0.0,0.0,0.0,0.0,0.0,0.0,0.2398146401850341,0.0,0.2438305414000999,0.0,0.0,0.0,0.0,0.0,0.0,0.0,0.0,0.0,0.0,0.0,0.3273494895918492,0.0,0.3852988589650403,0.0,0.0,0.0,0.0,0.0
0.1829021815728829,0.0394280388108744,0.0,0.0,0.0,0.0,0.0,0.0,0.0,0.1262337090234986,0.0,0.2197573867185111,0.0,0.0,0.0,0.2370016964163308,0.0,0.1053724678185772,0.0,0.0,0.1382818978873974,0.0,0.0,0.1550055909494394,0.2542214652075766,0.0485620075102798,0.0,0.2506902893082337,0.0,0.0630643932400406,0.2612688811055125,0.4920416601310076,0.3018921405413005,0.0,0.1017325656811023,0.2717594759631023,0.0618337284789727,0.3236139001354527,0.0,0.0,0.4347070985856764,0.4283121721057367,0.365689169239409,0.3281607224111224,0.0064455935898818,0.2198566672630211,0.1603994839133631,0.0,0.0701251051079993,0.0,0.0,0.0812038379779863,0.0,0.0,0.3382866433747377,0.0,0.190352295626537,0.305525972968396,0.0421057087530598,0.0,0.1144707287502631,0.3783337602762416,0.3079338784589028,0.0,0.0243320477777387,0.0059787970454594,0.1020096551895676,0.0,0.2413538907232232,0.2544485741974868,0.0982831506913528,0.0,0.4381554245624488,0.2826745312346003,0.4937185268695206,0.4040416533530568
0.0,0.0,0.0,0.0,0.0,0.0,0.0,0.0,0.0,0.0,0.0,0.0,0.0,0.0,0.1667159713003903,0.0,0.0,0.0,0.0,0.0256015151292834,0.2358268119818538,0.0,0.3856157170828657,0.0,0.0,0.0,0.0,0.0,0.0,0.0,0.3061070878922034,0.6186360838853451,0.7163300453200959,0.569430376772757,0.1868283894770035,0.1197470015557242,0.0,0.0,0.0,0.0,0.0,0.0,0.0,0.0,0.1892312015448699,0.0,0.0,0.0,0.0,0.0,0.0,0.0291300940727336,0.5051729042661377,0.0,0.0,0.2525374408356263,0.0,0.0541172857813445,0.0,0.0,0.0,0.0,0.0,0.0,0.0,0.0955087150565386,0.0,0.107509448080788,0.0,0.0,0.0,0.0,0.0,0.0,0.0,0.0
0.0957513625384651,0.0,0.0,0.0,0.0,0.0,0.0,0.0,0.0,0.1610436867513213,0.0,0.3414259820912863,0.0,0.0,0.0,0.0399730991749814,0.2185992595168068,0.0222797807110292,0.0,0.0,0.0,0.0,0.0,0.477004840458523,0.0529370043391589,0.1204342534711474,0.0,0.0466529875737107,0.0,0.0,0.1101182546862668,0.0,0.0,0.0,0.1441981820700835,0.0,0.0,0.2005040023973029,0.4347070985856764,0.0,0.0,0.6388938097734039,0.0,0.0460807989934099,0.0,0.1675839992605472,0.0,0.0,0.0273293437901071,0.0805677006453336,0.0,0.0440521454938424,0.0,0.0,0.253837954336682,0.0,0.3860152601240221,0.0,0.0,0.0,0.3116359652720396,0.344933752437409,0.2568405986641917,0.0,0.1334641349126863,0.0,0.1082546878980718,0.0,0.4803635430051055,0.0871121287307222,0.170835758809055,0.0,0.3347368439554973,0.2167918883075653,0.5185389884888826,0.5755016030506782
0.0,0.1066819519558295,0.0,0.0,0.0,0.0,0.0,0.0,0.0,0.0,0.0,0.0,0.0,0.0,0.0,0.071730163908667,0.0,0.2147963992900851,0.0,0.0,0.0,0.0,0.0,0.0,0.3481924441020046,0.408276107769571,0.0,0.0249574972144272,0.0,0.0,0.0,0.0,0.0,0.0,0.254701657415316,0.0,0.0,0.5446802945545409,0.4283121721057367,0.0,0.6388938097734039,0.0,0.2868068444310407,0.1460571574254393,0.0,0.4395074108780206,0.2113684061480893,0.0,0.0,0.0,0.1498329777892069,0.0,0.0,0.0,0.578141461810613,0.0,0.7667229676114251,0.1155739411992851,0.0,0.0,0.4877930803331974,0.487274563057029,0.4804710876931533,0.0,0.4206115627692605,0.0,0.3915373594729696,0.0,0.7530702300416364,0.424094001007141,0.6014191297903486,0.132924711039395,0.4987152721630142,0.5421644703525605,0.6016728444977,0.8050010416212717
0.0,0.0,0.0,0.0,0.0240125331901803,0.0,0.0,0.0,0.0397618336714383,0.0,0.0,0.0,0.0,0.4602443156216222,0.0,0.0,0.0,0.0,0.0,0.0,0.0,0.0,0.0,0.0,0.0,0.0,0.0,0.3495273265754389,0.0,0.0,0.0,0.1513905462107881,0.0,0.0,0.0,0.7250273097799068,0.0,0.0,0.365689169239409,0.0,0.0,0.2868068444310407,0.0,0.4550558166148548,0.2234437763091736,0.0,0.0,0.0,0.0,0.0,0.0,0.0057531397147073,0.0,0.0106146799412968,0.2291043912487036,0.0,0.1071180501993268,0.4703739037158691,0.2756490036632018,0.0,0.0,0.2136693959233875,0.0,0.0,0.1412928476440385,0.0,0.1165869828251567,0.0,0.1507391922790603,0.3148306279483647,0.2017202203801358,0.0,0.4792953671977607,0.2425912086650442,0.0,0.2865956333899437
0.0,0.0,0.0,0.0,0.0,0.0,0.0,0.0,0.0,0.0,0.0,0.0,0.0,0.0,0.0,0.0,0.0,0.0,0.0,0.0,0.0,0.0,0.0,0.0,0.0,0.0,0.0,0.0,0.0,0.0,0.0,0.2135473727522083,0.0,0.0,0.0,0.5459964798753904,0.0,0.0,0.3281607224111224,0.0,0.0460807989934099,0.1460571574254393,0.4550558166148548,0.0,0.1671658230156033,0.0,0.0,0.0,0.2621143560758175,0.0,0.0,0.0,0.0,0.0,0.2872658740783756,0.0,0.1509517511458563,0.2558032634740073,0.2968057587104293,0.0,0.0,0.0,0.0,0.0,0.0,0.0,0.0,0.0,0.0,0.0,0.0,0.0,0.309174325527552,0.0,0.0,0.1715408123382105
0.0,0.0,0.0,0.0,0.0,0.0,0.0,0.0,0.0,0.449008020553878,0.0,0.3028768417125319,0.0,0.0,0.0,0.0,0.0,0.0,0.0,0.0,0.0,0.0,0.0,0.0464465250261502,0.0,0.0279252947611783,0.0,0.0,0.0,0.0,0.0,0.0,0.1122266065680542,0.0043016266012329,0.0,0.0,0.0,0.0,0.0064455935898818,0.1892312015448699,0.0,0.0,0.2234437763091736,0.1671658230156033,0.0,0.0832429122118405,0.0,0.0,0.0,0.0,0.0,0.0,0.0,0.1046295425354677,0.4040999320879979,0.0240160661655237,0.3020163697033405,0.3253426306383523,0.0,0.0,0.0,0.3193634432362338,0.0,0.0,0.0,0.0,0.0,0.0,0.0208885996800758,0.2546059793537018,0.0764148041684941,0.0,0.0406756250470317,0.0,0.0,0.0
0.8992530897996096,0.6255967903012923,0.0,0.0,0.0,0.0,0.0,0.0,0.0,0.0,0.0,0.0,0.0,0.0,0.0,0.5042174562814088,0.0,0.546345629450677,0.0,0.0,0.1671681853390377,0.4018255171416948,0.0,0.5910822050037615,0.7778093389045896,0.7433487107870934,0.0,0.0,0.0,0.0,0.0,0.0,0.0,0.0,0.0,0.0,0.0,0.0,0.2198566672630211,0.0,0.1675839992605472,0.4395074108780206,0.0,0.0,0.0832429122118405,0.0,0.7175624985361891,0.0,0.0,0.0,0.0379671312209951,0.0,0.0,0.0,0.4985296824958572,0.0,0.4127791138328074,0.2703592245860137,0.0,0.3089834758751635,0.7415573733389622,0.0,0.6662437657098593,0.0,0.5589339113684711,0.3432282101133502,0.7323448891069779,0.0,0.6612278358776147,0.7794343570618361,0.8033835646137629,0.1132515460025273,0.403524037548043,0.7083188776762092,0.0,0.562288511234014
0.7264959634483196,0.7746115837332557,0.0,0.0,0.0,0.0,0.0,0.0,0.0,0.0,0.0,0.0,0.0,0.0,0.3735490801198606,0.5269258127506453,0.0,0.6203394929784923,0.0,0.201906128070057,0.3796237577987348,0.5028959157069834,0.0,0.0,0.728865838145745,0.7529778392363624,0.0,0.0,0.0,0.0,0.0,0.0,0.0357486253416212,0.0,0.0,0.0,0.0,0.0,0.1603994839133631,0.0,0.0,0.2113684061480893,0.0,0.0,0.0,0.7175624985361891,0.0,0.0,0.0,0.0,0.0635590576634816,0.0,0.0,0.0,0.6466731626317297,0.0,0.0,0.4654553756979996,0.0,0.2758819747456493,0.6322257897905169,0.5181000451253803,0.7004107973072323,0.0,0.5737505600303187,0.4685236859840663,0.8315909379758395,0.0,0.0,0.8517167017293068,0.8294439701250941,0.1568445549786513,0.3506111512546417,0.6272695721973383,0.0,0.3377047705879981
0.0,0.0,0.8368731368055409,0.0,0.6228086663199531,0.6714874555618071,0.0,0.6423325270122346,0.8204337075434859,0.0,0.7562586829424722,0.0,0.7410082467256894,0.006577251518923,0.0,0.0,0.0,0.0,0.6681886399605722,0.0,0.0,0.0,0.7913100793173562,0.0,0.0,0.0,0.7487992265215333,0.0,0.0,0.0,0.0,0.2886602560660092,0.0,0.0,0.0,0.0,0.0,0.0,0.0,0.0,0.0,0.0,0.0,0.0,0.0,0.0,0.0,0.0,0.0,0.2957594425422045,0.5543090044978848,0.5501098945392869,0.7367219175255786,0.7890156407926981,0.0,0.7318317874002227,0.0,0.3085932648413331,0.1053109863281335,0.0,0.0,0.0,0.0,0.6912062564526184,0.0,0.0,0.0,0.7732415211794655,0.0,0.0,0.0,0.4619243787279439,0.0,0.0,0.0,0.0
0.0,0.0,0.0,0.0,0.0,0.0,0.0,0.0,0.0,0.0,0.0,0.0,0.0,0.0,0.0,0.0,0.0,0.0,0.0,0.0,0.0,0.0,0.0,0.0,0.0,0.0,0.0,0.0,0.0,0.0,0.0,0.0,0.0,0.0,0.0,0.0,0.0,0.0,0.0701251051079993,0.0,0.0273293437901071,0.0,0.0,0.2621143560758175,0.0,0.0,0.0,0.0,0.0,0.320693640834153,0.0,0.1917280863729521,0.2507486548709383,0.0,0.0,0.1109465685928213,0.0,0.0,0.0911130084431836,0.0,0.0,0.0,0.0,0.3294696702245982,0.0,0.0,0.0,0.0,0.0,0.0,0.0,0.0,0.0,0.0,0.0,0.0
0.0,0.0,0.2528586360063156,0.0,0.0,0.0,0.0,0.2869302725272164,0.0,0.0,0.481778802501183,0.0,0.0,0.0,0.0,0.0,0.0,0.0,0.0,0.0,0.0,0.0,0.4142592112076323,0.0,0.0,0.0,0.0,0.0,0.0,0.0,0.0,0.0,0.0,0.0,0.0,0.0,0.0,0.0,0.0,0.0,0.0805677006453336,0.0,0.0,0.0,0.0,0.0,0.0,0.2957594425422045,0.320693640834153,0.0,0.3565715868045656,0.7847357652758543,0.267122393337987,0.5874715860932884,0.0,0.4601475236722901,0.0,0.0953632221401175,0.0590162928503878,0.0,0.0,0.0,0.0,0.2810688299709359,0.0,0.0,0.0,0.3721283442626618,0.0,0.0,0.0,0.2908635829991186,0.1353459438410946,0.0,0.0,0.0
0.0,0.0,0.2043868247064145,0.0,0.0,0.3443208199677021,0.3453398147969086,0.3973888411694314,0.5936193171335838,0.0,0.32963807040687,0.0,0.5023263449053607,0.0,0.4119113481671113,0.0,0.0,0.0,0.2084033714731286,0.4214948930952128,0.0,0.5278031206874191,0.5227484071077213,0.0,0.0,0.0,0.635341757839267,0.2318096410239515,0.0,0.0,0.0139200709137352,0.0,0.0,0.0,0.0,0.0,0.0,0.0,0.0,0.0,0.0,0.1498329777892069,0.0,0.0,0.0,0.0379671312209951,0.0635590576634816,0.5543090044978848,0.0,0.3565715868045656,0.0,0.4596564578524915,0.3312955084870204,0.7357532217486397,0.259195355833492,0.4365083188397331,0.0,0.4149864299575375,0.1235460122899854,0.4564630882548475,0.2113373214631735,0.2519187836381293,0.099716871670379,0.2224719609991247,0.4751483216342279,0.0712125169026239,0.1949589703881537,0.7146478676322181,0.0,0.1353790035242095,0.1726690998486253,0.7684504821982805,0.2388155390118084,0.3515044681553575,0.2238803716472127,0.197450322570508
0.0,0.0,0.0,0.0,0.0,0.4865988653972209,0.0,0.3744524096796086,0.0,0.0,0.4919141208737449,0.0,0.0,0.0,0.0,0.0,0.0,0.0,0.0,0.0,0.0,0.0,0.5391249894226954,0.0,0.0,0.0,0.5203322633539883,0.0,0.0,0.0,0.0,0.0,0.0,0.0,0.0,0.0,0.0,0.0,0.0812038379779863,0.0291300940727336,0.0440521454938424,0.0,0.0057531397147073,0.0,0.0,0.0,0.0,0.5501098945392869,0.1917280863729521,0.7847357652758543,0.4596564578524915,0.0,0.389560725831828,0.7335716880145065,0.0,0.4765161225506522,0.0,0.5066343000182256,0.0,0.0,0.0,0.0,0.0,0.3179041072907311,0.1228974765667734,0.0,0.0,0.4889289494879398,0.0,0.0,0.0,0.3899606628195533,0.3492577122054867,0.0856836694416267,0.0,0.0
0.0,0.0,0.6874496952408647,0.0,0.450378598737495,0.6501556469416985,0.0,0.834365907606768,0.5895235663458638,0.0,0.6609828351895901,0.0,0.6844107244336951,0.0,0.3944172705024936,0.0,0.0,0.0,0.7298431043384485,0.4116774840705169,0.2399619799537695,0.0,0.8542950830116539,0.0,0.0,0.0,0.5980768324646217,0.2941654797060711,0.504863546290873,0.0,0.2248819160981199,0.4803556799897785,0.0,0.4011596593028428,0.0,0.1954477311039711,0.0,0.0,0.0,0.5051729042661377,0.0,0.0,0.0,0.0,0.0,0.0,0.0,0.7367219175255786,0.2507486548709383,0.267122393337987,0.3312955084870204,0.389560725831828,0.0,0.5141446164862686,0.0,0.7096974532550074,0.0,0.1859507953870184,0.3484872865806804,0.2589976316373686,0.0,0.0,0.0,0.7199216495793904,0.0,0.1763314123993083,0.0,0.7599941187033397,0.0,0.0,0.0,0.1812787294189567,0.0,0.0,0.0,0.0
0.0,0.0,0.5668270125950042,0.0,0.814345859741973,0.6011477583800777,0.0,0.5049275756168322,0.9412104659992389,0.0,0.6110914600870657,0.0,0.0,0.1011015246244466,0.0,0.0,0.0,0.0,0.3376965913346426,0.0,0.0,0.0,0.6816627185206685,0.0,0.0,0.0,0.7700198118109075,0.0,0.0,0.0,0.0,0.1035811981000892,0.0,0.0,0.0,0.0417021251818419,0.0,0.0,0.0,0.0,0.0,0.0,0.0106146799412968,0.0,0.1046295425354677,0.0,0.0,0.7890156407926981,0.0,0.5874715860932884,0.7357532217486397,0.7335716880145065,0.5141446164862686,0.0,0.0667786202028907,0.6642436821332918,0.1033927390421221,0.4798462456754969,0.1488566152390211,0.0,0.0,0.0,0.0,0.3898389515217192,0.3310280252738177,0.0,0.0285751219988706,0.7236862721807705,0.0,0.0,0.0116280190959674,0.6497721493063668,0.1923714965995334,0.1767117749643054,0.067289213543143,0.0014255515939626
