0.0,0.5691974604389051,0.0,0.0,0.0,0.3467831984289387,0.0,0.3797639471565576,0.0,0.4977073743715048,0.0,0.327257771922041,0.3312914851430546,0.0,0.4770263935175719,0.5367988609477572,0.3942097783336181,0.3245679881265013,0.0,0.4334412652089653,0.6769195757472798,0.5021204701540286,0.4609113988770589,0.5457942247772336,0.5774493801809605,0.5665791817759264,0.2124870045117663,0.259946372099514,0.4840991470520243,0.0,0.512947662807825,0.1677946088279618,0.4139231298313778,0.2675810397629557,0.0,0.0,0.0,0.1466882670330104,0.1478775854298349,0.3854025501585079,0.0,0.0,0.0,0.0,0.0,0.6598774413527242,0.3607165506529388,0.0,0.0,0.0,0.0,0.0,0.0,0.0,0.4332960389118637,0.0,0.0,0.0,0.0,0.0,0.4401746080587934,0.0,0.3343592622008897,0.0,0.0,0.62296936768687,0.2898570185666366,0.0,0.4410782696899274,0.3186427185466825,0.4953935743642941,0.0,0.0,0.0,0.0,0.2311081967873298
0.5691974604389051,0.0,0.0,0.0,0.3535686148655186,0.4729617493172008,0.5216841152386412,0.5274067880513561,0.2524909566718272,0.0,0.0,0.0,0.6034221133310923,0.0,0.3833026424754768,0.6029811575024281,0.5147899198317829,0.4577844718678083,0.0,0.4195773747751998,0.4178991567380279,0.6108922474244325,0.4793676767257804,0.0,0.6763951322990327,0.802059790391611,0.3068674371507182,0.336724153970171,0.3068029727549313,0.0,0.3238546604309935,0.1826711603393165,0.3187520747063768,0.1170419193583689,0.0,0.0,0.0,0.0,0.0943809744605807,0.267874983391645,0.0,0.0,0.0,0.0,0.0,0.0502857706668889,0.6352565729406041,0.0,0.0,0.0,0.3365699191129516,0.0,0.0,0.0,0.0,0.0,0.0,0.0,0.0,0.4256011384579296,0.2825525850137412,0.0,0.1747708123279815,0.0,0.3139887458102152,0.315209637066685,0.3563110823959867,0.3141317243254957,0.0,0.2670752557055211,0.5497150089033784,0.3659674573426237,0.0,0.225051937612721,0.0,0.0
0.0,0.0,0.0,0.1091605271463436,0.6045063461878685,0.5680512504410041,0.2344871945988201,0.1674346237682433,0.7962940049926911,0.3559868448719358,0.9067014307272114,0.4882896192445209,0.5346307681655501,0.163221386312104,0.0,0.0,0.0,0.0,0.9347613298425368,0.0,0.0,0.0,0.6840230274239961,0.0,0.0,0.0,0.7045058659867386,0.6337310844887455,0.0,0.0,0.3879121620542723,0.0,0.0,0.0,0.0,0.0,0.0,0.0,0.0,0.0,0.0,0.0,0.3049745270941641,0.0,0.0,0.0,0.0,0.8080089553866246,0.0,0.5295194229901721,0.4495654514301969,0.2576684885579651,0.2883886164186912,0.7970158548174232,0.0,0.7638955543000027,0.0,0.4195071398984356,0.1338164262280546,0.0,0.0,0.0,0.0,0.9033858988727131,0.0,0.0,0.0,0.6224625177673435,0.0,0.0,0.0,0.681820263382756,0.4959844237795616,0.0,0.0,0.0
0.0,0.0,0.1091605271463436,0.0,0.3009350781639777,0.0752562362525193,0.4440523613275145,0.2983611938027417,0.1139846720230179,0.5353473204162955,0.195295217127575,0.3430547656866917,0.2787489599612498,0.1695564983124079,0.0,0.0,0.0,0.0,0.1851701118693785,0.2089957924555659,0.0,0.0,0.2198158740721042,0.0,0.0,0.0,0.1603738040598616,0.2677561138824865,0.2089648407185947,0.0,0.4896631831768536,0.0012316143764982,0.0,0.1801630525258639,0.0,0.4050220868295676,0.4949318868196709,0.2246104626492537,0.0,0.0,0.0,0.0,0.0,0.0,0.0,0.0,0.0,0.0,0.0,0.0,0.0,0.0,0.0,0.0,0.0,0.0,0.0,0.0,0.0,0.0,0.0,0.0,0.0,0.0,0.0,0.0,0.0,0.0,0.0,0.0,0.0,0.0,0.0,0.0,0.0,0.0
0.0,0.3535686148655186,0.6045063461878685,0.3009350781639777,0.0,0.433991127910558,0.6188696607285815,0.2297540513091102,0.8183152686432354,0.4304239202052023,0.7892392434542899,0.4608645455029608,0.5294006838358702,0.3490472659756011,0.0,0.4068414681174898,0.0,0.0,0.536955841156277,0.625225538073324,0.0,0.5427259241507243,0.4291761112200323,0.0,0.2671267956926829,0.306856690457504,0.767882931296847,0.6188362697876534,0.5645630767164482,0.0,0.5126746665397128,0.0,0.0,0.0,0.0,0.3200041880927261,0.3118024710612856,0.3090882662350149,0.0,0.0,0.0,0.0,0.4115601033391461,0.0,0.0,0.0,0.0,0.650680340757708,0.0,0.4365940567226686,0.2627312215845894,0.0,0.2389236698186001,0.7851471415519107,0.0,0.7966654542622345,0.0,0.0,0.0,0.0,0.0,0.0,0.0,0.5759946871493696,0.0,0.0,0.0,0.5313230211857782,0.0,0.0,0.0,0.7266692223114073,0.0,0.0,0.0,0.0
0.3467831984289387,0.4729617493172008,0.5680512504410041,0.0752562362525193,0.433991127910558,0.0,0.329380514844878,0.3066453318117769,0.623426277543047,0.3794319776050106,0.4853852684732173,0.6291717273617607,0.7520345927086014,0.0,0.4797379547191768,0.5942787599458612,0.4442556889146421,0.6055052669058126,0.5450728360587012,0.6037622666150674,0.4737105025949222,0.5806346542552361,0.7074967553040877,0.0,0.5669290548533767,0.5738688159481373,0.595580926508536,0.5262440311218655,0.7367475016451109,0.325045778652162,0.3815681725973813,0.0995723233412887,0.0061420774802009,0.0,0.0,0.0361420851607913,0.0,0.173712261693074,0.0356395599773925,0.0,0.0,0.0,0.286468930046674,0.0,0.0,0.0,0.53998994634943,0.5586339539430049,0.0,0.3751905434735835,0.7799045188612842,0.3860421331511501,0.4547142717637532,0.6183318744887325,0.0,0.3998562546758546,0.0,0.6577947721019991,0.0,0.4261418179181192,0.0,0.0,0.0,0.5081602077258484,0.4473499241143844,0.3269600982567847,0.4568700514046471,0.6595929630943711,0.0,0.0,0.5568419637145149,0.5520316354318725,0.3657734782855087,0.3802525940600164,0.2621888294617223,0.1044707383399932
0.0,0.5216841152386412,0.2344871945988201,0.4440523613275145,0.6188696607285815,0.329380514844878,0.0,0.1526165937017412,0.4850674150881935,0.6132739542277148,0.3552256998872722,0.3031216674995284,0.4130143459762757,0.2173962980257548,0.0,0.2894349888896573,0.4168417083116515,0.1978892723873352,0.2446107757706297,0.4363589807155561,0.0,0.4368786493339343,0.3089841663451101,0.1969394683943842,0.3785053758767365,0.2675967032033046,0.5556776690899526,0.3197660332886235,0.3405129720960806,0.0,0.4882319681187416,0.1255524350107951,0.1393638119061293,0.0,0.0,0.3524932891909222,0.1801653080571088,0.2625127613231483,0.0,0.0,0.0,0.0,0.5043011265694016,0.0,0.0,0.0,0.0,0.3959384934074192,0.0,0.0,0.1145520113684126,0.0,0.2604696144450333,0.4237830874525596,0.0,0.4256568353497067,0.0,0.0,0.0,0.0,0.0,0.0,0.0,0.3171141265410225,0.0,0.0,0.0,0.3408600163536107,0.0,0.0,0.0,0.488467702387683,0.0,0.0,0.0,0.0
0.3797639471565576,0.5274067880513561,0.1674346237682433,0.2983611938027417,0.2297540513091102,0.3066453318117769,0.1526165937017412,0.0,0.1473126556866007,0.3439392404063444,0.2601596038001634,0.4143393211140326,0.3574146072182184,0.2458978820423267,0.2379115426559508,0.1808156296077827,0.0,0.0298586742509135,0.341543534669107,0.1921901743042181,0.5334753720380702,0.1802504124528079,0.6217843065021162,0.4074338539772524,0.0676506685277414,0.3790936518252117,0.1606440308574157,0.1244153498870599,0.1249876315310858,0.4526045378307978,0.1919432103380588,0.0,0.232414577742816,0.1737892694824047,0.0,0.1885075726934385,0.1868713677662059,0.0,0.0,0.0,0.0,0.0,0.156179778699578,0.0,0.0,0.0,0.0,0.3128036564453073,0.0,0.1454694030100267,0.1735067909511473,0.0,0.7744968327246855,0.1277191057264246,0.0,0.3692361853364362,0.0,0.1815120910131215,0.0,0.2621003966182806,0.0,0.0,0.0,0.3164259538305123,0.0,0.4185298703162744,0.0,0.4234872973511703,0.0,0.0,0.0,0.1434109955818095,0.1112316472315274,0.0,0.0,0.0
0.0,0.2524909566718272,0.7962940049926911,0.1139846720230179,0.8183152686432354,0.623426277543047,0.4850674150881935,0.1473126556866007,0.0,0.3844779914972585,0.8774244319550869,0.4633596453597752,0.5252805691290525,0.096014626739725,0.0,0.3735706013455995,0.0,0.3944234044017153,0.7166852231117845,0.7694276883674951,0.0,0.553763737028428,0.5577372328659688,0.2233219429219843,0.2962637054503248,0.3548983684622483,0.8874201094580221,0.6036655803748506,0.6741417779550681,0.4115616151856198,0.4512801252168971,0.0,0.0,0.0,0.0,0.0294129953989275,0.0329682006044058,0.2411222559733105,0.0,0.0,0.0,0.0,0.3456719320825986,0.0,0.0,0.0,0.0,0.8188845016751841,0.0,0.6208071256306222,0.3778455970806512,0.3825254298966208,0.2826287057265213,0.960654450488814,0.0,0.7912947281934749,0.0,0.4372319633391264,0.2186001767691272,0.0,0.0,0.0,0.0,0.6903831030110555,0.0,0.0,0.0,0.6100774550677702,0.0,0.0,0.0,0.7972636866756282,0.5083452676193798,0.0,0.0,0.0
0.4977073743715048,0.0,0.3559868448719358,0.5353473204162955,0.4304239202052023,0.3794319776050106,0.6132739542277148,0.3439392404063444,0.3844779914972585,0.0,0.422897956766447,0.5499401852681405,0.4653234770978637,0.0,0.0,0.4160264254955557,0.7680963671369913,0.3642713291722087,0.4054645749125662,0.4021889400882129,0.0,0.3787263435115642,0.5096001564938453,0.4679242891138797,0.5460184165255738,0.5692012398374227,0.4754870979338697,0.3770212436436254,0.4106404241239802,0.0,0.600571834537425,0.0,0.2756761733375298,0.0912334762985019,0.0,0.1383113969936463,0.1835739409712678,0.3779827686642703,0.0,0.0908309325943572,0.0,0.0,0.0,0.0,0.2137153118455655,0.1894334460715587,0.0,0.0,0.0,0.0,0.0,0.0,0.0,0.0,0.5644041516686887,0.0,0.4987032254267179,0.216652782978643,0.0,0.0,0.0,0.2230110227570269,0.0650367875467108,0.0,0.0,0.0,0.0,0.0,0.3319626006093602,0.1785625855067429,0.3059233936618819,0.0,0.197031293419583,0.0,0.0,0.0477122057074462
0.0,0.0,0.9067014307272114,0.195295217127575,0.7892392434542899,0.4853852684732173,0.3552256998872722,0.2601596038001634,0.8774244319550869,0.422897956766447,0.0,0.4509489853314116,0.5249904859798588,0.2262264767958677,0.0,0.0,0.485215154127787,0.0,0.902522652904431,0.0,0.0,0.0,0.6201991381489877,0.2054828742140856,0.0,0.4173318562305129,0.7907623529947689,0.6540445617802725,0.0,0.0,0.4618429821330141,0.0,0.0,0.0,0.0,0.0827022852608824,0.1410210127683714,0.2712161748531516,0.0,0.0,0.0,0.0,0.3541267659709199,0.0,0.0,0.0,0.0,0.8359584801462406,0.0,0.5764425610150957,0.2834565154665986,0.1977944635719374,0.3183458009544989,0.8198178760269035,0.0,0.9321067535729896,0.0,0.3385406533147191,0.149461932210935,0.0,0.0,0.0,0.0,0.887701164141151,0.0,0.0,0.0,0.5973602421643831,0.0,0.0,0.0,0.7203318596340131,0.5329661693931431,0.0,0.0,0.0
0.327257771922041,0.0,0.4882896192445209,0.3430547656866917,0.4608645455029608,0.6291717273617607,0.3031216674995284,0.4143393211140326,0.4633596453597752,0.5499401852681405,0.4509489853314116,0.0,0.6548727716914249,0.0,0.0,0.0,0.5775921188892666,0.6374481003011321,0.4638580368007635,0.0,0.3875900155737826,0.0,0.4652566542651962,0.5938495039975045,0.5008100048481265,0.7132853582478946,0.3983238179784735,0.5628625375472405,0.0,0.0,0.379820876797508,0.0491776633906431,0.0887678695697732,0.0710347368726476,0.0,0.2772193402478194,0.1582571938790882,0.297409204782505,0.0,0.1927897623984919,0.0,0.0,0.4452556039489969,0.0,0.2810883774631896,0.0,0.0,0.0,0.0,0.0,0.0,0.0,0.0,0.0,0.5050140336010653,0.0,0.8213713353205878,0.6627076807993512,0.0,0.0,0.0,0.4947075774717857,0.4961127957111079,0.0,0.0,0.0,0.0,0.0,0.5113351799962726,0.3826242205205287,0.643935347355197,0.0,0.5385396743059965,0.0,0.0,0.2713769460826431
0.3312914851430546,0.6034221133310923,0.5346307681655501,0.2787489599612498,0.5294006838358702,0.7520345927086014,0.4130143459762757,0.3574146072182184,0.5252805691290525,0.4653234770978637,0.5249904859798588,0.6548727716914249,0.0,0.1524511014870735,0.4361158577944304,0.7184994190609458,0.623475425070051,0.6844973090104894,0.4668668125929955,0.5233766291193656,0.3576727664145543,0.5431473273509347,0.5478559497323972,0.2639338734862128,0.465379486186382,0.6282062445122932,0.4995110660490408,0.7816406568761994,0.6038373276427637,0.4320804420301519,0.4655031942612627,0.0042545630315713,0.082687432452967,0.0293513634641035,0.0,0.2354249571847542,0.2194618241151368,0.2164587837970771,0.0,0.0276073124535992,0.0,0.0,0.4125875335575477,0.0,0.0664889735379608,0.0,0.0,0.4435707202094318,0.0,0.0,0.5660681306136026,0.4203656706523282,0.3363931207204916,0.0,0.0,0.5068645408905267,0.4352489569745047,0.0,0.0,0.4310834292286348,0.0,0.0,0.0,0.0,0.396718215475791,0.0,0.361321023094901,0.4382683358182416,0.0,0.1885484452187406,0.3786325297056822,0.5209076888820848,0.0,0.4046503538397082,0.0,0.0
0.0,0.0,0.163221386312104,0.1695564983124079,0.3490472659756011,0.0,0.2173962980257548,0.2458978820423267,0.096014626739725,0.0,0.2262264767958677,0.0,0.1524511014870735,0.0,0.0,0.0,0.0,0.0,0.1184074308170048,0.0,0.0769770695186796,0.0,0.1516589713109766,0.0,0.0,0.0,0.017855850486869,0.1367085270338951,0.0,0.0,0.1259740891461868,0.0898464574751342,0.0,0.0526691955105695,0.0,0.2785506727862507,0.1009708783704462,0.0,0.0,0.0,0.0,0.0,0.1860477960963911,0.0,0.0,0.0,0.0,0.0,0.0,0.0,0.0,0.0,0.0,0.1644101122895948,0.0,0.214327857026621,0.0,0.0,0.0,0.0,0.0,0.0,0.0,0.0,0.0,0.0,0.0,0.1154523329600502,0.0,0.0,0.0,0.1188709300037696,0.0,0.0,0.0,0.0
0.4770263935175719,0.3833026424754768,0.0,0.0,0.0,0.4797379547191768,0.0,0.2379115426559508,0.0,0.0,0.0,0.0,0.4361158577944304,0.0,0.0,0.5817643387570747,0.0,0.4138707409721211,0.0,0.7754446321058078,0.6473868326400763,0.7544416251081884,0.4754381885946217,0.2728588570319521,0.4308643708877902,0.447509201341495,0.7344991455556402,0.5769826539611994,0.6971480407274199,0.0,0.5784282720696,0.0,0.0,0.0,0.0,0.1684246009616502,0.0,0.0,0.0,0.0,0.0,0.0,0.3248442466533617,0.0,0.0,0.0,0.4229206665738302,0.0,0.0,0.0,0.2960760008964928,0.0,0.3267496362476334,0.0,0.0,0.0,0.0,0.380490788768481,0.0,0.9202792702011694,0.5034400849603692,0.0,0.0,0.0,0.5413456970102173,0.4762785726077565,0.5882704872734714,0.6009628251580414,0.0,0.3229158642638715,0.4392420482599563,0.6669904739007381,0.4901416612388669,0.483669282862923,0.0,0.2408956743953038
0.5367988609477572,0.6029811575024281,0.0,0.0,0.4068414681174898,0.5942787599458612,0.2894349888896573,0.1808156296077827,0.3735706013455995,0.4160264254955557,0.0,0.0,0.7184994190609458,0.0,0.5817643387570747,0.0,0.6446953846546927,0.8532715610214379,0.0,0.5778806881565544,0.4257474539580089,0.7537267039958178,0.3924608465855836,0.3878915122278013,0.687445766665672,0.6705234300811116,0.431415166504571,0.7175126648119686,0.6473317960728728,0.3337064897821988,0.6011600188538533,0.1380408463178074,0.1122319474607603,0.0709874464302873,0.0,0.0,0.0,0.0,0.0589680877085091,0.0954291414918201,0.0,0.0,0.0,0.0,0.0,0.2972941987469101,0.4101516510747179,0.0,0.0,0.0,0.0,0.0,0.0,0.0,0.0,0.0,0.0,0.0,0.0,0.5389623095819845,0.6074587188355025,0.0,0.5003296778516382,0.0,0.5152125044643961,0.2822001974998228,0.5236383629159904,0.3464157853957711,0.0,0.3248842467719072,0.4783003703909549,0.4581435336356551,0.0,0.4948171553773521,0.0,0.3154823768243526
0.3942097783336181,0.5147899198317829,0.0,0.0,0.0,0.4442556889146421,0.4168417083116515,0.0,0.0,0.7680963671369913,0.485215154127787,0.5775921188892666,0.623475425070051,0.0,0.0,0.6446953846546927,0.0,0.6662835944368486,0.0,0.405821269460157,0.0,0.4392171662345301,0.0,0.3979219504900514,0.6362399265633022,0.6356526470332226,0.0,0.6437839000609474,0.4158006737494533,0.0,0.5289602545022748,0.0,0.1342708711724622,0.0,0.0,0.0,0.0,0.322554807639005,0.0,0.0,0.0,0.0,0.0,0.0,0.0,0.0,0.0,0.0,0.0,0.0,0.0,0.0,0.0,0.0,0.2895462150925831,0.0,0.4674752215290461,0.0,0.0,0.0,0.0,0.2587719850107307,0.1463572455079677,0.0,0.0,0.0,0.0,0.0,0.294201531760255,0.0907940862036789,0.2900396809615509,0.0,0.0,0.0,0.0,0.0
0.3245679881265013,0.4577844718678083,0.0,0.0,0.0,0.6055052669058126,0.1978892723873352,0.0298586742509135,0.3944234044017153,0.3642713291722087,0.0,0.6374481003011321,0.6844973090104894,0.0,0.4138707409721211,0.8532715610214379,0.6662835944368486,0.0,0.0,0.4052254032451429,0.2343070312666559,0.5572183510871659,0.3344554320398644,0.3929225477030519,0.6927106748579098,0.688501088589093,0.351691128541577,0.6749754184789548,0.5086592505067533,0.1333925148056839,0.4165823464298056,0.1504375226939297,0.0129807984385329,0.0371851687146732,0.0,0.0,0.0,0.0,0.0815025576942445,0.0,0.0586586205654393,0.0,0.0,0.0,0.0,0.1231356039196438,0.3638574069970781,0.0,0.0,0.0,0.0,0.0,0.0,0.0,0.1935505042299712,0.0,0.4936995728970668,0.0,0.0,0.0,0.5184564370607597,0.1926005978210475,0.5233880299355277,0.0,0.0,0.0,0.4379256391173801,0.0,0.2270525674155727,0.3349407740149714,0.4300963433625843,0.0,0.0,0.0,0.0,0.3040229386440063
0.0,0.0,0.9347613298425368,0.1851701118693785,0.536955841156277,0.5450728360587012,0.2446107757706297,0.341543534669107,0.7166852231117845,0.4054645749125662,0.902522652904431,0.4638580368007635,0.4668668125929955,0.1184074308170048,0.0,0.0,0.0,0.0,0.0,0.0,0.0,0.0,0.7142435146166255,0.0,0.0,0.0,0.6499689569489919,0.526734765951553,0.0,0.0,0.3982933423925594,0.0,0.0,0.0,0.0,0.0,0.0,0.2759356386178895,0.0,0.0,0.0,0.0,0.2663678021607372,0.0,0.0,0.0,0.0,0.8572753302124909,0.0,0.5277664803519656,0.3678919292046456,0.2373413486603701,0.4730470590516512,0.6653435522749408,0.0,0.7928524579952636,0.0,0.3407305262879765,0.1433674567752937,0.0,0.0,0.0,0.0,0.9881905702847708,0.0,0.0,0.0,0.6622431639612895,0.0,0.0,0.0,0.6070771923185496,0.0,0.0,0.0,0.0
0.4334412652089653,0.4195773747751998,0.0,0.2089957924555659,0.625225538073324,0.6037622666150674,0.4363589807155561,0.1921901743042181,0.7694276883674951,0.4021889400882129,0.0,0.0,0.5233766291193656,0.0,0.7754446321058078,0.5778806881565544,0.405821269460157,0.4052254032451429,0.0,0.0,0.6110253046552638,0.8794682165905223,0.5779516780972106,0.0,0.4480814631897016,0.4239174545089809,0.8123409561005346,0.6247482055860639,0.8234548323182643,0.5594894041169319,0.5525559866841677,0.0,0.0,0.0,0.0,0.1052692267947999,0.1191006112711049,0.0,0.0,0.0,0.0,0.0,0.4343660674159928,0.0,0.0,0.0,0.4202990746619431,0.0,0.0,0.0,0.3743071555986587,0.0,0.4072637013829319,0.0,0.0,0.0,0.0,0.4820338443330308,0.0,0.7772898851640044,0.4821620326919356,0.0,0.0,0.0,0.7344867997804213,0.4371363271620092,0.6921019625198467,0.6551032295212866,0.0,0.3592812153773113,0.468739822496395,0.6829738784378134,0.5650017225909324,0.5681924390256087,0.4366824928738527,0.3455580514634122
0.6769195757472798,0.4178991567380279,0.0,0.0,0.0,0.4737105025949222,0.0,0.5334753720380702,0.0,0.0,0.0,0.3875900155737826,0.3576727664145543,0.0769770695186796,0.6473868326400763,0.4257474539580089,0.0,0.2343070312666559,0.0,0.6110253046552638,0.0,0.537771694383804,0.6522239425984067,0.4950224784482011,0.3552250140132541,0.3638255441944678,0.514663590417218,0.3055877768710578,0.6205631553183425,0.0,0.6496558229559057,0.0614153894104015,0.2306979666336569,0.1380776217520502,0.0,0.0,0.0,0.0,0.0,0.1623476006243694,0.0,0.0,0.0,0.0,0.0,0.4787884804209781,0.4110328724926833,0.0,0.0,0.0,0.3742453196889303,0.0,0.6429568745176283,0.0,0.0,0.0,0.0,0.3526945256361712,0.0,0.5952330364288183,0.3657288314616229,0.0,0.0,0.0,0.3190108432777238,0.8101435023644987,0.3338292578062981,0.6345865807100034,0.0,0.2465211115291553,0.4038500936667739,0.4972087133625674,0.2821327594730409,0.3267190351465605,0.0,0.1449668731316283
0.5021204701540286,0.6108922474244325,0.0,0.0,0.5427259241507243,0.5806346542552361,0.4368786493339343,0.1802504124528079,0.553763737028428,0.3787263435115642,0.0,0.0,0.5431473273509347,0.0,0.7544416251081884,0.7537267039958178,0.4392171662345301,0.5572183510871659,0.0,0.8794682165905223,0.537771694383804,0.0,0.4357914862348515,0.0,0.6274753453691828,0.5720774552487401,0.6575472262601326,0.6095496575666853,0.7586709931663296,0.425936186986632,0.5406578359060483,0.1525292629141009,0.0,0.0,0.0,0.2204878063786404,0.2106874834663749,0.0,0.0760070247628808,0.0966949541648186,0.0,0.0,0.4027274074463158,0.0,0.0,0.2966717300206836,0.5521289029730225,0.0,0.0,0.0,0.4473858441562811,0.0,0.0,0.0,0.0,0.0,0.0,0.0,0.0,0.7639794098437482,0.6103441299386969,0.0,0.4514051334902346,0.0,0.76060847797766,0.441615477784149,0.8020686538599947,0.4603646561948507,0.0,0.5072194396643314,0.5878924125161327,0.6072599176655757,0.5888118949532422,0.6760287283579673,0.0,0.3922925866805186
0.4609113988770589,0.4793676767257804,0.6840230274239961,0.2198158740721042,0.4291761112200323,0.7074967553040877,0.3089841663451101,0.6217843065021162,0.5577372328659688,0.5096001564938453,0.6201991381489877,0.4652566542651962,0.5478559497323972,0.1516589713109766,0.4754381885946217,0.3924608465855836,0.0,0.3344554320398644,0.7142435146166255,0.5779516780972106,0.6522239425984067,0.4357914862348515,0.0,0.5344730569791268,0.3824464821079589,0.5018169205782481,0.572608194315433,0.3930673804380504,0.5484419813260428,0.5856619274908246,0.3823042130064077,0.0,0.1209835163412591,0.0,0.0,0.0,0.0,0.2813034342149934,0.0,0.0810272074973715,0.0,0.0,0.2793029817115257,0.2681764885487819,0.0,0.0,0.4107939380626802,0.648987670571441,0.0,0.5392313931555573,0.5400423286717962,0.3520794170484745,0.6806684734250066,0.5472955028059239,0.0,0.5790683964636032,0.0,0.457460592156096,0.0810210320270198,0.4899935883065269,0.0,0.0,0.0,0.7166735351391734,0.3482331399116825,0.5066417676231298,0.2747990994341784,0.8465156161273938,0.0,0.2269163208538686,0.4215785190732335,0.5296080877329284,0.348642740762167,0.273462992674835,0.1259957765267776,0.0078997273534248
0.5457942247772336,0.0,0.0,0.0,0.0,0.0,0.1969394683943842,0.4074338539772524,0.2233219429219843,0.4679242891138797,0.2054828742140856,0.5938495039975045,0.2639338734862128,0.0,0.2728588570319521,0.3878915122278013,0.3979219504900514,0.3929225477030519,0.0,0.0,0.4950224784482011,0.0,0.5344730569791268,0.0,0.5561315382760597,0.6220113113812212,0.1693351824800358,0.1283768138678115,0.0,0.0,0.3251278665425676,0.2806069750632992,0.3288184194935463,0.1613405809060873,0.0466037041896578,0.0479122168779053,0.0,0.2522512520615306,0.2278677346128161,0.453130220707569,0.0464723830475417,0.0,0.0,0.0,0.2823862925248251,0.308020397507307,0.0,0.0,0.0,0.0,0.0,0.0,0.0,0.0,0.4552573917524351,0.0,0.6637438147529283,0.0,0.0,0.0,0.3714341075062199,0.4026696788457912,0.3655636148695962,0.0,0.0,0.0,0.0,0.0,0.8104221289159815,0.4519471403374083,0.7284720712734206,0.0,0.1092244307815179,0.0,0.0,0.2096219769366308
0.5774493801809605,0.6763951322990327,0.0,0.0,0.2671267956926829,0.5669290548533767,0.3785053758767365,0.0676506685277414,0.2962637054503248,0.5460184165255738,0.0,0.5008100048481265,0.465379486186382,0.0,0.4308643708877902,0.687445766665672,0.6362399265633022,0.6927106748579098,0.0,0.4480814631897016,0.3552250140132541,0.6274753453691828,0.3824464821079589,0.5561315382760597,0.0,0.7545038874747416,0.3708869365186865,0.3807277009962435,0.5187336750238611,0.0,0.3804322322377189,0.2443111088427477,0.1181765380025715,0.0,0.0,0.0,0.0,0.1317496274085056,0.2218353596094264,0.1497721285244852,0.0,0.0,0.0,0.0,0.0,0.2904519680888035,0.5378794055738271,0.0,0.0,0.0,0.0,0.0,0.0,0.0,0.3884546178443329,0.0,0.4228957722591759,0.4063592914970602,0.0,0.4031391824553116,0.553450378829692,0.3349109295529255,0.4415873019256021,0.0,0.4101423629881194,0.2302465335167212,0.4599520379409676,0.3589023314063031,0.4789076291276986,0.5817092901888861,0.6265376677366403,0.0,0.0,0.451790989495096,0.0,0.3116839593396171
0.5665791817759264,0.802059790391611,0.0,0.0,0.306856690457504,0.5738688159481373,0.2675967032033046,0.3790936518252117,0.3548983684622483,0.5692012398374227,0.4173318562305129,0.7132853582478946,0.6282062445122932,0.0,0.447509201341495,0.6705234300811116,0.6356526470332226,0.688501088589093,0.0,0.4239174545089809,0.3638255441944678,0.5720774552487401,0.5018169205782481,0.6220113113812212,0.7545038874747416,0.0,0.3872281794787779,0.3981074871595801,0.377849057900719,0.0,0.2896921359733282,0.016677261304985,0.1972206550503057,0.0793959295291238,0.0,0.0873221320236154,0.0,0.1673227172434388,0.0,0.1958572543030259,0.0,0.0,0.0,0.0,0.0555376619506441,0.1643127750225345,0.5286818434157442,0.0,0.0,0.0,0.4304350786492547,0.0,0.0,0.0,0.3074777903338635,0.0,0.5826794036467178,0.4092330547030541,0.0,0.4566104040878549,0.3625782408706034,0.336498909027194,0.3361386809781504,0.0,0.3581445290875976,0.1912135635872623,0.3607476334213216,0.3050160088267353,0.4140807942356758,0.35991279957042,0.6728185632205217,0.4390556543341224,0.3268446559642205,0.2472705889978208,0.0,0.0287779894314551
0.2124870045117663,0.3068674371507182,0.7045058659867386,0.1603738040598616,0.767882931296847,0.595580926508536,0.5556776690899526,0.1606440308574157,0.8874201094580221,0.4754870979338697,0.7907623529947689,0.3983238179784735,0.4995110660490408,0.017855850486869,0.7344991455556402,0.431415166504571,0.0,0.351691128541577,0.6499689569489919,0.8123409561005346,0.514663590417218,0.6575472262601326,0.572608194315433,0.1693351824800358,0.3708869365186865,0.3872281794787779,0.0,0.5655607173678764,0.7488474380717229,0.3756941085368179,0.4807641527951058,0.0,0.0,0.0,0.0,0.0540017835883052,0.1030362081553475,0.2439104607930252,0.0,0.0,0.0,0.0,0.4395052008916936,0.2388885775819533,0.0,0.0,0.3646098128992599,0.7958857874251918,0.0,0.6040182524124547,0.3040878537303493,0.3479007922413644,0.2326809366444451,0.8290081451285642,0.0,0.7667192646761083,0.0,0.3629827514034938,0.1707428228203648,0.6232319731220548,0.0,0.0,0.0,0.6581525741209822,0.4347567508409924,0.1893400183043958,0.4319548200701227,0.648398946917715,0.0,0.0,0.3078903519838754,0.9099565591215596,0.4404058004822219,0.4037630691685597,0.0827592960713226,0.0196730473801087
0.259946372099514,0.336724153970171,0.6337310844887455,0.2677561138824865,0.6188362697876534,0.5262440311218655,0.3197660332886235,0.1244153498870599,0.6036655803748506,0.3770212436436254,0.6540445617802725,0.5628625375472405,0.7816406568761994,0.1367085270338951,0.5769826539611994,0.7175126648119686,0.6437839000609474,0.6749754184789548,0.526734765951553,0.6247482055860639,0.3055877768710578,0.6095496575666853,0.3930673804380504,0.1283768138678115,0.3807277009962435,0.3981074871595801,0.5655607173678764,0.0,0.6387680958590911,0.4133664265426924,0.5877905843290506,0.0,0.0,0.0,0.0,0.3502466517323366,0.3364482188164071,0.17857470497807,0.0,0.0,0.0,0.0,0.4605133974435239,0.0,0.1308156003890284,0.0,0.0,0.5026765363979107,0.0,0.0,0.4264372192759355,0.0,0.1652118615324097,0.5907030700256622,0.2878993993781301,0.0,0.4212629066443613,0.6109033336827988,0.0,0.4978383359524828,0.0,0.0,0.0,0.0,0.5223627569700231,0.2118053729055749,0.4536863825950745,0.4474727531271018,0.0,0.1633369211206105,0.2620998365260876,0.5488527520208767,0.7779380706698449,0.4480237000367542,0.0,0.3798527947509831
0.4840991470520243,0.3068029727549313,0.0,0.2089648407185947,0.5645630767164482,0.7367475016451109,0.3405129720960806,0.1249876315310858,0.6741417779550681,0.4106404241239802,0.0,0.0,0.6038373276427637,0.0,0.6971480407274199,0.6473317960728728,0.4158006737494533,0.5086592505067533,0.0,0.8234548323182643,0.6205631553183425,0.7586709931663296,0.5484419813260428,0.0,0.5187336750238611,0.377849057900719,0.7488474380717229,0.6387680958590911,0.0,0.5098289999105959,0.6191213122189202,0.0,0.0,0.0,0.0,0.1100590465888651,0.1836898616615869,0.0,0.0,0.0,0.0,0.0,0.3968696610879457,0.0,0.0,0.0,0.3556868716595189,0.5649460637555022,0.0,0.0,0.4946382372616042,0.4765834218257019,0.2821572074450899,0.5628173977959231,0.0,0.0,0.0,0.557008269165454,0.0,0.6304456734547714,0.0,0.0,0.0,0.0,0.559230085467605,0.483764779681234,0.57880991627121,0.585608650305141,0.0,0.0,0.428199673322455,0.6275700684372439,0.5642097673931771,0.6632951681361139,0.417611061885388,0.3720799583777931
0.0,0.0,0.0,0.0,0.0,0.325045778652162,0.0,0.4526045378307978,0.4115616151856198,0.0,0.0,0.0,0.4320804420301519,0.0,0.0,0.3337064897821988,0.0,0.1333925148056839,0.0,0.5594894041169319,0.0,0.425936186986632,0.5856619274908246,0.0,0.0,0.0,0.3756941085368179,0.4133664265426924,0.5098289999105959,0.0,0.5167829669437227,0.0,0.0,0.1978580783003984,0.0,0.0,0.0,0.0,0.0,0.0,0.0,0.0,0.0,0.0,0.0,0.0,0.0,0.0,0.0,0.0,0.0,0.0,0.0,0.0,0.0,0.0,0.0,0.0,0.0,0.0,0.0,0.0,0.0,0.0,0.3383453656611415,0.0,0.0,0.4337824350326217,0.0,0.0,0.0,0.371016484211856,0.0,0.2922605034726936,0.0,0.0
0.512947662807825,0.3238546604309935,0.3879121620542723,0.4896631831768536,0.5126746665397128,0.3815681725973813,0.4882319681187416,0.1919432103380588,0.4512801252168971,0.600571834537425,0.4618429821330141,0.379820876797508,0.4655031942612627,0.1259740891461868,0.5784282720696,0.6011600188538533,0.5289602545022748,0.4165823464298056,0.3982933423925594,0.5525559866841677,0.6496558229559057,0.5406578359060483,0.3823042130064077,0.3251278665425676,0.3804322322377189,0.2896921359733282,0.4807641527951058,0.5877905843290506,0.6191213122189202,0.5167829669437227,0.0,0.1802255107869929,0.197562073072459,0.1694361047156798,0.0,0.3741663599972658,0.2863121843531763,0.3903187141663727,0.0,0.0684546550936773,0.0,0.0,0.4031696526413574,0.0,0.0,0.0,0.2400779599329344,0.0,0.0,0.0,0.2655122176328492,0.0,0.2630408073453252,0.0,0.4269907974629769,0.0,0.3477589823001014,0.0,0.0,0.489320493206085,0.3932724165706077,0.2073855889519968,0.2123154307797668,0.0,0.3121254027527728,0.4986340063202767,0.3209340123063363,0.4305909198721761,0.2930403474942749,0.1716791182067353,0.2249120508347984,0.4523989964716071,0.3735613735493893,0.3538528178118385,0.0,0.3348807420476125
0.1677946088279618,0.1826711603393165,0.0,0.0012316143764982,0.0,0.0995723233412887,0.1255524350107951,0.0,0.0,0.0,0.0,0.0491776633906431,0.0042545630315713,0.0898464574751342,0.0,0.1380408463178074,0.0,0.1504375226939297,0.0,0.0,0.0614153894104015,0.1525292629141009,0.0,0.2806069750632992,0.2443111088427477,0.016677261304985,0.0,0.0,0.0,0.0,0.1802255107869929,0.0,0.3964963051708071,0.4403203820931435,0.2590912368440053,0.2401095908949076,0.0,0.0,0.8533652502987734,0.4332757332291592,0.4314489603546052,0.2558733835559978,0.0,0.0495100231264911,0.0998309345638645,0.0219603551129815,0.1323758974251658,0.0,0.0,0.0,0.2245212939046967,0.2332700349183185,0.0589197460469499,0.0,0.1190349361211686,0.0,0.0771380366748147,0.1609645569221538,0.0,0.0,0.2137198893121649,0.0575496919127082,0.2503829824632774,0.0,0.1403821320944809,0.2876519242640715,0.1899449149349892,0.0,0.2186497628675969,0.2858509658877252,0.1826765002898191,0.0,0.0,0.1797257529318499,0.0,0.2621660904260892
0.4139231298313778,0.3187520747063768,0.0,0.0,0.0,0.0061420774802009,0.1393638119061293,0.232414577742816,0.0,0.2756761733375298,0.0,0.0887678695697732,0.082687432452967,0.0,0.0,0.1122319474607603,0.1342708711724622,0.0129807984385329,0.0,0.0,0.2306979666336569,0.0,0.1209835163412591,0.3288184194935463,0.1181765380025715,0.1972206550503057,0.0,0.0,0.0,0.0,0.197562073072459,0.3964963051708071,0.0,0.6259492688030877,0.0951439394865642,0.1721623664275233,0.0,0.2117869750242834,0.3483122922350458,0.7490616470043187,0.2876841441998258,0.2004238270957456,0.0,0.0,0.2151097747001988,0.2045553643301093,0.1157691770359248,0.0,0.0,0.0,0.0,0.0,0.0,0.0,0.1354205179989381,0.0,0.0764957257460656,0.0,0.0,0.0,0.0,0.0,0.0474813060842986,0.0,0.0,0.2617527803959316,0.0,0.0,0.1991825100165092,0.0,0.1436343050972987,0.0,0.0,0.0,0.0,0.0
0.2675810397629557,0.1170419193583689,0.0,0.1801630525258639,0.0,0.0,0.0,0.1737892694824047,0.0,0.0912334762985019,0.0,0.0710347368726476,0.0293513634641035,0.0526691955105695,0.0,0.0709874464302873,0.0,0.0371851687146732,0.0,0.0,0.1380776217520502,0.0,0.0,0.1613405809060873,0.0,0.0793959295291238,0.0,0.0,0.0,0.1978580783003984,0.1694361047156798,0.4403203820931435,0.6259492688030877,0.0,0.2328886990332488,0.1670616699568154,0.0623866082483949,0.0652265424402872,0.4060941311586368,0.547565588471895,0.5155487170095601,0.344917181227879,0.0,0.2595000970184976,0.1371536086749221,0.2397808565540696,0.0207960669693838,0.0,0.0,0.0,0.0168015352806015,0.0765262374582381,0.0629560619031099,0.0,0.14701235317219,0.0,0.0,0.0714616339350252,0.0,0.0,0.0819609390707427,0.0227801142787722,0.2211836728685692,0.0,0.0,0.2793578798952786,0.0,0.0,0.1025862227351078,0.0233481046610195,0.0557773568797331,0.0,0.0,0.0,0.0,0.0828049628148994
0.0,0.0,0.0,0.0,0.0,0.0,0.0,0.0,0.0,0.0,0.0,0.0,0.0,0.0,0.0,0.0,0.0,0.0,0.0,0.0,0.0,0.0,0.0,0.0466037041896578,0.0,0.0,0.0,0.0,0.0,0.0,0.0,0.2590912368440053,0.0951439394865642,0.2328886990332488,0.0,0.0,0.0,0.0,0.2099823683726489,0.1588027187473524,0.4295035511610024,0.1664541503109973,0.0,0.0341592230595779,0.0,0.0,0.0022938729281893,0.0,0.0,0.0,0.1195949189443607,0.0,0.0,0.0,0.0,0.0,0.0364921074362151,0.0595960377969281,0.0,0.0,0.0127382816908664,0.0,0.0,0.0,0.0716438955336956,0.0,0.0189055807997425,0.0,0.0,0.0990863839934486,0.0,0.0,0.0,0.0153972275645525,0.0,0.0
0.0,0.0,0.0,0.4050220868295676,0.3200041880927261,0.0361420851607913,0.3524932891909222,0.1885075726934385,0.0294129953989275,0.1383113969936463,0.0827022852608824,0.2772193402478194,0.2354249571847542,0.2785506727862507,0.1684246009616502,0.0,0.0,0.0,0.0,0.1052692267947999,0.0,0.2204878063786404,0.0,0.0479122168779053,0.0,0.0873221320236154,0.0540017835883052,0.3502466517323366,0.1100590465888651,0.0,0.3741663599972658,0.2401095908949076,0.1721623664275233,0.1670616699568154,0.0,0.0,0.5621086745255082,0.220442605383674,0.1789882442501453,0.1769432436983112,0.0538870353999118,0.0,0.3217541003932356,0.1153405338315422,0.3958084271925232,0.0,0.0,0.0,0.0,0.0,0.0754509921009392,0.1723038934768318,0.1186096421588575,0.0695741080968017,0.0,0.1646965651711985,0.1891679060555303,0.1848889911429579,0.0,0.0,0.0,0.0,0.0,0.0,0.088253653287509,0.0,0.1311156717475222,0.017765932204509,0.0,0.0,0.0,0.1295506332022948,0.262307658323575,0.1225639219602447,0.0,0.0
0.0,0.0,0.0,0.4949318868196709,0.3118024710612856,0.0,0.1801653080571088,0.1868713677662059,0.0329682006044058,0.1835739409712678,0.1410210127683714,0.1582571938790882,0.2194618241151368,0.1009708783704462,0.0,0.0,0.0,0.0,0.0,0.1191006112711049,0.0,0.2106874834663749,0.0,0.0,0.0,0.0,0.1030362081553475,0.3364482188164071,0.1836898616615869,0.0,0.2863121843531763,0.0,0.0,0.0623866082483949,0.0,0.5621086745255082,0.0,0.1301949519955623,0.0,0.0,0.0,0.0,0.3374823515259237,0.0,0.0,0.0,0.0,0.0,0.0,0.0,0.0,0.0,0.0,0.0,0.0,0.0,0.0,0.0,0.0,0.0,0.0,0.0,0.0,0.0,0.0,0.0,0.0,0.0189102348108852,0.0,0.0,0.0,0.0,0.0,0.0,0.0,0.0
0.1466882670330104,0.0,0.0,0.2246104626492537,0.3090882662350149,0.173712261693074,0.2625127613231483,0.0,0.2411222559733105,0.3779827686642703,0.2712161748531516,0.297409204782505,0.2164587837970771,0.0,0.0,0.0,0.322554807639005,0.0,0.2759356386178895,0.0,0.0,0.0,0.2813034342149934,0.2522512520615306,0.1317496274085056,0.1673227172434388,0.2439104607930252,0.17857470497807,0.0,0.0,0.3903187141663727,0.0,0.2117869750242834,0.0652265424402872,0.0,0.220442605383674,0.1301949519955623,0.0,0.0,0.0491246265629539,0.0,0.0,0.0,0.0,0.3791881713887092,0.0,0.0,0.0,0.0,0.0,0.0,0.0,0.0,0.0,0.1670740211377655,0.0,0.2717829402125376,0.0,0.0,0.0,0.0,0.0,0.0,0.0,0.0,0.0,0.0,0.0,0.274040156553597,0.0,0.1245743611482288,0.0,0.164898967923189,0.0,0.0,0.0
0.1478775854298349,0.0943809744605807,0.0,0.0,0.0,0.0356395599773925,0.0,0.0,0.0,0.0,0.0,0.0,0.0,0.0,0.0,0.0589680877085091,0.0,0.0815025576942445,0.0,0.0,0.0,0.0760070247628808,0.0,0.2278677346128161,0.2218353596094264,0.0,0.0,0.0,0.0,0.0,0.0,0.8533652502987734,0.3483122922350458,0.4060941311586368,0.2099823683726489,0.1789882442501453,0.0,0.0,0.0,0.4945460754021744,0.4538956029058523,0.2841999499545616,0.0,0.0,0.1403053865328833,0.1577780851763016,0.1285864630605598,0.0,0.0928880558437494,0.0,0.2263741108064409,0.2487762243239337,0.0619014512407971,0.0,0.1324214903060434,0.0,0.0298540649456884,0.1710696394912169,0.0043224022742658,0.0,0.2723621443689556,0.1857797626136436,0.3424272792605016,0.0,0.1044305065959636,0.298746528395209,0.1768026146043373,0.0,0.3020188280173708,0.3532039475336315,0.2384216272005228,0.0,0.0,0.1919748063901671,0.3387049486189581,0.3170519217650078
0.3854025501585079,0.267874983391645,0.0,0.0,0.0,0.0,0.0,0.0,0.0,0.0908309325943572,0.0,0.1927897623984919,0.0276073124535992,0.0,0.0,0.0954291414918201,0.0,0.0,0.0,0.0,0.1623476006243694,0.0966949541648186,0.0810272074973715,0.453130220707569,0.1497721285244852,0.1958572543030259,0.0,0.0,0.0,0.0,0.0684546550936773,0.4332757332291592,0.7490616470043187,0.547565588471895,0.1588027187473524,0.1769432436983112,0.0,0.0491246265629539,0.4945460754021744,0.0,0.3724952273038202,0.2837852544453468,0.0464888661115314,0.1725726826855299,0.2604483524528728,0.3301617637682597,0.3041996087215898,0.0,0.0,0.1144973300322012,0.1992725927708705,0.3091311570290049,0.29671847486329,0.0,0.3346235118700289,0.0,0.2233413662743307,0.2199751762294163,0.0,0.0126202046131629,0.2486641600492597,0.3441887344551204,0.318707329835742,0.0,0.0458092955150742,0.3337575058345621,0.1208268818139983,0.0,0.4680560652272456,0.2801713136424659,0.4441008928265073,0.0,0.0169735028597177,0.1014810990103046,0.2378613417620529,0.1546727198954227
0.0,0.0,0.0,0.0,0.0,0.0,0.0,0.0,0.0,0.0,0.0,0.0,0.0,0.0,0.0,0.0,0.0,0.0586586205654393,0.0,0.0,0.0,0.0,0.0,0.0464723830475417,0.0,0.0,0.0,0.0,0.0,0.0,0.0,0.4314489603546052,0.2876841441998258,0.5155487170095601,0.4295035511610024,0.0538870353999118,0.0,0.0,0.4538956029058523,0.3724952273038202,0.0,0.4803742293621731,0.0,0.1157700120210407,0.0,0.0,0.0,0.0,0.1171709322821696,0.0,0.0129201601185376,0.0,0.0,0.0,0.0,0.0,0.0,0.0596745232787771,0.0,0.0,0.0414954256184308,0.0,0.29598403319638,0.0,0.0,0.0097880708661543,0.0,0.0,0.0234224914965155,0.0637713990869169,0.0,0.0,0.0153832748789293,0.024734855717638,0.1703161542760587,0.2848424161305593
0.0,0.0,0.0,0.0,0.0,0.0,0.0,0.0,0.0,0.0,0.0,0.0,0.0,0.0,0.0,0.0,0.0,0.0,0.0,0.0,0.0,0.0,0.0,0.0,0.0,0.0,0.0,0.0,0.0,0.0,0.0,0.2558733835559978,0.2004238270957456,0.344917181227879,0.1664541503109973,0.0,0.0,0.0,0.2841999499545616,0.2837852544453468,0.4803742293621731,0.0,0.0,0.0439249550177133,0.0,0.0572320862070591,0.0,0.0,0.0,0.0668221860434558,0.0,0.0604552531195348,0.0047329268960764,0.0,0.0316118047429733,0.0,0.0,0.0,0.0,0.0,0.0,0.0,0.0,0.0,0.0,0.0799690286842962,0.0,0.0,0.0640917463038648,0.0,0.0,0.0,0.0,0.0,0.0649954842235255,0.0794641103943299
0.0,0.0,0.3049745270941641,0.0,0.4115601033391461,0.286468930046674,0.5043011265694016,0.156179778699578,0.3456719320825986,0.0,0.3541267659709199,0.4452556039489969,0.4125875335575477,0.1860477960963911,0.3248442466533617,0.0,0.0,0.0,0.2663678021607372,0.4343660674159928,0.0,0.4027274074463158,0.2793029817115257,0.0,0.0,0.0,0.4395052008916936,0.4605133974435239,0.3968696610879457,0.0,0.4031696526413574,0.0,0.0,0.0,0.0,0.3217541003932356,0.3374823515259237,0.0,0.0,0.0464888661115314,0.0,0.0,0.0,0.6605867741173596,0.1838268817906486,0.0,0.0,0.3097588025447819,0.6022291195238918,0.5373532441105854,0.2421921468162606,0.5027994696832472,0.2389894771872575,0.319161990812232,0.3177659059399965,0.4238375012604862,0.4072611778967189,0.3988316984721647,0.3659989831386658,0.2975363849365521,0.0,0.1403345246299801,0.0,0.3426711031054218,0.2827846662219911,0.1658409346431265,0.2335527411009682,0.2871916299501804,0.074833243446996,0.1155091164326857,0.1619191771745245,0.3884976084232853,0.4186305768349664,0.2677025355074302,0.0,0.1663571011823836
0.0,0.0,0.0,0.0,0.0,0.0,0.0,0.0,0.0,0.0,0.0,0.0,0.0,0.0,0.0,0.0,0.0,0.0,0.0,0.0,0.0,0.0,0.2681764885487819,0.0,0.0,0.0,0.2388885775819533,0.0,0.0,0.0,0.0,0.0495100231264911,0.0,0.2595000970184976,0.0341592230595779,0.1153405338315422,0.0,0.0,0.0,0.1725726826855299,0.1157700120210407,0.0439249550177133,0.6605867741173596,0.0,0.1278041506523204,0.0,0.0,0.163026828109288,0.5024975663413556,0.508634805844114,0.3106732834935212,0.4696020305966032,0.1917344378000056,0.1567187121095718,0.4570752304349208,0.2147323046765429,0.4232142171420127,0.4585054516549564,0.199728684948933,0.0,0.0,0.0,0.0,0.3190446178662439,0.0,0.0,0.0,0.1865595536403748,0.0,0.0,0.0,0.1982675799978692,0.4458317463889514,0.3679729865112587,0.0,0.3434311678994867
0.0,0.0,0.0,0.0,0.0,0.0,0.0,0.0,0.0,0.2137153118455655,0.0,0.2810883774631896,0.0664889735379608,0.0,0.0,0.0,0.0,0.0,0.0,0.0,0.0,0.0,0.0,0.2823862925248251,0.0,0.0555376619506441,0.0,0.1308156003890284,0.0,0.0,0.0,0.0998309345638645,0.2151097747001988,0.1371536086749221,0.0,0.3958084271925232,0.0,0.3791881713887092,0.1403053865328833,0.2604483524528728,0.0,0.0,0.1838268817906486,0.1278041506523204,0.0,0.1443758349731995,0.0,0.0,0.0,0.0781773915151602,0.0533713921363512,0.0818824988756284,0.0,0.0073372493820867,0.2032320291828293,0.1824880345967917,0.3120775422050956,0.1436681022033987,0.0,0.0,0.0,0.2605322805760934,0.0569372940849427,0.1898049469065049,0.0,0.0,0.0,0.143116544966869,0.3499810051374714,0.0344296110736086,0.1786053449658084,0.0,0.1546632934526927,0.0,0.0,0.2796116938406496
