0.0,0.0,0.0,0.0,0.0,0.0670464386223971,0.0,0.0140975976461683,0.0,0.4977558227024592,0.0,0.0114281523761475,0.2388402831558088,0.0,0.4994858311899289,0.5561842115618281,0.2079685226365207,0.4703783834954351,0.0,0.6152616868696416,0.4515471703217382,0.5754607540118958,0.3593091037581125,0.3508316970225277,0.5787679415956397,0.2263927480792451,0.6107805796148353,0.3011652283456292,0.5307578393899908,0.0,0.5007882610039901,0.1395979357306061,0.1652925924772158,0.1728751806460764,0.0748728683819611,0.0,0.0,0.3289184365305138,0.1801916268434698,0.2947463558785888,0.0,0.0,0.0,0.0,0.0,0.7820760534841035,0.2134577621508464,0.0,0.0,0.0,0.0,0.0,0.0,0.0,0.4896509186723784,0.0,0.0,0.0,0.0,0.0,0.4456851417737427,0.0,0.3944823487321677,0.0,0.0,0.3868273960181063,0.4058875482590938,0.0,0.2939096363071789,0.5964701310639111,0.3429511390508589,0.0,0.0,0.0,0.0,0.4366104844789917
0.0,0.0,0.0,0.0,0.5598821052294953,0.6167479692671607,0.3813985249947783,0.4334411262948364,0.3724219820776477,0.0,0.0,0.0,0.6147489555196614,0.0,0.3488358828835096,0.2669810917012505,0.5233429095811034,0.3133480922106758,0.0,0.2756297073601821,0.5009678547673643,0.4002756596474973,0.365735740691667,0.0,0.5596582588546988,0.82623345685742,0.2742124443569262,0.3224749808686769,0.3131603020823667,0.0,0.1047808013545087,0.4178816472213948,0.0801509356491545,0.0742135981378897,0.0,0.0,0.0,0.0,0.3166776582184215,0.3042966950145823,0.3624651891500415,0.19090836192002,0.0,0.0,0.0,0.0,0.2153818442749834,0.0,0.0,0.0,0.2871265990776999,0.0,0.0,0.0,0.0,0.0,0.0,0.0,0.0,0.2988820617007613,0.2409939142230503,0.0,0.2284169106985666,0.0,0.3607755135224477,0.4450148118779441,0.5509826433554492,0.2756381418538457,0.0,0.0,0.2949111675924326,0.3563413800769418,0.0,0.0512236076954192,0.0,0.2793278695641626
0.0,0.0,0.0,0.0761101915253707,0.2862378966838721,0.404385795481797,0.0455869661248029,0.5426227295002861,0.5583573567298143,0.3111267703514884,0.6316945658932934,0.3547188081338842,0.3686189119187111,0.3476921908170153,0.0,0.0,0.0,0.0,0.7097116526481386,0.0,0.0,0.0,0.7420606577545787,0.0,0.0,0.0,0.6240525207758193,0.2235156998910969,0.0,0.0,0.0,0.0,0.0,0.0,0.0,0.1060286425224172,0.0,0.0,0.1284382473580619,0.0,0.0,0.0,0.2291580354898358,0.0,0.0,0.0,0.0,0.6942465624983207,0.0,0.3023832775378651,0.6055984683592827,0.3573667411026339,0.5074527798653504,0.6607424969689581,0.0,0.3890911083766296,0.0,0.4567503447689866,0.4167882563443408,0.0,0.0,0.0,0.0,0.6815606019339168,0.0,0.0,0.0,0.6011114667859999,0.0,0.0,0.0,0.5733699813149034,0.3811238273608716,0.0,0.0,0.0
0.0,0.0,0.0761101915253707,0.0,0.5136432133536996,0.1584523143009076,0.6303884331110811,0.1871008181424014,0.4980415697711008,0.5028020521694848,0.3413261312375065,0.4051835054195979,0.4285661383090496,0.4287168982479695,0.0,0.0,0.0,0.0,0.0,0.0910195705266926,0.0,0.0,0.2147299025834218,0.0,0.0,0.0,0.2610769882106195,0.2698220830732949,0.0,0.0,0.0445661841672876,0.4659699912915376,0.0,0.0,0.0,0.2854626303260196,0.0873976466550725,0.2795022117622708,0.0,0.0,0.0,0.0,0.0,0.0,0.0,0.0,0.0,0.0,0.0,0.0,0.0,0.0,0.0,0.0,0.0,0.0,0.0,0.0,0.0,0.0,0.0,0.0,0.0,0.0,0.0,0.0,0.0,0.0,0.0,0.0,0.0,0.0,0.0,0.0,0.0,0.0
0.0,0.5598821052294953,0.2862378966838721,0.5136432133536996,0.0,0.4943964412469015,0.7795353139151521,0.2608558789326721,0.8353862806288154,0.5128078828774114,0.7683274798490412,0.3517754611220696,0.6381187098140102,0.485676155685723,0.0,0.3048229908214503,0.0,0.0,0.1654064226630436,0.5088492943272213,0.0,0.406376623154038,0.4056915920619094,0.0,0.6292415848866252,0.5410824177525387,0.6588103792191136,0.4809467330379292,0.3588011490856927,0.0,0.1339913298550923,0.5341875498997335,0.0,0.0,0.0,0.0,0.0,0.2515532245991558,0.5005606583750088,0.0,0.0,0.0,0.2568992334043032,0.0,0.0,0.0,0.0,0.749057339667632,0.0,0.7486140190011972,0.4508546197668699,0.0,0.3233300381087277,0.7458183444553244,0.0,0.8533030844008503,0.0,0.0,0.0,0.0,0.0,0.0,0.0,0.3887968539359659,0.0,0.0,0.0,0.4676280768880099,0.0,0.0,0.0,0.7201645122998348,0.0,0.0,0.0,0.0
0.0670464386223971,0.6167479692671607,0.404385795481797,0.1584523143009076,0.4943964412469015,0.0,0.3177159037806791,0.6775449817126117,0.5322480467001647,0.252425755207709,0.555926457985086,0.6244028345140006,0.7280358677607164,0.3340361629070576,0.4919085195652701,0.158529356022809,0.2303350539541693,0.2913889800185623,0.4208573857344777,0.4360344698214936,0.2766693014197521,0.1438372403167629,0.6716768477690943,0.0,0.4223544424919917,0.6011627621978983,0.5540422068477011,0.4321329867351522,0.4340027571869847,0.0075412700440607,0.0,0.2482813851115207,0.0,0.0,0.0,0.2241501790270013,0.0223373944043715,0.0711017050484902,0.2287758226402365,0.0,0.1556599145177493,0.2497643106382408,0.3822725045122664,0.0,0.0,0.0,0.3315847785836275,0.6364255496135092,0.0,0.3021304271339887,0.6321491491858997,0.168966513230098,0.5546366390323385,0.5127536733796705,0.0,0.4705570173956942,0.0,0.364331464354914,0.0,0.479784299788601,0.0,0.0,0.0,0.546745270140096,0.4487024553181842,0.2607978468745776,0.4292003430433316,0.5025550093104199,0.0,0.0,0.4336100806785146,0.5370266181666289,0.1674006666097816,0.1822133864126766,0.2194211197363062,0.2346177409697313
0.0,0.3813985249947783,0.0455869661248029,0.6303884331110811,0.7795353139151521,0.3177159037806791,0.0,0.0,0.6526766928516831,0.6235535282910976,0.5065756980510683,0.2057121879434753,0.4848407496842005,0.3319851661089515,0.0,0.3862170376237767,0.2369010391418183,0.542609041373981,0.0,0.3342128778455683,0.0,0.3719022366848183,0.1156165986697225,0.4632313770748321,0.6715912969974314,0.2876879872224518,0.5154440467115229,0.4754795769011635,0.2954869919631292,0.0,0.2154726767900144,0.6578982163173471,0.0,0.0,0.0,0.0467412973691761,0.0,0.2224614201781791,0.627198895250445,0.0,0.203292957317179,0.0,0.107192088518642,0.0,0.0,0.0,0.0,0.4331113863175151,0.0,0.0,0.3240573043602487,0.0,0.0651317124650608,0.5464049582504992,0.0,0.6742866399327879,0.0,0.0,0.0,0.0,0.0,0.0,0.0,0.16646548482221,0.0,0.0,0.0,0.2694808037783226,0.0,0.0,0.0,0.5696927962998373,0.0,0.0,0.0,0.0
0.0140975976461683,0.4334411262948364,0.5426227295002861,0.1871008181424014,0.2608558789326721,0.6775449817126117,0.0,0.0,0.3778956779876706,0.1883000220062693,0.3756996061198644,0.7534334308159466,0.5869739731805728,0.3682771675522457,0.3519062362334232,0.0,0.0,0.0591953604071546,0.3914475965819243,0.1527370299936184,0.300794464628957,0.0,0.7610534543199869,0.5239294077002431,0.2486623642155366,0.6357486775971322,0.2084027068028071,0.2285339198392241,0.0,0.0,0.0,0.0,0.0070614562924447,0.0,0.0,0.302545367241854,0.0,0.0,0.0545549687522442,0.0,0.0,0.0,0.1712249270583594,0.0,0.0,0.0,0.0,0.5499968215498571,0.0,0.29021162953238,0.6540176180240316,0.1915982461078111,0.8156704806305084,0.4311659068805675,0.0,0.3308974162800212,0.0,0.2916899130888109,0.3495331668416697,0.3710003445364303,0.0,0.0,0.0,0.4437995373372024,0.2478504208552888,0.1508752300792962,0.0,0.5400377567984136,0.0,0.0,0.0,0.2722759733905069,0.0454947842608972,0.0,0.0,0.0
0.0,0.3724219820776477,0.5583573567298143,0.4980415697711008,0.8353862806288154,0.5322480467001647,0.6526766928516831,0.3778956779876706,0.0,0.5239646265941016,0.8676518305017141,0.4536152303476237,0.6526076689930341,0.5089080247946172,0.0,0.1810854561006496,0.0,0.3917672883924171,0.4292317497731815,0.5642123499061561,0.0,0.3000555148370442,0.5471863957839025,0.5717783890856297,0.6327376115330483,0.5217168829479525,0.778106562632061,0.4467304006148722,0.3087446556501401,0.0,0.0135416545597469,0.3203591363273745,0.0,0.0,0.0,0.1216750671374026,0.0,0.3325797758432671,0.3937979005511648,0.0,0.0574262432900928,0.0,0.2856030364232017,0.0,0.0,0.0,0.0,0.9093600523088164,0.0,0.6700922844110271,0.5692734323498979,0.4874987582891796,0.4361636027173563,0.9314196024202108,0.0,0.8437246988791762,0.0,0.5127812670327782,0.6470141978107176,0.0,0.0,0.0,0.0,0.5995084053104976,0.0,0.0,0.0,0.5528049462227972,0.0,0.0,0.0,0.8131890984279889,0.5714410753002374,0.0,0.0,0.0
0.4977558227024592,0.0,0.3111267703514884,0.5028020521694848,0.5128078828774114,0.252425755207709,0.6235535282910976,0.1883000220062693,0.5239646265941016,0.0,0.4564937578069817,0.3988939146854106,0.495851425212982,0.0,0.0,0.5912067069575879,0.6863367999832254,0.7441510969265391,0.1336030628393527,0.4910399054348067,0.0,0.5975897011530706,0.3000882762028767,0.6498187522206371,0.8718928804778271,0.4725193530046568,0.5390264750895293,0.4251181338730335,0.3983839383159014,0.0,0.4001996451524161,0.5003646042471863,0.0647140096973158,0.1629601897279801,0.0799545383721296,0.1523914369927394,0.0,0.3205789549708154,0.4513977432467712,0.3598782704189198,0.0699783093517639,0.4017229027787798,0.0,0.0,0.0242634923023305,0.2255943830735843,0.0,0.0,0.0,0.0,0.0,0.0,0.0,0.0,0.752194541072582,0.0,0.3313116776507745,0.5785435915349577,0.0,0.0,0.0,0.7089656589191954,0.5764559018165583,0.0,0.0,0.0,0.0,0.0,0.4796887221436136,0.503230682698483,0.2537509295795478,0.0,0.6542852751374468,0.0,0.0,0.5506285893635234
0.0,0.0,0.6316945658932934,0.3413261312375065,0.7683274798490412,0.555926457985086,0.5065756980510683,0.3756996061198644,0.8676518305017141,0.4564937578069817,0.0,0.3941943538111657,0.6679245810743439,0.4763500652165398,0.0,0.0,0.1955142355469793,0.0,0.5039614099812761,0.0,0.0,0.0,0.639660671238781,0.4974471142559077,0.0,0.4691206128081603,0.8348195020590518,0.5480869229052591,0.0,0.0,0.1039903940416533,0.2902606737929669,0.0,0.0,0.0,0.0239804512058728,0.0,0.3013577926032027,0.3988726275719061,0.0,0.0,0.0,0.2969226196590845,0.0,0.0,0.0,0.0,0.859758160169099,0.0,0.6145740092085242,0.6520639342500698,0.4611213607050768,0.4769519507590404,0.8660500261404755,0.0,0.8234809703563691,0.0,0.6069764863269507,0.6155545974216609,0.0,0.0,0.0,0.0,0.6571069174542209,0.0,0.0,0.0,0.6591101586026832,0.0,0.0,0.0,0.831255042041936,0.5990899727952976,0.0,0.0,0.0
0.0114281523761475,0.0,0.3547188081338842,0.4051835054195979,0.3517754611220696,0.6244028345140006,0.2057121879434753,0.7534334308159466,0.4536152303476237,0.3988939146854106,0.3941943538111657,0.0,0.738931229115648,0.0,0.0,0.0,0.5664985215224473,0.3338961078551892,0.2852371765241503,0.0,0.1202424804216633,0.0,0.4688412791961017,0.7497204618448402,0.3500112468909901,0.6191721168610231,0.2005939277535425,0.3238461035793686,0.0,0.0,0.0,0.2055808889427067,0.0080462811218823,0.0,0.0,0.402209963602285,0.0755326846555499,0.2214124842412076,0.2726055124761226,0.0671119234776306,0.0,0.300773273169548,0.2948302955809042,0.0,0.0796066470800955,0.0,0.0,0.0,0.0,0.0,0.0,0.0,0.0,0.0,0.2432565249572952,0.0,0.8425377926957998,0.4679965963257244,0.0,0.0,0.0,0.4398692873636461,0.1328920593196959,0.0,0.0,0.0,0.0,0.0,0.5302715836191219,0.0898614045154512,0.4354003978685011,0.0,0.3551390523195668,0.0,0.0,0.1544096578541612
0.2388402831558088,0.6147489555196614,0.3686189119187111,0.4285661383090496,0.6381187098140102,0.7280358677607164,0.4848407496842005,0.5869739731805728,0.6526076689930341,0.495851425212982,0.6679245810743439,0.738931229115648,0.0,0.3479955357233574,0.5651013394441237,0.289599952765008,0.5761383355297832,0.4987582715167534,0.4242834219916067,0.5267921021778328,0.4133943665685439,0.3451935741711251,0.5029926662407838,0.5805604551872157,0.5791558500983512,0.7316669533548222,0.5038700565397171,0.7187806437204954,0.3307271581540799,0.1452161899847957,0.105143341258299,0.3375944342236688,0.0147683654537784,0.0,0.0,0.2756288804283437,0.0,0.2552286933029425,0.3500058906999585,0.2318657360921595,0.1066922993735203,0.3629857313149416,0.2045220084441976,0.0,0.1655800767406752,0.0,0.0,0.6441170469596463,0.0,0.0,0.5931518806487347,0.4112665450312411,0.5612389520442953,0.0,0.0,0.5767143164615692,0.5645859391058773,0.0,0.0,0.5390195301762066,0.0,0.0,0.0,0.0,0.5225122241086796,0.0,0.4804638000910564,0.4139200341519871,0.0,0.3092442825721925,0.4725038706424403,0.5334644582502504,0.0,0.1940146218897599,0.0,0.0
0.0,0.0,0.3476921908170153,0.4287168982479695,0.485676155685723,0.3340361629070576,0.3319851661089515,0.3682771675522457,0.5089080247946172,0.0,0.4763500652165398,0.0,0.3479955357233574,0.0,0.0,0.0,0.0,0.0,0.1695367283496019,0.0,0.3339330186719521,0.0,0.4574569632535098,0.0,0.0,0.0,0.4025057366995995,0.2239578374458811,0.0,0.0,0.0,0.2667885450451821,0.0,0.0264755854132647,0.0,0.2380918965149328,0.0,0.0,0.228474551746445,0.0,0.0,0.0,0.2529983761484939,0.0,0.0,0.0,0.0,0.457830916105589,0.0,0.0,0.0,0.0,0.0,0.4552423941737019,0.0,0.5093267230011468,0.0,0.0,0.0,0.0,0.0,0.0,0.0,0.0,0.0,0.0,0.0,0.3674315590678437,0.0,0.0,0.0,0.494950119594039,0.0,0.0,0.0,0.0
0.4994858311899289,0.3488358828835096,0.0,0.0,0.0,0.4919085195652701,0.0,0.3519062362334232,0.0,0.0,0.0,0.0,0.5651013394441237,0.0,0.0,0.3690911640321471,0.0,0.552230647788308,0.0,0.6376372796668441,0.6094542017655369,0.4911368695524985,0.564564220657622,0.5673167198576587,0.7168181470930934,0.4724529123835284,0.8393893396031429,0.4417840041558266,0.4178674920180568,0.0,0.2013925797767425,0.3587841694901954,0.0,0.0053683152381552,0.0,0.1549077195333484,0.0,0.0,0.4142299922850174,0.2497836450091896,0.1168149452406825,0.4171212135004447,0.3267968022186004,0.0,0.0,0.0,0.1452799636797954,0.0,0.0,0.0,0.5994390879945313,0.0,0.3842866099731692,0.0,0.0,0.0,0.0,0.5236525998057252,0.0,0.8950882265787851,0.3614721844506357,0.0,0.0,0.0,0.861942807593158,0.6070047453468007,0.7400514974457308,0.570655654895414,0.0,0.4972739463894637,0.3308692413056985,0.8907312375839529,0.6419014980088331,0.4474313295859417,0.0,0.5758951562224112
0.5561842115618281,0.2669810917012505,0.0,0.0,0.3048229908214503,0.158529356022809,0.3862170376237767,0.0,0.1810854561006496,0.5912067069575879,0.0,0.0,0.289599952765008,0.0,0.3690911640321471,0.0,0.4088556608562102,0.7693544740632261,0.0,0.6847270305986697,0.4323656351294205,0.7742183109120407,0.0609215861944385,0.1710785519154444,0.5173627856253221,0.1502172248465202,0.4933298619699288,0.4977536100528912,0.7081092782913396,0.5361449158741145,0.7447156151597115,0.3742124577331292,0.312965172976034,0.3601919655324616,0.1044244385232625,0.0,0.0,0.0,0.1799543880572771,0.3641474711018813,0.0191643811963737,0.1152485942776535,0.0,0.0,0.0,0.4653538081964325,0.020851049766534,0.0,0.0,0.0,0.0,0.0,0.0,0.0,0.0,0.0,0.0,0.0,0.0,0.2718331153408412,0.5530409977281141,0.0,0.5259404184717894,0.0,0.2656650977169374,0.3558701204128644,0.3783430785475829,0.0881413303978812,0.0,0.3811034659529091,0.0347741564641942,0.3346279820552919,0.0,0.5146204796028617,0.0,0.3681975440595576
0.2079685226365207,0.5233429095811034,0.0,0.0,0.0,0.2303350539541693,0.2369010391418183,0.0,0.0,0.6863367999832254,0.1955142355469793,0.5664985215224473,0.5761383355297832,0.0,0.0,0.4088556608562102,0.0,0.6908434353015653,0.0,0.254488704751914,0.0,0.4386223894476338,0.0,0.5041869156123957,0.5502251061279197,0.581616041486418,0.0,0.2991254309630692,0.0963296495841185,0.0,0.2417899031554311,0.2764552374502746,0.1847279611148127,0.2290111792751481,0.0790670818629835,0.0,0.0,0.1636951652310691,0.0,0.2533322774879948,0.0,0.0,0.0,0.0,0.0,0.0,0.0,0.0,0.0,0.0,0.0,0.0,0.0,0.0,0.4231932419029305,0.0,0.49891948164613,0.0,0.0,0.0,0.0,0.6088016144690641,0.4950067037999539,0.0,0.0,0.0,0.0,0.0,0.3919989872783102,0.1039992802589719,0.2555447850082331,0.0,0.0,0.0,0.0,0.0
0.4703783834954351,0.3133480922106758,0.0,0.0,0.0,0.2913889800185623,0.542609041373981,0.0591953604071546,0.3917672883924171,0.7441510969265391,0.0,0.3338961078551892,0.4987582715167534,0.0,0.552230647788308,0.7693544740632261,0.6908434353015653,0.0,0.0,0.5638736702734258,0.2961922063549709,0.5858122887964563,0.1715702412239842,0.4619681008792694,0.6683457762651919,0.3437079578276907,0.5414739594853408,0.4557553007628806,0.4720575631690542,0.2984715886882748,0.4333750887154898,0.3428253164375295,0.1258605986071496,0.2401603990555088,0.0,0.0,0.0,0.0,0.27913527776456,0.2755418376309459,0.0599356104887177,0.2522963773805522,0.0,0.0,0.0,0.3320724756777625,0.0744383479206601,0.0,0.0,0.0,0.0,0.0,0.0,0.0,0.5137220776590147,0.0,0.2916533686016168,0.0,0.0,0.0,0.4154868673434568,0.537050208676075,0.6065399662706503,0.0,0.0,0.0,0.455592039022958,0.0,0.3038326389956027,0.3868263226330038,0.1840824406852526,0.0,0.0,0.0,0.0,0.3847309461175912
0.0,0.0,0.7097116526481386,0.0,0.1654064226630436,0.4208573857344777,0.0,0.3914475965819243,0.4292317497731815,0.1336030628393527,0.5039614099812761,0.2852371765241503,0.4242834219916067,0.1695367283496019,0.0,0.0,0.0,0.0,0.0,0.0,0.0,0.0,0.5320461101293554,0.0,0.0,0.0,0.5035202233896267,0.3936959622620973,0.0,0.0,0.0,0.0,0.0,0.0,0.0,0.1248037356369413,0.0524307419565927,0.1966880102555484,0.0,0.0,0.0,0.0,0.1845196158218356,0.0,0.0,0.0,0.0,0.528543036398784,0.0,0.1462266442628745,0.4442118814403896,0.159777041133955,0.4096873659017904,0.4607657577118019,0.0,0.2117256489062989,0.0,0.3268827365412006,0.1837713728289417,0.0,0.0,0.0,0.0,0.5898554939334916,0.0,0.0,0.0,0.3836072207397089,0.0,0.0,0.0,0.4222607093718807,0.0,0.0,0.0,0.0
0.6152616868696416,0.2756297073601821,0.0,0.0910195705266926,0.5088492943272213,0.4360344698214936,0.3342128778455683,0.1527370299936184,0.5642123499061561,0.4910399054348067,0.0,0.0,0.5267921021778328,0.0,0.6376372796668441,0.6847270305986697,0.254488704751914,0.5638736702734258,0.0,0.0,0.4876007171079158,0.7172297730809132,0.3938268663931197,0.0,0.5361972616294038,0.2798107312825713,0.8146426087102017,0.6152548599099839,0.771697316418956,0.5526975325491925,0.5438213154917739,0.280550763441824,0.1437719750740213,0.1716848534301909,0.0,0.0647554698996547,0.0,0.0,0.1738325949725455,0.3018376449200123,0.0,0.1846740874139377,0.0471306216934591,0.0,0.0,0.0,0.0759439446618739,0.0,0.0,0.0,0.341369306975055,0.0,0.2098309816918517,0.0,0.0,0.0,0.0,0.4331401043527582,0.0,0.583160733285576,0.3477234426914969,0.0,0.0,0.0,0.6101571138131107,0.4318342849037627,0.5041170693810468,0.3950108017455249,0.0,0.5185032485926484,0.246465904572695,0.686086544262329,0.543255198914353,0.5489851978738409,0.4212862469663699,0.3154745498043676
0.4515471703217382,0.5009678547673643,0.0,0.0,0.0,0.2766693014197521,0.0,0.300794464628957,0.0,0.0,0.0,0.1202424804216633,0.4133943665685439,0.3339330186719521,0.6094542017655369,0.4323656351294205,0.0,0.2961922063549709,0.0,0.4876007171079158,0.0,0.645822205342274,0.4753266574169307,0.3184925626895716,0.6345235846549718,0.5228176924086817,0.558018693536474,0.3487782451008442,0.4670836751325415,0.0,0.395062573837537,0.3709553532247501,0.218856069699776,0.2118015842636536,0.0,0.0,0.0,0.0,0.3916905169242256,0.4564365004004561,0.2659002982008789,0.2905684473970792,0.0,0.0,0.0,0.2568200987411488,0.2427788948702914,0.0,0.0,0.0,0.2853923094167662,0.0,0.2760387588084523,0.0,0.0,0.0,0.0,0.3985543730934644,0.0,0.5266064073809568,0.4205701346019098,0.0,0.0,0.0,0.4646464265475709,0.8261126495712692,0.6244779337498504,0.4370502682705222,0.0,0.4072771572192345,0.3317776436401947,0.5435771988727289,0.3015002362624153,0.4106752379422134,0.0,0.4563030560861796
0.5754607540118958,0.4002756596474973,0.0,0.0,0.406376623154038,0.1438372403167629,0.3719022366848183,0.0,0.3000555148370442,0.5975897011530706,0.0,0.0,0.3451935741711251,0.0,0.4911368695524985,0.7742183109120407,0.4386223894476338,0.5858122887964563,0.0,0.7172297730809132,0.645822205342274,0.0,0.1524834574245131,0.0,0.5760631778068452,0.332678149862664,0.5013348007937727,0.4225722410238314,0.6144366902661583,0.5859186630459506,0.7111353955647212,0.3734566115169611,0.3422937741036271,0.3838695355121202,0.0191314881259328,0.0,0.0,0.0,0.2737226116334825,0.5099652768631447,0.164938428119804,0.1650418151098767,0.0,0.0,0.0,0.4657132744084798,0.0,0.0,0.0,0.0,0.1005135213520707,0.0,0.0,0.0,0.0,0.0,0.0,0.0,0.0,0.3910975439521342,0.4897283891049721,0.0,0.4264813172362698,0.0,0.4177433558631032,0.5224618262346709,0.6160333150504904,0.2249423225646602,0.0,0.3108276696960368,0.1643498968839575,0.4647224486194081,0.4498545565972292,0.4119919750078983,0.0,0.3805370793084667
0.3593091037581125,0.365735740691667,0.7420606577545787,0.2147299025834218,0.4056915920619094,0.6716768477690943,0.1156165986697225,0.7610534543199869,0.5471863957839025,0.3000882762028767,0.639660671238781,0.4688412791961017,0.5029926662407838,0.4574569632535098,0.564564220657622,0.0609215861944385,0.0,0.1715702412239842,0.5320461101293554,0.3938268663931197,0.4753266574169307,0.1524834574245131,0.0,0.4128634403266252,0.5074053877791858,0.5721446561543116,0.6226371035727891,0.2530393350065899,0.2866634759703242,0.0,0.0,0.1476490685627727,0.0,0.0,0.0,0.1907711279597918,0.0,0.2090488259397902,0.2401593780534479,0.116163439880009,0.1032284193875893,0.2619791532202886,0.325951265735706,0.0258163525606636,0.0,0.0,0.5339480727723986,0.7404028758625936,0.0,0.3743279725789707,0.7923305884795233,0.2687060327313975,0.7722074823617471,0.5700694726259261,0.0,0.4943918173152896,0.0,0.3790676809194646,0.48189931230567,0.5486955528146928,0.0,0.0,0.0,0.6646064509002416,0.4501637526087185,0.4138303630415577,0.4119785084021824,0.8518713284623627,0.0,0.4404290543029809,0.6054355493807033,0.5898596831033817,0.2064249516877634,0.2675547635162524,0.1600766159354744,0.2957667544532669
0.3508316970225277,0.0,0.0,0.0,0.0,0.0,0.4632313770748321,0.5239294077002431,0.5717783890856297,0.6498187522206371,0.4974471142559077,0.7497204618448402,0.5805604551872157,0.0,0.5673167198576587,0.1710785519154444,0.5041869156123957,0.4619681008792694,0.0,0.0,0.3184925626895716,0.0,0.4128634403266252,0.0,0.6193805260216804,0.6156456591831219,0.3520618885387591,0.2716824852399728,0.0,0.0,0.1098436347998031,0.3705817380657622,0.0427387373411551,0.0467279496305648,0.0,0.3223317419450659,0.0,0.3785265925570344,0.4317816606548899,0.2941172837706839,0.0,0.0,0.0,0.0,0.1648018593632113,0.1134702626173072,0.0,0.0,0.0,0.0,0.0,0.0,0.0,0.0,0.5039388398042093,0.0,0.6640394965457201,0.0,0.0,0.0,0.1475821675765123,0.5336164297530924,0.2835859596668443,0.0,0.0,0.0,0.0,0.0,0.7498335539304608,0.3641343282659927,0.4462960454352336,0.0,0.5667226603601251,0.0,0.0,0.3388810120672726
0.5787679415956397,0.5596582588546988,0.0,0.0,0.6292415848866252,0.4223544424919917,0.6715912969974314,0.2486623642155366,0.6327376115330483,0.8718928804778271,0.0,0.3500112468909901,0.5791558500983512,0.0,0.7168181470930934,0.5173627856253221,0.5502251061279197,0.6683457762651919,0.0,0.5361972616294038,0.6345235846549718,0.5760631778068452,0.5074053877791858,0.6193805260216804,0.0,0.657411608116357,0.7115396021541474,0.4009453630150069,0.4940596199180865,0.0,0.2650418030452158,0.5205604789602454,0.0,0.0081815951564293,0.0,0.0,0.0,0.3025347162407428,0.560913774295783,0.3351244004512076,0.2561976758700661,0.4790702609125348,0.0,0.0,0.0,0.2851082013510259,0.2683701452168442,0.0,0.0,0.0,0.0,0.0,0.0,0.0,0.6536730546770109,0.0,0.2569882359416401,0.6379826070624021,0.0,0.6310557948014118,0.5937297061177216,0.6693729896388974,0.5924842501804635,0.0,0.6141572572206763,0.6904444806415698,0.6773243162608003,0.5206331646305762,0.5197873343563326,0.6594185826192333,0.4687492168265357,0.0,0.0,0.5476746636274069,0.0,0.6555476664138936
0.2263927480792451,0.82623345685742,0.0,0.0,0.5410824177525387,0.6011627621978983,0.2876879872224518,0.6357486775971322,0.5217168829479525,0.4725193530046568,0.4691206128081603,0.6191721168610231,0.7316669533548222,0.0,0.4724529123835284,0.1502172248465202,0.581616041486418,0.3437079578276907,0.0,0.2798107312825713,0.5228176924086817,0.332678149862664,0.5721446561543116,0.6156456591831219,0.657411608116357,0.0,0.3248744593522969,0.2460145818442007,0.1546254938978019,0.0,0.0353183143334133,0.3277593693165243,0.1094315823399259,0.034628415394292,0.0,0.1777779749324288,0.0,0.1595353802843634,0.3418001140773269,0.3499554736185785,0.2689307985492724,0.2901430589917596,0.0,0.0,0.1799301354420318,0.0,0.3119672071742015,0.0,0.0,0.0,0.5046990579283966,0.0,0.0,0.0,0.1607420352223653,0.0,0.4220831795497089,0.4386602616538159,0.0,0.4332993508014708,0.1835382886648797,0.3816598221276507,0.2269473089636912,0.0,0.475026535136024,0.4253321047095256,0.572747218667049,0.4409398653618275,0.4607778829278237,0.1594399558689501,0.5071702553823493,0.4491497013058145,0.1749607594289895,0.0347980434702729,0.0,0.2928467934842465
0.6107805796148353,0.2742124443569262,0.6240525207758193,0.2610769882106195,0.6588103792191136,0.5540422068477011,0.5154440467115229,0.2084027068028071,0.778106562632061,0.5390264750895293,0.8348195020590518,0.2005939277535425,0.5038700565397171,0.4025057366995995,0.8393893396031429,0.4933298619699288,0.0,0.5414739594853408,0.5035202233896267,0.8146426087102017,0.558018693536474,0.5013348007937727,0.6226371035727891,0.3520618885387591,0.7115396021541474,0.3248744593522969,0.0,0.5013424319500137,0.7306742251133771,0.1402593355317276,0.2183967123788848,0.3144513528159539,0.0,0.0,0.0,0.0337358561217265,0.0,0.3161153622743174,0.2999472916391456,0.1680853287116434,0.0547133578546542,0.3668758155119946,0.2394625241406781,0.0214875519920853,0.0,0.0,0.223175032905319,0.7621222236204418,0.0,0.4486270490730001,0.5713804843129447,0.4119698354781661,0.2854494345379771,0.8042296107495087,0.0,0.6366495550510795,0.0,0.4773559355103553,0.5049360428844988,0.7491118456511344,0.0,0.0,0.0,0.6635660955496565,0.7120645090226919,0.6013707738705771,0.5791347927290966,0.6436782128260549,0.0,0.0,0.3312583853367091,0.9102691639979168,0.5692716098634389,0.6919764569212318,0.3226164935743949,0.5346222343532909
0.3011652283456292,0.3224749808686769,0.2235156998910969,0.2698220830732949,0.4809467330379292,0.4321329867351522,0.4754795769011635,0.2285339198392241,0.4467304006148722,0.4251181338730335,0.5480869229052591,0.3238461035793686,0.7187806437204954,0.2239578374458811,0.4417840041558266,0.4977536100528912,0.2991254309630692,0.4557553007628806,0.3936959622620973,0.6152548599099839,0.3487782451008442,0.4225722410238314,0.2530393350065899,0.2716824852399728,0.4009453630150069,0.2460145818442007,0.5013424319500137,0.0,0.5052123732661067,0.4301568725289686,0.3430824991851381,0.2889628292592648,0.0375204722400798,0.0,0.0,0.1711955936164509,0.0061567818710101,0.2179684769039471,0.1919490697409412,0.1709291357332557,0.0,0.2249196482389639,0.1433031457384566,0.0,0.1096411755319358,0.0,0.0,0.4042482177881507,0.0,0.0,0.3075351859185313,0.0,0.2253853050519698,0.4774920702071606,0.4016767210154057,0.0,0.2380948493629204,0.4737782977555213,0.0,0.4071485246285293,0.0,0.0,0.0,0.0,0.3864599402359918,0.3639413177655552,0.3403326283700151,0.2120087895623988,0.0,0.3795549232794959,0.1774095929006525,0.4378647835103357,0.4976328569756608,0.3739276153344423,0.0,0.3253601294037415
0.5307578393899908,0.3131603020823667,0.0,0.0,0.3588011490856927,0.4340027571869847,0.2954869919631292,0.0,0.3087446556501401,0.3983839383159014,0.0,0.0,0.3307271581540799,0.0,0.4178674920180568,0.7081092782913396,0.0963296495841185,0.4720575631690542,0.0,0.771697316418956,0.4670836751325415,0.6144366902661583,0.2866634759703242,0.0,0.4940596199180865,0.1546254938978019,0.7306742251133771,0.5052123732661067,0.0,0.5430696017749959,0.5367330435366522,0.2005514376276683,0.1409595863197579,0.1582041619396659,0.0162163911362563,0.0,0.0,0.0,0.1200114597709368,0.3020740028571886,0.0340604891887834,0.0230835009041217,0.0,0.0,0.0,0.0,0.1824445829347516,0.3475751676053202,0.0,0.0,0.2159001445720311,0.1804102012610256,0.0317371386275944,0.3700762254464657,0.0,0.0,0.0,0.3467738415621046,0.0,0.3895812877366221,0.0,0.0,0.0,0.0,0.3372778072403724,0.450657903126884,0.3532407875812168,0.3097182108101744,0.0,0.0,0.1963740695334949,0.5155412093381103,0.323900113354498,0.7340104289484012,0.3343996270960103,0.2555099004797837
0.0,0.0,0.0,0.0,0.0,0.0075412700440607,0.0,0.0,0.0,0.0,0.0,0.0,0.1452161899847957,0.0,0.0,0.5361449158741145,0.0,0.2984715886882748,0.0,0.5526975325491925,0.0,0.5859186630459506,0.0,0.0,0.0,0.0,0.1402593355317276,0.4301568725289686,0.5430696017749959,0.0,0.7793774560593287,0.0248437079114629,0.0,0.5652597515306508,0.1238413385467927,0.0,0.0,0.0,0.0,0.0,0.0,0.0,0.0,0.0,0.0,0.0,0.0,0.0,0.0,0.0,0.0,0.0,0.0,0.0,0.0,0.0,0.0,0.0,0.0,0.0,0.0,0.0,0.0,0.0,0.1213632211497217,0.0,0.0,0.0,0.0,0.0,0.0,0.0539582874824417,0.0,0.2462938875639406,0.0,0.0
0.5007882610039901,0.1047808013545087,0.0,0.0445661841672876,0.1339913298550923,0.0,0.2154726767900144,0.0,0.0135416545597469,0.4001996451524161,0.1039903940416533,0.0,0.105143341258299,0.0,0.2013925797767425,0.7447156151597115,0.2417899031554311,0.4333750887154898,0.0,0.5438213154917739,0.395062573837537,0.7111353955647212,0.0,0.1098436347998031,0.2650418030452158,0.0353183143334133,0.2183967123788848,0.3430824991851381,0.5367330435366522,0.7793774560593287,0.0,0.3119796313326022,0.4969149883751675,0.5805403749653687,0.3013062990819972,0.0114242582000325,0.0,0.1461463153719394,0.0734997256087644,0.3797721298627284,0.0,0.0,0.0,0.0,0.0,0.0,0.0,0.0,0.0,0.0,0.0,0.0,0.0,0.0,0.3522837268133669,0.0,0.0,0.0,0.0,0.0774737011972805,0.3262842891243949,0.2045494270578141,0.2643732619103262,0.0,0.1621492831500977,0.275085875642244,0.2748074964697099,0.0,0.0120758557254289,0.2136084831109169,0.0,0.1240224165817298,0.4035838783507031,0.3153192077167467,0.0,0.1457731667148346
0.1395979357306061,0.4178816472213948,0.0,0.4659699912915376,0.5341875498997335,0.2482813851115207,0.6578982163173471,0.0,0.3203591363273745,0.5003646042471863,0.2902606737929669,0.2055808889427067,0.3375944342236688,0.2667885450451821,0.3587841694901954,0.3742124577331292,0.2764552374502746,0.3428253164375295,0.0,0.280550763441824,0.3709553532247501,0.3734566115169611,0.1476490685627727,0.3705817380657622,0.5205604789602454,0.3277593693165243,0.3144513528159539,0.2889628292592648,0.2005514376276683,0.0248437079114629,0.3119796313326022,0.0,0.0709408862360101,0.1088385150968757,0.0,0.1137053812950749,0.0,0.1948813639090215,0.7010384167150572,0.3133562398742234,0.3827922537379829,0.6154592884019394,0.2300215872987383,0.150198961220574,0.0357783674099532,0.0251627817667027,0.0722796490631099,0.2715600252865516,0.0,0.5071981393203646,0.1999346592352058,0.3709238013497611,0.0697963875180029,0.3151841348699895,0.3489730397964711,0.4405574768633422,0.1844865775460703,0.3522408961531766,0.0,0.2630559605772073,0.4073900925895555,0.4758417505210747,0.3963162879716754,0.0528927376778076,0.3819795806689327,0.4533103511937018,0.4775632180268643,0.1682465443692531,0.3007148645392967,0.3096401827737485,0.2144991463274676,0.3626773486384647,0.3861094661573667,0.2466278005777197,0.0,0.5603799843371504
0.1652925924772158,0.0801509356491545,0.0,0.0,0.0,0.0,0.0,0.0070614562924447,0.0,0.0647140096973158,0.0,0.0080462811218823,0.0147683654537784,0.0,0.0,0.312965172976034,0.1847279611148127,0.1258605986071496,0.0,0.1437719750740213,0.218856069699776,0.3422937741036271,0.0,0.0427387373411551,0.0,0.1094315823399259,0.0,0.0375204722400798,0.1409595863197579,0.0,0.4969149883751675,0.0709408862360101,0.0,0.5219054635398409,0.1993916688928531,0.0,0.0,0.1579880211441502,0.0,0.4761040164369772,0.0572381077486686,0.0,0.0,0.0,0.0974636325969586,0.161996914123517,0.0,0.0,0.0,0.0,0.0,0.0,0.0,0.0,0.0642568796620391,0.0,0.0655007393224701,0.0,0.0,0.0,0.0,0.0,0.0,0.0,0.0263490098847828,0.0055696777286057,0.104849794417651,0.0,0.0,0.0,0.0,0.0,0.0227864392019313,0.0,0.0,0.0
0.1728751806460764,0.0742135981378897,0.0,0.0,0.0,0.0,0.0,0.0,0.0,0.1629601897279801,0.0,0.0,0.0,0.0264755854132647,0.0053683152381552,0.3601919655324616,0.2290111792751481,0.2401603990555088,0.0,0.1716848534301909,0.2118015842636536,0.3838695355121202,0.0,0.0467279496305648,0.0081815951564293,0.034628415394292,0.0,0.0,0.1582041619396659,0.5652597515306508,0.5805403749653687,0.1088385150968757,0.5219054635398409,0.0,0.367605988085329,0.0188901004606102,0.0,0.1024980509400671,0.0,0.3084039074089686,0.0689107111444709,0.0,0.0,0.0,0.0,0.2146840787157976,0.0716036124633633,0.0,0.0,0.0,0.0,0.0348796825902211,0.0,0.0,0.224645236753176,0.0,0.0643161297337515,0.0475352102492081,0.0,0.0,0.1039900151361956,0.1151364752861297,0.1494664394891629,0.0,0.0,0.0469026692335348,0.0703479756652916,0.0,0.0029409792137147,0.0246003797557555,0.0139792393693962,0.0,0.095261248826537,0.0230738736787663,0.0,0.0
0.0748728683819611,0.0,0.0,0.0,0.0,0.0,0.0,0.0,0.0,0.0799545383721296,0.0,0.0,0.0,0.0,0.0,0.1044244385232625,0.0790670818629835,0.0,0.0,0.0,0.0,0.0191314881259328,0.0,0.0,0.0,0.0,0.0,0.0,0.0162163911362563,0.1238413385467927,0.3013062990819972,0.0,0.1993916688928531,0.367605988085329,0.0,0.1729949608566947,0.1415769797864846,0.0,0.0,0.008052267147076,0.0,0.0,0.0,0.0,0.0,0.0,0.0,0.0,0.0,0.0,0.0,0.0,0.0,0.0,0.0,0.0,0.0624602784405791,0.0,0.0,0.0,0.0,0.0,0.0,0.0,0.0,0.0,0.0,0.0,0.0,0.0,0.0,0.0,0.0,0.0,0.0,0.0
0.0,0.0,0.1060286425224172,0.2854626303260196,0.0,0.2241501790270013,0.0467412973691761,0.302545367241854,0.1216750671374026,0.1523914369927394,0.0239804512058728,0.402209963602285,0.2756288804283437,0.2380918965149328,0.1549077195333484,0.0,0.0,0.0,0.1248037356369413,0.0647554698996547,0.0,0.0,0.1907711279597918,0.3223317419450659,0.0,0.1777779749324288,0.0337358561217265,0.1711955936164509,0.0,0.0,0.0114242582000325,0.1137053812950749,0.0,0.0188901004606102,0.1729949608566947,0.0,0.3866991306410494,0.2902115650440118,0.0398664220181909,0.0,0.0,0.2696352623498562,0.1943460755760504,0.0,0.1861833484251455,0.0,0.0,0.1465846930210575,0.0,0.0271277895218031,0.2161273929501602,0.1643990664111423,0.2015023194494691,0.1079425745145254,0.0,0.0874180462853608,0.2954854768696672,0.0618295303274636,0.0,0.0,0.0,0.0,0.0,0.1984330284738868,0.1154291848562644,0.0,0.0433657783364634,0.0,0.0,0.0,0.0,0.0359082054106719,0.2035862023673344,0.0,0.0,0.0
0.0,0.0,0.0,0.0873976466550725,0.0,0.0223373944043715,0.0,0.0,0.0,0.0,0.0,0.0755326846555499,0.0,0.0,0.0,0.0,0.0,0.0,0.0524307419565927,0.0,0.0,0.0,0.0,0.0,0.0,0.0,0.0,0.0061567818710101,0.0,0.0,0.0,0.0,0.0,0.0,0.1415769797864846,0.3866991306410494,0.0,0.100037567184536,0.0,0.0,0.0,0.1137922790450196,0.1287522056347015,0.0,0.0,0.0,0.0,0.0,0.0,0.0,0.0,0.0,0.0,0.0,0.0,0.0,0.0,0.0,0.0,0.0,0.0,0.0,0.0,0.0,0.0,0.0,0.0,0.0,0.0,0.0,0.0,0.0,0.0,0.0,0.0,0.0
0.3289184365305138,0.0,0.0,0.2795022117622708,0.2515532245991558,0.0711017050484902,0.2224614201781791,0.0,0.3325797758432671,0.3205789549708154,0.3013577926032027,0.2214124842412076,0.2552286933029425,0.0,0.0,0.0,0.1636951652310691,0.0,0.1966880102555484,0.0,0.0,0.0,0.2090488259397902,0.3785265925570344,0.3025347162407428,0.1595353802843634,0.3161153622743174,0.2179684769039471,0.0,0.0,0.1461463153719394,0.1948813639090215,0.1579880211441502,0.1024980509400671,0.0,0.2902115650440118,0.100037567184536,0.0,0.1672389324037559,0.1414796899652956,0.0,0.3364588398847778,0.0,0.0,0.1649287580877485,0.0,0.0,0.0,0.0,0.0,0.0,0.0,0.0,0.0,0.2744713894011789,0.0,0.2176509308275654,0.0,0.0,0.0,0.0,0.0,0.0,0.0,0.0,0.0,0.0,0.0,0.2702716209958622,0.204545713688277,0.0886182122589171,0.0,0.3775241603984217,0.0,0.0,0.0
0.1801916268434698,0.3166776582184215,0.1284382473580619,0.0,0.5005606583750088,0.2287758226402365,0.627198895250445,0.0545549687522442,0.3937979005511648,0.4513977432467712,0.3988726275719061,0.2726055124761226,0.3500058906999585,0.228474551746445,0.4142299922850174,0.1799543880572771,0.0,0.27913527776456,0.0,0.1738325949725455,0.3916905169242256,0.2737226116334825,0.2401593780534479,0.4317816606548899,0.560913774295783,0.3418001140773269,0.2999472916391456,0.1919490697409412,0.1200114597709368,0.0,0.0734997256087644,0.7010384167150572,0.0,0.0,0.0,0.0398664220181909,0.0,0.1672389324037559,0.0,0.3546580073707803,0.5380157564916516,0.6530845115551575,0.4706060044946902,0.3011271094243777,0.0374052304244568,0.1727342469557788,0.3064241871044269,0.3991883988338757,0.4268501252782336,0.6518213859084336,0.3682988436342909,0.5294630440202351,0.2526854982532641,0.3652967583228218,0.427253322065945,0.5727032024541192,0.3707752192916207,0.5838274524876664,0.5691146142627568,0.4761553293601182,0.5247995643926533,0.5177853044315307,0.4794321106248727,0.1639018418810003,0.4827449424607279,0.6197805658039479,0.6579379509827736,0.4201033741275607,0.6025017202132195,0.4340412963634042,0.5639252283230569,0.4954499941188273,0.5190966893653556,0.3215243439831508,0.233109568335404,0.7056481989575956
0.2947463558785888,0.3042966950145823,0.0,0.0,0.0,0.0,0.0,0.0,0.0,0.3598782704189198,0.0,0.0671119234776306,0.2318657360921595,0.0,0.2497836450091896,0.3641474711018813,0.2533322774879948,0.2755418376309459,0.0,0.3018376449200123,0.4564365004004561,0.5099652768631447,0.116163439880009,0.2941172837706839,0.3351244004512076,0.3499554736185785,0.1680853287116434,0.1709291357332557,0.3020740028571886,0.0,0.3797721298627284,0.3133562398742234,0.4761040164369772,0.3084039074089686,0.008052267147076,0.0,0.0,0.1414796899652956,0.3546580073707803,0.0,0.297204526943678,0.1166185106415941,0.0427834137374217,0.0941419505685542,0.0941440791661949,0.2466041165657252,0.1335579231781148,0.166565146168469,0.0,0.4601272643323257,0.0314356703097715,0.2892902708962212,0.1306311772708045,0.273147537027415,0.2913351918558094,0.2920473657734024,0.1831869874885539,0.4439000116056514,0.0,0.3063260396455829,0.2233798348063315,0.2320047389756646,0.2640214236874901,0.0282354472185802,0.2680862931243693,0.4335232346254217,0.4178952880297054,0.2114838907457809,0.3354214797846517,0.1990036104522802,0.3283036259510194,0.2545400482163873,0.2090425755212637,0.1770862194906413,0.2292613120694351,0.0859796546627678
0.0,0.3624651891500415,0.0,0.0,0.0,0.1556599145177493,0.203292957317179,0.0,0.0574262432900928,0.0699783093517639,0.0,0.0,0.1066922993735203,0.0,0.1168149452406825,0.0191643811963737,0.0,0.0599356104887177,0.0,0.0,0.2659002982008789,0.164938428119804,0.1032284193875893,0.0,0.2561976758700661,0.2689307985492724,0.0547133578546542,0.0,0.0340604891887834,0.0,0.0,0.3827922537379829,0.0572381077486686,0.0689107111444709,0.0,0.0,0.0,0.0,0.5380157564916516,0.297204526943678,0.0,0.4241328477888862,0.3276368665355827,0.2987288684739252,0.0,0.021806963187829,0.1834810911443126,0.1211559897666844,0.2366606603771466,0.3214478392441904,0.069643579212351,0.0728591931866176,0.038147132823117,0.0333454430399512,0.0037194170179655,0.290341153763067,0.0246282467406345,0.2447104847525688,0.1322392799194908,0.1626693222298235,0.4436599360772741,0.2597647121673648,0.3932623295570528,0.0354200649107063,0.159251643268746,0.3641012698806136,0.4025586076258191,0.2071451271790509,0.1462928132662451,0.0639054576808263,0.337266304864379,0.2005790737023157,0.0374606976927801,0.105423704171487,0.1949459094009753,0.4563261555390633
0.0,0.19090836192002,0.0,0.0,0.0,0.2497643106382408,0.0,0.0,0.0,0.4017229027787798,0.0,0.300773273169548,0.3629857313149416,0.0,0.4171212135004447,0.1152485942776535,0.0,0.2522963773805522,0.0,0.1846740874139377,0.2905684473970792,0.1650418151098767,0.2619791532202886,0.0,0.4790702609125348,0.2901430589917596,0.3668758155119946,0.2249196482389639,0.0230835009041217,0.0,0.0,0.6154592884019394,0.0,0.0,0.0,0.2696352623498562,0.1137922790450196,0.3364588398847778,0.6530845115551575,0.1166185106415941,0.4241328477888862,0.0,0.4073673037381529,0.1553916104894954,0.180279481475081,0.1238099756255449,0.1003865773845339,0.3642789979589227,0.2980945560333066,0.4746321664330359,0.3112612709999765,0.3883121701813988,0.1238618639171129,0.3708018567951837,0.3046144244092629,0.4424168852080614,0.2435299325484081,0.310609213638394,0.0,0.3728232256622457,0.3134650891971003,0.3887801778421908,0.3915718122987239,0.2771247299292267,0.4192772644401595,0.3960773814342926,0.4160495748089192,0.2515707570096372,0.3367861189730684,0.3561624860598138,0.2815088608672409,0.4025883014061285,0.4012488843397029,0.2386156150522572,0.1862463179210181,0.6206793030590109
