0.0,0.4778654092114766,0.0,0.0,0.0,0.0,0.0,0.0,0.0,0.1694479161310799,0.0,0.2496119432776507,0.0,0.0,0.1503522496552075,0.323424721996868,0.148451375362738,0.3620910795519541,0.0,0.0816748617405376,0.1777083983529868,0.2744668550091146,0.0,0.3834159719061007,0.522874014951311,0.5532417912938008,0.0,0.0,0.0,0.0,0.0,0.0,0.0,0.0,0.0,0.0,0.0,0.0,0.1216304199786631,0.0,0.0636749017367074,0.0,0.0,0.0,0.0,0.598005611736526,0.4831216795072032,0.0,0.0,0.0,0.0,0.0,0.0,0.0,0.3037697389012229,0.0,0.0,0.0,0.0,0.0,0.4292756480996257,0.0,0.4194897390699469,0.0,0.0,0.2563207999569213,0.4966993990738311,0.0,0.4231934022697086,0.5075527486459928,0.5452822205768741,0.0,0.0,0.0,0.0,0.0
0.4778654092114766,0.0,0.0,0.0,0.058099617130552,0.0884955120346513,0.0222102222227345,0.0,0.1185763902944209,0.0,0.0,0.0,0.0462041771373586,0.0,0.2425469269754463,0.3050623655991452,0.0,0.3536426879922952,0.0,0.2475582764509995,0.1899036060521607,0.3888070924539874,0.0,0.0,0.4723666425533119,0.5622694087200503,0.0888672297471789,0.0,0.0,0.0,0.0,0.0,0.0,0.0,0.0,0.0,0.0,0.0,0.0262197469612505,0.0,0.0,0.0709437717415115,0.0,0.0,0.0,0.416023470509174,0.5151186904365596,0.0,0.0,0.0,0.0,0.0,0.0,0.0,0.0,0.0,0.0,0.0,0.0,0.3682582466550754,0.322802838100698,0.0,0.3235892129122069,0.0,0.3765080915092891,0.3017060287837617,0.4454863461995618,0.0759784201974646,0.0,0.436751379379813,0.4968009852355893,0.2152978540022163,0.0,0.3291172909279172,0.0,0.1849337325783035
0.0,0.0,0.0,0.0,0.3126821592084003,0.3857212386269056,0.2087792692391438,0.3985305422674629,0.4189241220818057,0.0,0.4901863622788956,0.0,0.4126982097667644,0.0176635273763733,0.0,0.0,0.0,0.0,0.4183765349332232,0.0,0.0,0.0,0.4820144428165471,0.0,0.0,0.0,0.4048163383524419,0.192169010901272,0.0,0.3857184732937675,0.2510086981996197,0.2707240466844809,0.0,0.3544518856278639,0.1169944559079999,0.0062578395056451,0.0,0.0,0.0,0.0,0.0,0.0,0.0,0.0,0.0,0.0,0.0,0.5565227829606733,0.0,0.1681516416490893,0.1359177627809787,0.0,0.4571558109766532,0.3769414175615437,0.0,0.4127406024119004,0.0,0.0,0.0408155701783754,0.0,0.0,0.0,0.0,0.4645980061056254,0.0,0.0,0.0,0.3525708166934813,0.0,0.0,0.0,0.1494773639250359,0.0,0.0,0.0,0.0
0.0,0.0,0.0,0.0,0.0,0.075847263611535,0.0505717898958782,0.1096212759644764,0.0,0.0,0.1447166336399875,0.0,0.0889708000450153,0.1472524092777604,0.0,0.0,0.0,0.0,0.2421819045281165,0.0,0.0,0.0,0.0412240285803775,0.0,0.0,0.0,0.0,0.0394789814794809,0.0,0.0,0.0,0.2010895694642006,0.0,0.1873694744524281,0.0,0.0,0.1798455387897555,0.0,0.0,0.0,0.0,0.0,0.0,0.0,0.0,0.0,0.0,0.0,0.0,0.0,0.0,0.0,0.0,0.0,0.0,0.0,0.0,0.0,0.0,0.0,0.0,0.0,0.0,0.0,0.0,0.0,0.0,0.0,0.0,0.0,0.0,0.0,0.0,0.0,0.0,0.0
0.0,0.058099617130552,0.3126821592084003,0.0,0.0,0.4275367426578031,0.4383518370348514,0.2356037706114692,0.5288024778381473,0.0449034716994074,0.4037345010236546,0.0225367239735119,0.3997691528376427,0.1213529369727847,0.0,0.0,0.0,0.0,0.1609305912904293,0.2904296586175962,0.0,0.1489577795272962,0.3635137604766706,0.0,0.0279584397132352,0.0,0.4537164591886993,0.3810497811618209,0.2990050467761887,0.0,0.0759275297667608,0.0577035864424746,0.0,0.0121483599888383,0.0,0.0351331407145149,0.0,0.016867550104667,0.0,0.0,0.0,0.0,0.0159683961752495,0.0,0.0,0.0,0.0,0.4141693609086948,0.0,0.0,0.0,0.0,0.2995029235997094,0.5415420859200224,0.0,0.4311762620287006,0.0,0.0,0.0,0.0,0.0,0.0,0.0,0.0,0.0,0.0,0.0,0.4337828537340628,0.0,0.0,0.0,0.3396942858728888,0.0,0.0,0.0,0.0
0.0,0.0884955120346513,0.3857212386269056,0.075847263611535,0.4275367426578031,0.0,0.2936956997594362,0.3820854765123389,0.4602756829308563,0.0,0.4396796886932546,0.0,0.4463853726095559,0.1333921923354315,0.0929733716676118,0.0,0.0,0.0,0.3281894904472962,0.2690503535665466,0.0440476807204093,0.0886758402826783,0.4573627846818845,0.0,0.0,0.0,0.4480951858850728,0.2754492203846571,0.4629795247493391,0.1859824766510853,-0.0121892028925258,0.1465336240405736,0.0,0.1117443275226675,0.0,0.0559965509810529,0.0,0.0,0.0,0.0,0.0,0.0,0.0,0.0,0.0,0.0,0.0,0.4465408806392028,0.0,0.0,0.2289742286282187,0.3235894938509567,0.432355173180408,0.399764801557956,0.0,0.4514833561512653,0.0,0.1400601551057989,0.0,0.2717327069020808,0.0,0.0,0.0,0.317036053467619,0.0,0.0709968660206999,0.0,0.4519918682938498,0.0,0.0,0.0,0.1752947381324914,0.0,0.0,0.0,0.0
0.0,0.0222102222227345,0.2087792692391438,0.0505717898958782,0.4383518370348514,0.2936956997594362,0.0,0.1822806232409942,0.3909532836320827,0.0351890592225198,0.2614587872936058,0.0199616286431721,0.364952139364107,0.0,0.0,0.0545616602929109,0.0997707769678341,0.0,0.0875323842020247,0.0484887852684753,0.0,0.0301522890767136,0.2017165455279518,0.0285266978065608,0.0,0.0,0.2070038786177591,0.3438196149232308,0.3071414024208253,0.0,0.1826525887014212,0.0557983270392689,0.0,0.0196267961951568,0.0,0.0,0.0,0.0,0.0,0.0,0.0,0.0,0.0,0.0,0.0,0.0,0.0,0.0,0.0,0.0,0.2296518628038564,0.0,0.0,0.0,0.0,0.0,0.0,0.0,0.0,0.0,0.0,0.0,0.0,0.0,0.0,0.0,0.0,0.2188923383702739,0.0,0.0,0.0,0.1238564639616112,0.0,0.0,0.0,0.0
0.0,0.0,0.3985305422674629,0.1096212759644764,0.2356037706114692,0.3820854765123389,0.1822806232409942,0.0,0.3626392711168281,0.0,0.3868385420473654,0.0,0.4433695326248807,0.1695083298817278,0.2197091227044031,0.0450184540922212,0.0,0.0,0.4073789388371296,0.1869935222720183,0.0964165303586746,0.1710749315874608,0.5412696306724778,0.0,0.0,0.0,0.3150071521921975,0.1875409852471959,0.2057898132076187,0.2912748085619182,0.1803104637486623,0.2771917288871804,0.1844262230628281,0.2265592995442869,0.0,0.1196381236674224,0.0340098734063157,0.0,0.0,0.0,0.0,0.0,0.0,0.0,0.0,0.0,0.0,0.4271527783572223,0.0,0.1908093673457408,0.26426459887255,0.2490118130887603,0.5548554691112318,0.3357781331690186,0.0,0.3963455669018291,0.0,0.1453518018957297,0.197374356535132,0.1370164483601135,0.0,0.0,0.0,0.4209589925447675,0.0,0.0620305032500986,0.0,0.4275242466396344,0.0,0.0,0.0,0.1216731240998468,0.0,0.0,0.0,0.0
0.0,0.1185763902944209,0.4189241220818057,0.0,0.5288024778381473,0.4602756829308563,0.3909532836320827,0.3626392711168281,0.0,0.0431224619537147,0.4483324619929486,0.0,0.4458274569496808,0.0843945662009546,0.0,0.0669232643087456,0.0,0.0,0.2837175771133452,0.305706533304076,0.0,0.2690698951455436,0.4492889512959684,0.0,0.0,0.0,0.4742438157418309,0.3041081583653576,0.2964733044038033,0.3171042547496852,0.1223709738762938,0.159377192217114,0.0277213589480543,0.0793477202613379,0.0270640223137053,0.0594993759490297,0.0,0.0376525014432937,0.0,0.0,0.0,0.0,0.026441721399871,0.0,0.0,0.0,0.0,0.5455905203263071,0.0,0.0,0.3947583688149389,0.0,0.3920346840335202,0.6259073745502741,0.0,0.4503897140155034,0.0,0.0,0.1076512280668628,0.0,0.0,0.0,0.0,0.2495238473403974,0.0,0.0,0.0,0.4603007425160582,0.0,0.0,0.0,0.3047372309675793,0.0,0.0,0.0,0.0
0.1694479161310799,0.0,0.0,0.0,0.0449034716994074,0.0,0.0351890592225198,0.0,0.0431224619537147,0.0,0.0,0.57763693329073,0.0467946235386795,0.0,0.0,0.3227765131056853,0.6407707232773768,0.4395410443951999,0.0,0.0,0.0,0.2774115566449442,0.0,0.4156604269974476,0.2025114873835121,0.2391170327281603,0.0038011646869951,0.1071636084426574,0.0,0.0,0.2259793410143616,0.0,0.0,0.0,0.0,0.064404049263823,0.0551804092515847,0.1612619236764072,0.0839457403512395,0.0,0.1070944648446969,0.0,0.0,0.0,0.2985914855914071,0.0,0.0,0.0,0.0,0.0,0.0,0.0,0.0,0.0,0.6239010293381471,0.0,0.5814950636239021,0.0,0.0,0.0,0.0,0.5893670494333775,0.4187807779667065,0.0,0.0,0.0,0.0,0.0,0.3928602061892558,0.360506804873447,0.347216426922286,0.0,0.389713280402753,0.0,0.0,0.3881116759605673
0.0,0.0,0.4901863622788956,0.1447166336399875,0.4037345010236546,0.4396796886932546,0.2614587872936058,0.3868385420473654,0.4483324619929486,0.0,0.0,0.0,0.4729680231777095,0.1307433399954103,0.0,0.0,0.0,0.0,0.4563452803596015,0.0,0.0,0.0,0.4572863339654122,0.0,0.0,0.0,0.4385720965303571,0.1955552725108101,0.0,0.0,0.0657333888937774,0.153282290795816,0.1151672843624155,0.2509809766561994,0.0404425141494388,0.0371987996761013,0.0055742217411016,0.0,0.0,0.0,0.0,0.0,0.0,0.0,0.0,0.0,0.0,0.5029139643266076,0.0,0.3203841396592952,0.2192101625019002,0.3271241523790502,0.4395552811422386,0.4063773887035148,0.0,0.5881870244875576,0.0,0.034049076524348,0.1384223759817284,0.0,0.0,0.0,0.0,0.4208303654204989,0.0,0.0,0.0,0.3768515945192158,0.0,0.0,0.0,0.1389036598456153,0.0,0.0,0.0,0.0
0.2496119432776507,0.0,0.0,0.0,0.0225367239735119,0.0,0.0199616286431721,0.0,0.0,0.57763693329073,0.0,0.0,0.0,0.0,0.0,0.0,0.5374663691644845,0.3838176746059131,0.0,0.0,0.0,0.0,0.0,0.5800205264219221,0.2905009649446597,0.3839516676431678,0.0,0.0693410147609824,0.0,0.0,0.0134763745405521,0.0,0.0,0.0,0.0,0.0498710859718374,0.0038018168105975,0.2042811194836721,0.1461392259519603,0.0,0.2270491540137408,0.0,0.0,0.0,0.2014138767646503,0.0,0.0,0.0,0.0,0.0,0.0,0.0,0.0,0.0,0.5889270444638327,0.0,0.6462097609326066,0.0,0.0,0.0,0.0,0.5728477002016488,0.4777626878810042,0.0,0.0,0.0,0.0,0.0,0.5780062584685932,0.421964922582585,0.4747913322328373,0.0,0.0,0.0,0.0,0.5236792633616717
0.0,0.0462041771373586,0.4126982097667644,0.0889708000450153,0.3997691528376427,0.4463853726095559,0.364952139364107,0.4433695326248807,0.4458274569496808,0.0467946235386795,0.4729680231777095,0.0,0.0,0.1009080942168319,0.1620006843041905,0.0081425004776877,0.0770083085704589,0.0377853800807427,0.4056159401375065,0.2863662039422044,0.0,0.2016762017272807,0.4799439339855484,0.0,0.0,0.0,0.4117588528436001,0.3582844173604991,0.3156348270974785,0.3059274450365215,0.2201818083913674,0.1889718258662535,0.1148018546477266,0.2407647686687503,0.0034975022212634,0.0415119676889308,0.049767779300207,0.0,0.0,0.0,0.0,0.0,0.0,0.0,0.0,0.0,0.0,0.4927723851176906,0.0,0.0,0.3340483080724732,0.0,0.4551348875934532,0.0,0.0,0.0,0.0,0.0,0.0,0.0,0.0,0.0,0.0,0.0,0.0,0.0,0.0,0.4382885077815562,0.0,0.0,0.0,0.2215214732259001,0.0,0.0,0.0,0.0
0.0,0.0,0.0176635273763733,0.1472524092777604,0.1213529369727847,0.1333921923354315,0.0,0.1695083298817278,0.0843945662009546,0.0,0.1307433399954103,0.0,0.1009080942168319,0.0,0.0,0.0,0.0,0.0,0.0894763140794244,0.0,0.034187002120279,0.0,0.0875960395239301,0.0,0.0,0.0,0.0042023446768857,0.1600773562495234,0.0,0.0,0.0,0.1303954551057287,0.0,0.0,0.0,0.4108895575187403,0.2218673161713348,0.0,0.0,0.0,0.0,0.0,0.3060636506379969,0.0,0.0,0.0,0.0,0.00437388913392,0.0,0.0,0.0,0.0,0.0,0.0672327732496426,0.0,0.2004545464133784,0.0,0.0,0.0,0.0,0.0,0.0,0.0,0.0,0.0,0.0,0.0,0.0885586173637493,0.0,0.0,0.0,0.0,0.0,0.0,0.0,0.0
0.1503522496552075,0.2425469269754463,0.0,0.0,0.0,0.0929733716676118,0.0,0.2197091227044031,0.0,0.0,0.0,0.0,0.1620006843041905,0.0,0.0,0.2048916542808164,0.0,0.2153585256342311,0.0,0.4222217777491586,0.3052022339770101,0.5312996008062454,0.3264540491663926,0.0,0.0041468868627586,0.1240931263291591,0.3548648823627295,0.0,0.0536227853247889,0.0,0.0617683379085268,0.0956146979797674,0.1237569897633811,0.10866009753539,0.0259398453136414,0.0073483401737744,0.0,0.0,0.0,0.1108665486219853,0.0,0.0,0.0,0.0,0.0,0.0,0.24841109661405,0.0,0.0,0.0,0.2739221032832725,0.0,0.2622884967555181,0.0,0.0,0.0,0.0,0.0,0.0,0.4069557944424395,0.0975364727858394,0.0,0.0,0.0,0.2715030035056062,0.3076758930684697,0.3119765501881744,0.3290596731947641,0.0,0.0,0.141348568176131,0.377226781422303,0.0,0.118345626102184,0.0,0.0
0.323424721996868,0.3050623655991452,0.0,0.0,0.0,0.0,0.0545616602929109,0.0450184540922212,0.0669232643087456,0.3227765131056853,0.0,0.0,0.0081425004776877,0.0,0.2048916542808164,0.0,0.3163515589122282,0.5622682722725005,0.0,0.117455402152213,0.0861294556768712,0.3796734189491736,0.0077898739925907,0.2403098305186266,0.3552485198812683,0.2555570347912417,0.0076339428723142,0.0,0.0,0.127051592440821,0.158223820255639,0.0358718325449153,0.0442722818201114,0.0,0.0,0.0,0.0,0.0,0.1576067361410181,0.0,0.0265822135017255,0.047700743021881,0.0,0.0,0.0,0.3353059019891619,0.3504070172991388,0.0,0.0,0.0,0.0,0.0,0.0,0.0,0.0,0.0,0.0,0.0,0.0,0.1223395771087227,0.4141509732574033,0.0,0.3905856270879534,0.0,0.2541147176112537,0.1627050445283969,0.3436451477413377,0.0,0.0,0.3794136165051703,0.2849991417773215,0.0,0.0,0.0,0.0,0.2099849145678172
0.148451375362738,0.0,0.0,0.0,0.0,0.0,0.0997707769678341,0.0,0.0,0.6407707232773768,0.0,0.5374663691644845,0.0770083085704589,0.0,0.0,0.3163515589122282,0.0,0.450288770607664,0.0,0.1832307985060518,0.0,0.2931306127740853,0.0,0.4051122234241607,0.2023714217675526,0.1982490394902105,0.0,0.0852846075178433,0.0,0.0,0.2518724635708729,0.0,0.0,0.0,0.0,0.0,0.0,0.1268413593456203,0.0,0.0,0.1453690683916696,0.0,0.0,0.0,0.0,0.0,0.0,0.0,0.0,0.0,0.0,0.0,0.0,0.0,0.5778077012295945,0.0,0.5753017174551879,0.0,0.0,0.0,0.0,0.5590571722665899,0.3783296698273978,0.0,0.0,0.0,0.0,0.0,0.3967697523010401,0.3100923969829677,0.3157159462114749,0.0,0.0,0.0,0.0,0.0
0.3620910795519541,0.3536426879922952,0.0,0.0,0.0,0.0,0.0,0.0,0.0,0.4395410443951999,0.0,0.3838176746059131,0.0377853800807427,0.0,0.2153585256342311,0.5622682722725005,0.450288770607664,0.0,0.0,0.1953514628085875,0.0,0.4168816525919988,0.0,0.3656512836902748,0.4184955159006013,0.3748703589959259,0.0507742880693146,0.0,0.0,0.0,0.1300848004157943,0.0,0.0,0.0,0.0,0.0,0.0,0.0,0.0700729614307776,0.0,0.0148161113312645,0.142840156584721,0.0,0.0,0.0,0.3633212452258969,0.4125273543019976,0.0,0.0,0.0,0.0,0.0,0.0,0.0,0.4451095475325957,0.0,0.4016253083140612,0.0,0.0,0.0,0.4824750911191205,0.3980582607386418,0.4518022237470318,0.0,0.0,0.0,0.4398469410108737,0.0,0.3606825690721596,0.4319461651419756,0.4016660980263595,0.0,0.0,0.0,0.0,0.2645588175887201
0.0,0.0,0.4183765349332232,0.2421819045281165,0.1609305912904293,0.3281894904472962,0.0875323842020247,0.4073789388371296,0.2837175771133452,0.0,0.4563452803596015,0.0,0.4056159401375065,0.0894763140794244,0.0,0.0,0.0,0.0,0.0,0.0,0.0,0.0,0.410615408006308,0.0,0.0,0.0,0.3105798235122985,0.0880800208289572,0.0,0.0,0.1039605171690516,0.2386262040203891,0.0,0.3265323953210098,0.0167655078016755,0.0,0.1012844178488391,0.0,0.0,0.0,0.0,0.0,0.0,0.0,0.0,0.0,0.0,0.4443471598013216,0.0,0.0,0.1385887766852317,0.0,0.4853475367861766,0.2245690995928789,0.0,0.4391534329372095,0.0,0.0,0.1256105356619789,0.0,0.0,0.0,0.0,0.5096929754428109,0.0,0.0,0.0,0.3277383735390402,0.0,0.0,0.0,0.0313151308143533,0.0,0.0,0.0,0.0
0.0816748617405376,0.2475582764509995,0.0,0.0,0.2904296586175962,0.2690503535665466,0.0484887852684753,0.1869935222720183,0.305706533304076,0.0,0.0,0.0,0.2863662039422044,0.0,0.4222217777491586,0.117455402152213,0.1832307985060518,0.1953514628085875,0.0,0.0,0.0732631054336311,0.5080134683322476,0.3873369047140802,0.0,0.0718950329263569,0.1488765987905076,0.5172499456599003,0.038023400412575,0.2669291450611067,0.2231942893370607,0.1055719378463506,0.0,0.0,0.1347438286771871,0.0652363007522828,0.0,0.0,0.0,0.0,0.0170250732412615,0.0,0.0,0.0,0.0,0.0,0.0,0.1342680931536124,0.0,0.0,0.0,0.2802951852468951,0.0,0.2737665830590625,0.0,0.0,0.0,0.0,0.0,0.0,0.5187581384049883,0.0,0.0,0.0,0.0,0.3522949669124043,0.1952677423175287,0.2647354787345276,0.4619910750934762,0.0,0.0,0.1285205749249771,0.479789934553346,0.0,0.1039899472673577,0.0,0.0
0.1777083983529868,0.1899036060521607,0.0,0.0,0.0,0.0440476807204093,0.0,0.0964165303586746,0.0,0.0,0.0,0.0,0.0,0.034187002120279,0.3052022339770101,0.0861294556768712,0.0,0.0,0.0,0.0732631054336311,0.0,0.1552864809727316,0.1151072430350891,0.0,0.070331149008773,0.1096378263608308,0.0195401593718461,0.0,0.0543059795605293,0.0713126020024615,0.0,0.2577972539485977,0.2184524119838203,0.0171581052663457,0.0200683801173176,0.1255858672936913,0.0,0.0,0.091957816855173,0.1568254349779432,0.0,0.0,0.0,0.0,0.0,0.111167272117834,0.2524507728549923,0.0,0.0,0.0,0.0,0.0,0.1595753322879761,0.0,0.0,0.0,0.0,0.0,0.0,0.1450864545665767,0.0,0.0,0.0,0.0,-0.0001758176462825,0.5175095679372749,0.1235063743293915,0.0416152798634012,0.0,0.0485730570486415,0.0640333224242906,0.0,0.0,0.0414220586941116,0.0,0.0
0.2744668550091146,0.3888070924539874,0.0,0.0,0.1489577795272962,0.0886758402826783,0.0301522890767136,0.1710749315874608,0.2690698951455436,0.2774115566449442,0.0,0.0,0.2016762017272807,0.0,0.5312996008062454,0.3796734189491736,0.2931306127740853,0.4168816525919988,0.0,0.5080134683322476,0.1552864809727316,0.0,0.2799345104068,0.0,0.2278063504514209,0.2903923186775006,0.3797183388098276,0.0,0.057141937128434,0.2030342505221693,0.1152841599035646,0.0,0.0121718738612213,0.0472868439919909,0.0328417876767444,0.0,0.0,0.0,0.0,0.0,0.0,0.0,0.0,0.0,0.0,0.2672149997763282,0.3344270741167773,0.0,0.0,0.0,0.3509904293278131,0.0,0.0,0.0,0.0,0.0,0.0,0.0,0.0,0.5051332340922541,0.2800313590535848,0.0,0.2100353228666254,0.0,0.4182014740717192,0.2727600243562409,0.4350117913459946,0.3472533089674164,0.0,0.2482852117910009,0.2861437306515161,0.4600385114409265,0.0,0.2901379880368943,0.0,0.0319101657069935
0.0,0.0,0.4820144428165471,0.0412240285803775,0.3635137604766706,0.4573627846818845,0.2017165455279518,0.5412696306724778,0.4492889512959684,0.0,0.4572863339654122,0.0,0.4799439339855484,0.0875960395239301,0.3264540491663926,0.0077898739925907,0.0,0.0,0.410615408006308,0.3873369047140802,0.1151072430350891,0.2799345104068,0.0,0.0,0.0,0.0,0.5246380888423434,0.1998690062071186,0.3332469141086655,0.3228764034313028,0.1769535205617783,0.1781940308891046,0.1627809697883956,0.2651312840056825,0.0626399357742981,0.0309291040032148,-0.0034727482911543,0.0,0.0,0.2564354411512174,0.0,0.0,0.0,0.0,0.0,0.0,0.0,0.5262232328397166,0.0,0.275483438228625,0.3476290318295252,0.3585195010828497,0.5681084218834698,0.4533074566113241,0.0,0.4638801183481906,0.0,0.1691292369735333,0.1403522217788137,0.2632107991494855,0.0,0.0,0.0,0.4741288825652441,-0.0165107872535831,0.0968470130539492,0.0,0.573267340667979,0.0,0.0,0.0,0.3026471767127737,0.0,0.0,0.0,0.0
0.3834159719061007,0.0,0.0,0.0,0.0,0.0,0.0285266978065608,0.0,0.0,0.4156604269974476,0.0,0.5800205264219221,0.0,0.0,0.0,0.2403098305186266,0.4051122234241607,0.3656512836902748,0.0,0.0,0.0,0.0,0.0,0.0,0.3605318532005857,0.4806251384140421,0.0,0.0,0.0,0.0,0.0,0.0,0.0,0.0,0.0,0.0,0.0,0.2018166353366077,0.1030791156458047,0.0,0.3172094426534011,0.0,0.0,0.0,0.0308870583002259,0.3930711827396854,0.0,0.0,0.0,0.0,0.0,0.0,0.0,0.0,0.4679187022496541,0.0,0.5851898523623862,0.0,0.0,0.0,0.5123582173745147,0.4432937717276106,0.485616636918118,0.0,0.0,0.0,0.0,0.0,0.6672505744401072,0.4339334940963533,0.5425455916504665,0.0,0.0,0.0,0.0,0.5696320565379419
0.522874014951311,0.4723666425533119,0.0,0.0,0.0279584397132352,0.0,0.0,0.0,0.0,0.2025114873835121,0.0,0.2905009649446597,0.0,0.0,0.0041468868627586,0.3552485198812683,0.2023714217675526,0.4184955159006013,0.0,0.0718950329263569,0.070331149008773,0.2278063504514209,0.0,0.3605318532005857,0.0,0.5404914111045842,0.0,-0.0050487261433371,0.0,0.0,0.0,0.0,0.0,0.0,0.0344676878986366,0.0,0.0,0.3072127731509668,0.169057926564245,0.0,0.0352032436946002,0.2315488686101213,0.0,0.0,0.0,0.5172452058292877,0.4846976522608677,0.0,0.0,0.0,0.0,0.0,0.0,0.0,0.3326385319862843,0.0,0.2514721266171426,0.0,0.0,0.0,0.4181754826114437,0.2321073874396229,0.4737475848091574,0.0,0.3995934609205123,0.1753815391135497,0.4288511810951295,0.0,0.4031688007742,0.6050776360569536,0.5282206871140916,0.0,0.0,0.0,0.0,0.3581471424837685
0.5532417912938008,0.5622694087200503,0.0,0.0,0.0,0.0,0.0,0.0,0.0,0.2391170327281603,0.0,0.3839516676431678,0.0,0.0,0.1240931263291591,0.2555570347912417,0.1982490394902105,0.3748703589959259,0.0,0.1488765987905076,0.1096378263608308,0.2903923186775006,0.0,0.4806251384140421,0.5404914111045842,0.0,-0.002283490838643,0.0,0.0,0.0,0.0,0.0,0.0,0.0,0.0,0.0605699805701608,0.0,0.22540501736849,0.0322938595794094,0.0,0.0800890875305131,0.2715046590927555,0.0,0.0,0.018570392658092,0.4943287997229484,0.5007321948450912,0.0,0.0,0.0,0.0,0.0,0.0,0.0,0.3280357849306452,0.0,0.3419217791760387,0.0,0.0,0.292190690088059,0.4346624457098609,0.2566582107168019,0.4374879044141062,0.0,0.4766609295057072,0.2145917372087585,0.5130384497833131,0.0,0.488749196269699,0.512718286260985,0.6424745989054755,0.2181388553153634,0.0,0.4213139596699604,0.0,0.3756378342665247
0.0,0.0888672297471789,0.4048163383524419,0.0,0.4537164591886993,0.4480951858850728,0.2070038786177591,0.3150071521921975,0.4742438157418309,0.0038011646869951,0.4385720965303571,0.0,0.4117588528436001,0.0042023446768857,0.3548648823627295,0.0076339428723142,0.0,0.0507742880693146,0.3105798235122985,0.5172499456599003,0.0195401593718461,0.3797183388098276,0.5246380888423434,0.0,0.0,-0.002283490838643,0.0,0.1294424537226458,0.3563160029846533,0.1946462193087668,0.0353981824616313,0.0,0.0,0.1563685940697917,0.0464628361931577,0.0,0.0,0.0,0.0,0.0,0.0,0.0,0.0,0.0,0.0,0.0,0.0,0.4979534066695641,0.0,0.0,0.4225038989224896,0.3460222900347137,0.3977226279457652,0.5120651503280788,0.0,0.4623442837408989,0.0,0.1106601975345618,0.052641041183559,0.4326837393853084,0.0,0.0,0.0,0.3651633435345421,0.1690515627784649,0.1046632718044377,-0.0097975845333947,0.5709653262437485,0.0,0.0,0.0,0.487066431364146,0.0,-0.0182667546841437,0.0,0.0
0.0,0.0,0.192169010901272,0.0394789814794809,0.3810497811618209,0.2754492203846571,0.3438196149232308,0.1875409852471959,0.3041081583653576,0.1071636084426574,0.1955552725108101,0.0693410147609824,0.3582844173604991,0.1600773562495234,0.0,0.0,0.0852846075178433,0.0,0.0880800208289572,0.038023400412575,0.0,0.0,0.1998690062071186,0.0,-0.0050487261433371,0.0,0.1294424537226458,0.0,0.1334398759426928,0.3272112930258576,0.2299106156166144,0.2263984212034654,0.0435568842476417,0.0,0.0,0.2071039568435529,0.0049008827953012,0.0656076277648991,0.1667096855320052,0.0,0.0310243564240301,0.0165967996756642,0.2324365688795752,0.0,0.0,0.0,0.0,0.0,0.0,0.0,0.1541540059849487,0.0,0.1956207986814904,0.0,0.0,0.0,0.0,0.0,0.0,0.053430041330989,0.0,0.0,0.0,0.0,0.0204378730003334,0.0,0.0,0.1893918602836949,0.0,0.0,0.0,0.0843241456139955,0.3410253189044885,0.0173437647699814,0.0,0.0827395288999632
0.0,0.0,0.0,0.0,0.2990050467761887,0.4629795247493391,0.3071414024208253,0.2057898132076187,0.2964733044038033,0.0,0.0,0.0,0.3156348270974785,0.0,0.0536227853247889,0.0,0.0,0.0,0.0,0.2669291450611067,0.0543059795605293,0.057141937128434,0.3332469141086655,0.0,0.0,0.0,0.3563160029846533,0.1334398759426928,0.0,0.2251670875957712,0.0223477272827004,0.1182998152449152,0.0213355172716845,0.2597187717271985,0.0717269652440643,0.0,0.0,0.0,0.0,0.0,0.0,0.0,0.0,0.0,0.0,0.0,0.0,0.0,0.0,0.0,0.0,0.0,0.3357355535029895,0.0,0.0,0.0,0.0,0.0,0.0,0.2514252270643785,0.0,0.0,0.0,0.0,0.0,0.0968733928904145,0.0,0.2802325446120594,0.0,0.0,0.0,0.0238079938330215,0.0,0.0,0.0,0.0
0.0,0.0,0.3857184732937675,0.0,0.0,0.1859824766510853,0.0,0.2912748085619182,0.3171042547496852,0.0,0.0,0.0,0.3059274450365215,0.0,0.0,0.127051592440821,0.0,0.0,0.0,0.2231942893370607,0.0713126020024615,0.2030342505221693,0.3228764034313028,0.0,0.0,0.0,0.1946462193087668,0.3272112930258576,0.2251670875957712,0.0,0.3851643280940077,0.2550363007943377,0.0,0.1898768913411998,0.1255878238322904,0.0,0.0,0.0,0.0419379832953449,0.0,0.0,0.0,0.0,0.0,0.0,0.0,0.0,0.0,0.0,0.0,0.0,0.0,0.0,0.0,0.0,0.0,0.0,0.0,0.0,0.0,0.0,0.0,0.0,0.0,0.0783985592646242,0.0,0.0,0.2109448528108659,0.0,0.0,0.0,0.1072301328058865,0.0,0.0,0.0,0.0
0.0,0.0,0.2510086981996197,0.0,0.0759275297667608,-0.0121892028925258,0.1826525887014212,0.1803104637486623,0.1223709738762938,0.2259793410143616,0.0657333888937774,0.0134763745405521,0.2201818083913674,0.0,0.0617683379085268,0.158223820255639,0.2518724635708729,0.1300848004157943,0.1039605171690516,0.1055719378463506,0.0,0.1152841599035646,0.1769535205617783,0.0,0.0,0.0,0.0353981824616313,0.2299106156166144,0.0223477272827004,0.3851643280940077,0.0,0.282536742022866,0.2721330672038813,0.2973548877391153,0.2104679341783104,0.0482453647398494,0.0942569624357466,0.1418248933849698,0.173744476216408,0.2035619987612781,0.0732289218730334,0.0,0.0,0.0,0.0,0.0,0.0,0.0,0.0,0.0,0.0092568828693589,0.0,0.1495470511363004,0.0,0.1361454167074351,0.0,0.0516647587149057,0.0,0.0,0.0494712638798975,0.0,0.0,0.0238520959778108,0.0,-0.018914125212369,0.0021250197552756,0.0,0.0787622729011156,0.0,0.0,0.0,0.0207557632595924,0.0860905637535164,0.0,0.0,0.0
0.0,0.0,0.2707240466844809,0.2010895694642006,0.0577035864424746,0.1465336240405736,0.0557983270392689,0.2771917288871804,0.159377192217114,0.0,0.153282290795816,0.0,0.1889718258662535,0.1303954551057287,0.0956146979797674,0.0358718325449153,0.0,0.0,0.2386262040203891,0.0,0.2577972539485977,0.0,0.1781940308891046,0.0,0.0,0.0,0.0,0.2263984212034654,0.1182998152449152,0.2550363007943377,0.282536742022866,0.0,0.4286306167087367,0.3007020301062367,0.1149976214924915,0.208499328441072,0.0707237573808146,0.0326222715135628,0.3272089663123299,0.4113945828849853,0.0,0.0,0.1006751016202607,0.1420095507326748,0.0,0.0,0.0,0.1919598108372838,0.0,0.0,0.0,0.0,0.3194377595382127,0.0688817624725085,0.0,0.1382186822885027,0.0,0.193981650589095,0.0,0.0,0.0,0.0,0.0,0.2144444729310134,0.0,0.1216980716450771,0.0,0.0345322720578665,0.0,0.0,0.0,0.0,0.0,0.0,0.0,0.0
0.0,0.0,0.0,0.0,0.0,0.0,0.0,0.1844262230628281,0.0277213589480543,0.0,0.1151672843624155,0.0,0.1148018546477266,0.0,0.1237569897633811,0.0442722818201114,0.0,0.0,0.0,0.0,0.2184524119838203,0.0121718738612213,0.1627809697883956,0.0,0.0,0.0,0.0,0.0435568842476417,0.0213355172716845,0.0,0.2721330672038813,0.4286306167087367,0.0,0.4030244234870925,0.2523997493224305,0.1062956234420416,0.134686529405664,0.1366621309798781,0.2007590479595459,0.4763613178714299,0.0,0.0,0.0,0.0,0.074630981283366,0.0,0.0237729275647192,0.0,0.0,0.0,0.0,0.0,0.0,0.0,0.0,0.0,0.0,0.0,0.0,0.0,0.0,0.0,0.0,0.0,0.0,0.0928851928640076,0.0,0.0,0.0,0.0,0.0,0.0,0.0,0.0,0.0,0.0
0.0,0.0,0.3544518856278639,0.1873694744524281,0.0121483599888383,0.1117443275226675,0.0196267961951568,0.2265592995442869,0.0793477202613379,0.0,0.2509809766561994,0.0,0.2407647686687503,0.0,0.10866009753539,0.0,0.0,0.0,0.3265323953210098,0.1347438286771871,0.0171581052663457,0.0472868439919909,0.2651312840056825,0.0,0.0,0.0,0.1563685940697917,0.0,0.2597187717271985,0.1898768913411998,0.2973548877391153,0.3007020301062367,0.4030244234870925,0.0,0.3243657435489505,0.0,0.0572516359351024,0.0,0.0,0.3786726614186395,0.0,0.0,0.0,0.0,0.0028605927255759,0.0,0.0,0.0,0.0,0.0,0.0,0.0,0.2667722026052437,0.0,0.0,0.0,0.0,0.0,0.0,0.0389883715614105,0.0,0.0,0.0,0.0,0.0,0.0013353207065941,0.0,0.0948472953166566,0.0,0.0,0.0,0.0,0.0,0.0,0.0,0.0
0.0,0.0,0.1169944559079999,0.0,0.0,0.0,0.0,0.0,0.0270640223137053,0.0,0.0404425141494388,0.0,0.0034975022212634,0.0,0.0259398453136414,0.0,0.0,0.0,0.0167655078016755,0.0652363007522828,0.0200683801173176,0.0328417876767444,0.0626399357742981,0.0,0.0344676878986366,0.0,0.0464628361931577,0.0,0.0717269652440643,0.1255878238322904,0.2104679341783104,0.1149976214924915,0.2523997493224305,0.3243657435489505,0.0,0.0,0.0,0.2935542882004418,0.0676524171712446,0.1242413583075285,0.0958921610147941,0.1693772556143173,0.0,0.0,0.0,0.0,0.0,0.0,0.0,0.0,0.0,0.0,0.0,0.0,0.0,0.0,0.0,0.0,0.0,0.0415928946995849,0.0129862092255621,0.0,0.0,0.0,0.064915355249707,0.0,0.0521324093871212,0.0,0.0,0.0,0.0,0.0,0.0,0.0183721076797234,0.0,0.0
0.0,0.0,0.0062578395056451,0.0,0.0351331407145149,0.0559965509810529,0.0,0.1196381236674224,0.0594993759490297,0.064404049263823,0.0371987996761013,0.0498710859718374,0.0415119676889308,0.4108895575187403,0.0073483401737744,0.0,0.0,0.0,0.0,0.0,0.1255858672936913,0.0,0.0309291040032148,0.0,0.0,0.0605699805701608,0.0,0.2071039568435529,0.0,0.0,0.0482453647398494,0.208499328441072,0.1062956234420416,0.0,0.0,0.0,0.2444831132017751,0.1797830743749248,0.1807207487101628,0.0796320632436226,0.0,0.0,0.4821450210499006,0.3630890598625935,0.0,0.0,0.0,0.0,0.0,0.0,-0.0018348940179835,0.0,0.1299732426022485,0.027732020232077,0.0,0.105536635012558,0.0,0.2668908393182588,0.3336434613028568,0.0,0.0,0.0,0.0,0.0,0.0,0.0,0.0,0.0026095141155399,0.0,0.0,0.0,0.0,0.1589224873401533,0.0480787557647515,0.0,0.0
0.0,0.0,0.0,0.1798455387897555,0.0,0.0,0.0,0.0340098734063157,0.0,0.0551804092515847,0.0055742217411016,0.0038018168105975,0.049767779300207,0.2218673161713348,0.0,0.0,0.0,0.0,0.1012844178488391,0.0,0.0,0.0,-0.0034727482911543,0.0,0.0,0.0,0.0,0.0049008827953012,0.0,0.0,0.0942569624357466,0.0707237573808146,0.134686529405664,0.0572516359351024,0.0,0.2444831132017751,0.0,0.0945927055938859,0.0411195880719835,0.0,0.0,0.0,0.0,0.0,0.0,0.0,0.0,0.0,0.0,0.0,0.0,0.0,0.0,0.0,0.0,0.0,0.0,0.0,0.0,0.0,0.0,0.0,0.0,0.0,0.0,0.0,0.0,0.0,0.0,0.0,0.0,0.0,0.0,0.0,0.0,0.0
0.0,0.0,0.0,0.0,0.016867550104667,0.0,0.0,0.0,0.0376525014432937,0.1612619236764072,0.0,0.2042811194836721,0.0,0.0,0.0,0.0,0.1268413593456203,0.0,0.0,0.0,0.0,0.0,0.0,0.2018166353366077,0.3072127731509668,0.22540501736849,0.0,0.0656076277648991,0.0,0.0,0.1418248933849698,0.0326222715135628,0.1366621309798781,0.0,0.2935542882004418,0.1797830743749248,0.0945927055938859,0.0,0.2152040738164928,0.0,0.1333356759840994,0.3622137932475757,0.0,0.0,0.0,0.0,0.0,0.0,0.0,0.0,0.0,0.0,0.0,0.0,0.1594773509637692,0.0,0.1621479355745199,0.0,0.0,0.0,0.0,0.0,0.0,0.0,0.0,0.0,0.0,0.0,0.217688250388593,0.0,0.256224729689969,0.0,0.0,0.0,0.0,0.0
0.1216304199786631,0.0262197469612505,0.0,0.0,0.0,0.0,0.0,0.0,0.0,0.0839457403512395,0.0,0.1461392259519603,0.0,0.0,0.0,0.1576067361410181,0.0,0.0700729614307776,0.0,0.0,0.091957816855173,0.0,0.0,0.1030791156458047,0.169057926564245,0.0322938595794094,0.0,0.1667096855320052,0.0,0.0419379832953449,0.173744476216408,0.3272089663123299,0.2007590479595459,0.0,0.0676524171712446,0.1807207487101628,0.0411195880719835,0.2152040738164928,0.0,0.0,0.2890813357937606,0.2848286932785165,0.2431842357140708,0.2182277222946148,0.0042863362733413,0.1462052477687621,0.1066660683047623,0.0,0.0466333748016837,0.0,0.0,0.0540007605825415,0.0,0.0,0.2249614857133114,0.0,0.1265847649374946,0.2031755558461049,0.0280004043423243,0.0,0.0761233282917954,0.2515929211930657,0.2047768191747359,0.0,0.0161808741956855,0.0039759153737411,0.0678366824052428,0.0,0.1605009565205882,0.1692089546251798,0.0653585473536408,0.0,0.2913744814149409,0.1879792884681131,0.3283240869954165,0.2686887360423468
0.0,0.0,0.0,0.0,0.0,0.0,0.0,0.0,0.0,0.0,0.0,0.0,0.0,0.0,0.1108665486219853,0.0,0.0,0.0,0.0,0.0170250732412615,0.1568254349779432,0.0,0.2564354411512174,0.0,0.0,0.0,0.0,0.0,0.0,0.0,0.2035619987612781,0.4113945828849853,0.4763613178714299,0.3786726614186395,0.1242413583075285,0.0796320632436226,0.0,0.0,0.0,0.0,0.0,0.0,0.0,0.0,0.1258392344970366,0.0,0.0,0.0,0.0,0.0,0.0,0.0193715872911701,0.3359412773501936,0.0,0.0,0.1679380460365597,0.0,0.0359881338816473,0.0,0.0,0.0,0.0,0.0,0.0,0.0,0.063513540538718,0.0,0.0714940587875374,0.0,0.0,0.0,0.0,0.0,0.0,0.0,0.0
0.0636749017367074,0.0,0.0,0.0,0.0,0.0,0.0,0.0,0.0,0.1070944648446969,0.0,0.2270491540137408,0.0,0.0,0.0,0.0265822135017255,0.1453690683916696,0.0148161113312645,0.0,0.0,0.0,0.0,0.0,0.3172094426534011,0.0352032436946002,0.0800890875305131,0.0,0.0310243564240301,0.0,0.0,0.0732289218730334,0.0,0.0,0.0,0.0958921610147941,0.0,0.0,0.1333356759840994,0.2890813357937606,0.0,0.0,0.4248660225714245,0.0,0.0306438495501891,0.0,0.1114437894424019,0.0,0.0,0.0181740837334267,0.0535777276243271,-0.003772283045659,0.0292947897684978,0.0,0.0,0.1688028908512089,0.0,0.2567011382986079,0.0,0.0,0.0,0.2072387164031179,0.2293818302930425,0.1707996570322401,0.0,0.0887539921170942,0.0,0.0719896451779322,0.0,0.3194429884635775,0.0579297890907387,0.113606217884498,0.0,0.2226008599925615,0.1441671619007413,0.3448297576487996,0.3827100424690935
0.0,0.0709437717415115,0.0,0.0,0.0,0.0,0.0,0.0,0.0,0.0,0.0,0.0,0.0,0.0,0.0,0.047700743021881,0.0,0.142840156584721,0.0,0.0,0.0,0.0,0.0,0.0,0.2315488686101213,0.2715046590927555,0.0,0.0165967996756642,0.0,0.0,0.0,0.0,0.0,0.0,0.1693772556143173,0.0,0.0,0.3622137932475757,0.2848286932785165,0.0,0.4248660225714245,0.0,0.1907272873451311,0.0971283843952779,0.0,0.2922735557832959,0.1405605323508309,0.0,0.0,0.0,0.0996393146239917,0.0,0.0,0.0,0.3844655553169666,0.0,0.5098727404774205,0.0768569674006693,0.0,0.0,0.3243836498471208,0.3240388345282209,0.3195145059570335,0.0,0.2797077683139666,0.0,0.2603733485325177,0.0,0.5007936349676256,0.2820235986762982,0.3999452642419852,0.088395273857472,0.331646935434662,0.360540763698951,0.400113985173275,0.5353277578957708
0.0,0.0,0.0,0.0,0.0159683961752495,0.0,0.0,0.0,0.026441721399871,0.0,0.0,0.0,0.0,0.3060636506379969,0.0,0.0,0.0,0.0,0.0,0.0,0.0,0.0,0.0,0.0,0.0,0.0,0.0,0.2324365688795752,0.0,0.0,0.0,0.1006751016202607,0.0,0.0,0.0,0.4821450210499006,0.0,0.0,0.2431842357140708,0.0,0.0,0.1907272873451311,0.0,0.3026132854874832,0.1485906844871258,0.0,0.0,0.0,0.0,0.0,0.0,0.0038258526698706,0.0,0.0070587893927583,0.1523550079441327,0.0,0.0712337781922405,0.3127998527079714,0.1833072946092517,0.0,0.0,0.1420906964545575,0.0,0.0,0.093960106167884,0.0,0.0775306426808164,0.0,0.1002419495846234,0.2093631752787314,0.1341444640628715,0.0,0.3187326488113048,0.1613237761262191,0.0,0.190586831460943
0.0,0.0,0.0,0.0,0.0,0.0,0.0,0.0,0.0,0.0,0.0,0.0,0.0,0.0,0.0,0.0,0.0,0.0,0.0,0.0,0.0,0.0,0.0,0.0,0.0,0.0,0.0,0.0,0.0,0.0,0.0,0.1420095507326748,0.0,0.0,0.0,0.3630890598625935,0.0,0.0,0.2182277222946148,0.0,0.0306438495501891,0.0971283843952779,0.3026132854874832,0.0,0.1111657011666896,0.0,0.0,0.0,0.1743067192407137,0.0,0.0,0.0,0.0,0.0,0.1910325432382422,0.0,0.1003833017763592,0.1701098264695002,0.1973765909929833,0.0,0.0,0.0,0.0,0.0,0.0,0.0,0.0,0.0,0.0,0.0,0.0,0.0,0.2056017196577352,0.0,0.0,0.1140750802901903
0.0,0.0,0.0,0.0,0.0,0.0,0.0,0.0,0.0,0.2985914855914071,0.0,0.2014138767646503,0.0,0.0,0.0,0.0,0.0,0.0,0.0,0.0,0.0,0.0,0.0,0.0308870583002259,0.0,0.018570392658092,0.0,0.0,0.0,0.0,0.0,0.0,0.074630981283366,0.0028605927255759,0.0,0.0,0.0,0.0,0.0042863362733413,0.1258392344970366,0.0,0.0,0.1485906844871258,0.1111657011666896,0.0,0.0553567501792677,0.0,0.0,0.0,0.0,0.0,0.0,0.0,0.0695789142115465,0.2687274915505959,0.0159707456129167,0.2008416606710105,0.2163536840359521,0.0,0.0,0.0,0.2123775090740313,0.0,0.0,0.0,0.0,0.0,0.0,0.0138909723766273,0.1693136294578833,0.0508160408130376,0.0,0.0270493950089581,0.0,0.0,0.0
0.598005611736526,0.416023470509174,0.0,0.0,0.0,0.0,0.0,0.0,0.0,0.0,0.0,0.0,0.0,0.0,0.0,0.3353059019891619,0.0,0.3633212452258969,0.0,0.0,0.111167272117834,0.2672149997763282,0.0,0.3930711827396854,0.5172452058292877,0.4943287997229484,0.0,0.0,0.0,0.0,0.0,0.0,0.0,0.0,0.0,0.0,0.0,0.0,0.1462052477687621,0.0,0.1114437894424019,0.2922735557832959,0.0,0.0,0.0553567501792677,0.0,0.4771809024219714,0.0,0.0,0.0,0.0252482396660451,0.0,0.0,0.0,0.3315235178298751,0.0,0.2744991696771997,0.1797895779520758,0.0,0.2054748041492751,0.4931375557242928,0.0,0.4430538134350529,0.0,0.371692484996271,0.2282476402720012,0.4870112300755386,0.0,0.4397182072283205,0.5183258470728154,0.5342521315361654,0.0753125686367567,0.2683445202040774,0.4710338708357195,0.0,0.3739233025130307
0.4831216795072032,0.5151186904365596,0.0,0.0,0.0,0.0,0.0,0.0,0.0,0.0,0.0,0.0,0.0,0.0,0.24841109661405,0.3504070172991388,0.0,0.4125273543019976,0.0,0.1342680931536124,0.2524507728549923,0.3344270741167773,0.0,0.0,0.4846976522608677,0.5007321948450912,0.0,0.0,0.0,0.0,0.0,0.0,0.0237729275647192,0.0,0.0,0.0,0.0,0.0,0.1066660683047623,0.0,0.0,0.1405605323508309,0.0,0.0,0.0,0.4771809024219714,0.0,0.0,0.0,0.0,0.042266936405987,0.0,0.0,0.0,0.4300393121800196,0.0,0.0,0.3095290189576812,0.0,0.1834622209767629,0.4204317721761033,0.3445378591859683,0.465774977102293,0.0,0.3815455943682808,0.3115694531696178,0.553010107187523,0.0,0.0,0.566393791715912,0.5515823680587647,0.1043020314430642,0.2331573150717805,0.4171358747615404,0.0,0.224574538817344
0.0,0.0,0.5565227829606733,0.0,0.4141693609086948,0.4465408806392028,0.0,0.4271527783572223,0.5455905203263071,0.0,0.5029139643266076,0.0,0.4927723851176906,0.00437388913392,0.0,0.0,0.0,0.0,0.4443471598013216,0.0,0.0,0.0,0.5262232328397166,0.0,0.0,0.0,0.4979534066695641,0.0,0.0,0.0,0.0,0.1919598108372838,0.0,0.0,0.0,0.0,0.0,0.0,0.0,0.0,0.0,0.0,0.0,0.0,0.0,0.0,0.0,0.0,0.0,0.196680788056806,0.3686169100622046,0.3658244911669859,0.4899219652031062,0.5246974253344727,0.0,0.4866700161241919,0.0,0.2052153128106975,0.0700320760819027,0.0,0.0,0.0,0.0,0.4596539338198686,0.0,0.0,0.0,0.514207595323415,0.0,0.0,0.0,0.3071808969138765,0.0,0.0,0.0,0.0
0.0,0.0,0.0,0.0,0.0,0.0,0.0,0.0,0.0,0.0,0.0,0.0,0.0,0.0,0.0,0.0,0.0,0.0,0.0,0.0,0.0,0.0,0.0,0.0,0.0,0.0,0.0,0.0,0.0,0.0,0.0,0.0,0.0,0.0,0.0,0.0,0.0,0.0,0.0466333748016837,0.0,0.0181740837334267,0.0,0.0,0.1743067192407137,0.0,0.0,0.0,0.0,0.0,0.2132620938892488,0.0,0.1274996693134303,0.1667484987809397,0.0,0.0,0.0737797527459186,0.0,0.0,0.0605903843637201,0.0,0.0,0.0,0.0,0.2190981759486615,0.0,0.0,0.0,0.0,0.0,0.0,0.0,0.0,0.0,0.0,0.0,0.0
0.0,0.0,0.1681516416490893,0.0,0.0,0.0,0.0,0.1908093673457408,0.0,0.0,0.3203841396592952,0.0,0.0,0.0,0.0,0.0,0.0,0.0,0.0,0.0,0.0,0.0,0.275483438228625,0.0,0.0,0.0,0.0,0.0,0.0,0.0,0.0,0.0,0.0,0.0,0.0,0.0,0.0,0.0,0.0,0.0,0.0535777276243271,0.0,0.0,0.0,0.0,0.0,0.0,0.196680788056806,0.2132620938892488,0.0,0.2371210200038843,0.5218512971358176,0.1776370768680979,0.3906701119012343,0.0,0.3059992837433728,0.0,0.0634167873760382,0.0392459861508873,0.0,0.0,0.0,0.0,0.1869114930083747,0.0,0.0,0.0,0.2474663036241371,0.0,0.0,0.0,0.1934250289004024,0.0900053998822372,0.0,0.0,0.0
0.0,0.0,0.1359177627809787,0.0,0.0,0.2289742286282187,0.2296518628038564,0.26426459887255,0.3947583688149389,0.0,0.2192101625019002,0.0,0.3340483080724732,0.0,0.2739221032832725,0.0,0.0,0.0,0.1385887766852317,0.2802951852468951,0.0,0.3509904293278131,0.3476290318295252,0.0,0.0,0.0,0.4225038989224896,0.1541540059849487,0.0,0.0,0.0092568828693589,0.0,0.0,0.0,0.0,-0.0018348940179835,0.0,0.0,0.0,0.0,-0.003772283045659,0.0996393146239917,0.0,0.0,0.0,0.0252482396660451,0.042266936405987,0.3686169100622046,0.0,0.2371210200038843,0.0,0.305672723713385,0.2203123630773318,0.4892777800262679,0.1723655765909176,0.2902791518837108,0.0,0.2759670405629802,0.0821584151282091,0.3035491247384119,0.1405398609556146,0.1675266374130689,0.0663119754828821,0.1479444248127663,0.3159748528723748,0.047356506434847,0.129648215472322,0.4752426653933905,0.0,0.0900273846563227,0.1148253943792202,0.511021542109591,0.1588129461203956,0.233751373102547,0.1488810215070004,0.1313049710651128
0.0,0.0,0.0,0.0,0.0,0.3235894938509567,0.0,0.2490118130887603,0.0,0.0,0.3271241523790502,0.0,0.0,0.0,0.0,0.0,0.0,0.0,0.0,0.0,0.0,0.0,0.3585195010828497,0.0,0.0,0.0,0.3460222900347137,0.0,0.0,0.0,0.0,0.0,0.0,0.0,0.0,0.0,0.0,0.0,0.0540007605825415,0.0193715872911701,0.0292947897684978,0.0,0.0038258526698706,0.0,0.0,0.0,0.0,0.3658244911669859,0.1274996693134303,0.5218512971358176,0.305672723713385,0.0,0.2590588820901358,0.4878270544963785,0.0,0.3168844439908688,0.0,0.33691310927452,0.0,0.0,0.0,0.0,0.0,0.2114070469263684,0.0817271372084649,0.0,0.0,0.3251390057490792,0.0,0.0,0.0,0.2593248412130053,0.2322572746318655,0.0569798599988002,0.0,0.0
0.0,0.0,0.4571558109766532,0.0,0.2995029235997094,0.432355173180408,0.0,0.5548554691112318,0.3920346840335202,0.0,0.4395552811422386,0.0,0.4551348875934532,0.0,0.2622884967555181,0.0,0.0,0.0,0.4853475367861766,0.2737665830590625,0.1595753322879761,0.0,0.5681084218834698,0.0,0.0,0.0,0.3977226279457652,0.1956207986814904,0.3357355535029895,0.0,0.1495470511363004,0.3194377595382127,0.0,0.2667722026052437,0.0,0.1299732426022485,0.0,0.0,0.0,0.3359412773501936,0.0,0.0,0.0,0.0,0.0,0.0,0.0,0.4899219652031062,0.1667484987809397,0.1776370768680979,0.2203123630773318,0.2590588820901358,0.0,0.3419074889933685,0.0,0.4719506271323345,0.0,0.1236577559862344,0.2317449396148544,0.1722340894932372,0.0,0.0,0.0,0.4787497439180656,0.0,0.1172608416210301,0.0,0.5053980386907867,0.0,0.0,0.0,0.120550820131361,0.0,0.0,0.0,0.0
