0.0,0.2284092300629953,0.0,0.0,0.0,0.0744677049669102,0.0,0.1488883422791628,0.0,-0.0120231754355018,0.0,0.0654566683912537,0.0,0.0,0.286731130347759,0.3953108193176818,0.2434170870841187,0.2989233203769592,0.0,0.3520440270895195,0.3396898437007607,0.3787953235817939,0.1706047686553818,0.0,0.2767948868128415,0.2908613496332408,0.2401545221377144,0.1766789006308813,0.2577534702298084,0.0,0.2586619969975287,0.0,0.0,0.2529311386791002,0.1758145659261783,0.0,0.0,0.0,0.0,0.0,0.2136760443915778,0.0,0.0,0.0,0.0,0.5455257035593625,0.1911048471115865,0.0,0.0,0.0,0.0,0.0,0.0,0.0,-0.0107072894778321,0.0,0.0,0.0,0.0,0.0,0.3409379629408611,0.0,0.1118948619032922,0.0,0.0,0.2728356189405604,0.3290570578348872,0.0,0.0,0.1348378390769135,0.2573320865199543,0.0,0.0,0.0,0.0,0.0
0.2284092300629953,0.0,0.0,0.0,0.4355711989800959,0.3954549184430943,0.5062617547713169,0.3056338245757097,0.3663841762189652,0.0,0.0,0.0,0.4897646425329963,0.0,0.0952385283294481,0.4379087177410703,0.0,0.4069721021148378,0.0,0.4463592245862329,0.2212271676124831,0.4780739696127679,0.3548226359524112,0.0,0.571231434939982,0.5252330947779233,0.3412301927100374,0.4349773655275534,0.3273922142716971,0.0,0.360298347383756,0.0,0.0,0.3432066094325068,0.2405139585918735,0.0,0.0,0.0,0.0,0.0,0.2846891456488811,0.0,0.0,0.0,0.0,0.222580504202815,0.5126536410458694,0.0,0.0,0.0,0.0,0.0,0.0,0.0,0.0,0.0,0.0,0.0,0.0,0.0599185766619957,0.2160932206587933,0.0,0.0251111958761264,0.0,0.0,0.0288431629425906,0.2465860077445716,0.2902207635077752,0.0,0.3475452621093761,0.3189374121037797,0.335534224527415,0.0,0.0229558792042553,0.0,0.0
0.0,0.0,0.0,0.0,0.319633715707722,0.0665357111995488,0.2713295530245453,0.1430418449655743,0.3715813953571224,0.1899895871087864,0.3925132714590322,0.0,0.1562383739787624,0.1249491957101737,0.0,0.0,0.0,0.0,0.4377317998146997,0.0,0.0,0.0,0.2202154744278331,0.0,0.0,0.0,0.1885894584525311,0.1424227140685809,0.0,0.2269813319767102,0.2473399392017147,0.0,0.0,0.2108722772943549,0.1466911859810959,0.0,0.0,0.0,0.0,0.0,0.0,0.0,0.1376361490961711,0.0,0.0,0.0,0.0,0.5355796873349691,0.0,0.384995369449121,0.1703668674294144,0.0,0.1408688836784803,0.4464752746747589,0.0,0.3470184313258834,0.0,0.0,0.2585693257651001,0.0,0.0,0.0,0.0,0.3588685214863724,0.0,0.0,0.0,0.1682273450003548,0.0,0.0,0.0,0.1880884973766648,0.0,0.0,0.0,0.0
0.0,0.0,0.0,0.0,0.4411174883136042,0.2349516258833024,0.3698455232857146,0.2285005298174634,0.2942626733873326,0.0409132978694457,0.300559142162761,0.0,0.3279288018628225,0.3830676671796463,0.0,0.0,0.0,0.0,0.1896049251748443,0.0,0.0,0.0,0.2391351435215611,0.0,0.0,0.0,0.1395868932265051,0.354998771565256,0.0,0.0,0.0,0.0,0.0,0.3820229875485912,0.21733779266824,0.0,0.0177322221824071,0.0,0.0,0.0,0.0,0.0,0.0,0.0,0.0,0.0,0.0,0.0,0.0,0.0,0.0,0.0,0.0,0.0,0.0,0.0,0.0,0.0,0.0,0.0,0.0,0.0,0.0,0.0,0.0,0.0,0.0,0.0,0.0,0.0,0.0,0.0,0.0,0.0,0.0,0.0
0.0,0.4355711989800959,0.319633715707722,0.4411174883136042,0.0,0.3203538113108966,0.6086802072311304,0.3304034043742706,0.5684830881801219,0.165947135197937,0.5573030734523939,0.3787576907021762,0.4265688294929793,0.4407185537671579,0.0,0.0,0.0,0.0,0.4066806412100375,0.4547250721168737,0.0,0.4579951984970263,0.3483196890112854,0.0,0.3823232745219205,0.0,0.3423288829144493,0.4438064379983897,0.2874287938560012,0.0,0.5614503362938984,0.0,0.0,0.5590130157014205,0.3579155603615364,0.0,0.0,0.4056262333657671,0.0,0.0,0.0,0.0,0.2998505390113697,0.0,0.0,0.0,0.0,0.3364577016672119,0.0,0.0,0.0,0.0,0.3347209582038351,0.4857349481703479,0.0,0.5990996484358105,0.0,0.0,0.0,0.0,0.0,0.0,0.0,0.0,0.0,0.0,0.0,0.3722085870527824,0.0,0.0,0.0,0.3677051841241209,0.0,0.0,0.0,0.0
0.0744677049669102,0.3954549184430943,0.0665357111995488,0.2349516258833024,0.3203538113108966,0.0,0.3054667220938735,0.3392950258289353,0.2895474336109324,0.0440299561414314,0.2443760781810955,0.0,0.4302809105043271,0.3826339437820144,0.2000182038700387,0.2368410177067144,0.0,0.1926658709461138,0.2035687326748097,0.2387335599072983,0.2548175717217721,0.279231742118092,0.4317757793260265,0.0,0.3047316733770528,0.2910633040224288,0.4284204387809973,0.2653818757187638,0.3729680916996713,0.2202445605770107,0.2292093198408602,0.0,0.0,0.2419521019702354,0.1502479935653133,0.0720683434794865,0.0681091006710351,0.0,0.0,0.0,0.1986033146137251,0.0,0.1922028363422904,0.0,0.0,0.0,0.0,0.1285466543351953,0.0,0.0,0.4254538890493189,0.2047840447240458,0.2447325034417162,0.1748999804595607,0.0,0.277077032822245,0.0,0.1897939213926401,0.0,0.1282985275807004,0.0,0.0,0.0,0.0261960431546533,0.0,0.1198471978040722,0.0744894407945642,0.3386107317270062,0.0,0.0,0.0,0.3646272966295786,0.0,0.0916924774304811,0.0,0.0
0.0,0.5062617547713169,0.2713295530245453,0.3698455232857146,0.6086802072311304,0.3054667220938735,0.0,0.2932354278480213,0.5237191770711044,0.2980701602737075,0.508078815677359,0.4333954488525476,0.4834231589588437,0.4207640098778347,0.0,0.4954687672063657,0.5443871900714597,0.3491782079734724,0.327545612057317,0.4625835961431532,0.0,0.4770531729306355,0.3277206494532479,0.0,0.4831655163484471,0.454637631724878,0.3298795180327936,0.488883978353073,0.3032988295366266,0.0,0.5568622308340322,0.0,0.0,0.5182496456407212,0.3972167761108635,0.0,0.0272141297241225,0.4190887912384751,0.0,0.0,0.0,0.0,0.0,0.0,0.0,0.0,0.0,0.0,0.0,0.0,0.3722192532668175,0.0,0.0,0.0,0.0,0.0,0.0,0.0,0.0,0.0,0.0,0.0,0.0,0.0,0.0,0.0,0.0,0.3612215284786607,0.0,0.0,0.0,0.3810411165160574,0.0,0.0,0.0,0.0
0.1488883422791628,0.3056338245757097,0.1430418449655743,0.2285005298174634,0.3304034043742706,0.3392950258289353,0.2932354278480213,0.0,0.3192758733321991,0.200406126603942,0.3292294545010282,0.0,0.3357167743470916,0.2957772550191361,0.0,0.1861444026260716,0.0,0.0790190505164424,0.2581864861161216,0.2273082279936488,0.1894504404123659,0.1538367405869125,0.5156243524675888,0.0727091341267543,0.2726165256816811,0.3923841961264529,0.0767437707752282,0.331232170101271,0.0,0.2600900890851079,0.3172778350314405,0.0,0.0,0.2806966018423545,0.2121758481824349,0.0610868672470866,0.066640519796984,0.0,0.0,0.0,0.201938935416585,0.0,0.2733274893356454,0.0,0.0,0.0,0.0,0.1837131631820009,0.0,0.2641360594975045,0.3151179684562094,0.1665050252475052,0.5176253695635291,0.2052682991566882,0.0,0.3583114636017785,0.0,0.0344123741172058,0.3013936645845791,0.0542164785355645,0.0,0.0,0.0,0.0,0.0,0.0393924043459874,0.0,0.3915642769972426,0.0,0.0,0.0,0.0844301435842932,0.0,0.0,0.0,0.0
0.0,0.3663841762189652,0.3715813953571224,0.2942626733873326,0.5684830881801219,0.2895474336109324,0.5237191770711044,0.3192758733321991,0.0,0.1746951220389401,0.6108889016562317,0.3547100074289679,0.3905035723622321,0.3802648822588761,0.0,0.4264745663397227,0.0,0.0,0.4233596749922934,0.4794959888754714,0.0,0.4526626365525167,0.3235323006990966,0.0,0.0,0.0,0.3596637204088377,0.4224161796830082,0.2514592651633248,0.4391280068302299,0.481272782965486,0.0,0.0,0.4338712181618335,0.3431896209168704,0.0,0.034520053725921,0.2995811491592122,0.0,0.0,0.0,0.0,0.285622945924718,0.0,0.0,0.0,0.0,0.360999540842029,0.0,0.0,0.3298330736060566,0.0,0.3028558109978296,0.510210519016471,0.0,0.5819605088955604,0.0,0.0,0.4699066968964396,0.0,0.0,0.0,0.0,0.0939131403122016,0.0,0.0,0.0,0.3461771499480273,0.0,0.0,0.0,0.38666741901375,0.0,0.0,0.0,0.0
-0.0120231754355018,0.0,0.1899895871087864,0.0409132978694457,0.165947135197937,0.0440299561414314,0.2980701602737075,0.200406126603942,0.1746951220389401,0.0,0.2051386152994567,0.5524559839186245,0.3460584386757296,0.2740559566876477,0.0,0.0725310231528287,0.2667178339891682,0.0,0.0478189542430118,0.0,0.0,0.1292349343571687,0.252827129407864,0.0,0.3181715043662656,0.2771862369232935,0.0071952137047356,0.3888764906464756,0.0,0.0,0.2808943219632295,0.0,0.0,0.0907194907010397,0.1954238262042192,0.1382308443952225,0.3719931035672547,0.1781900709320899,0.0,0.0,0.0885452693086967,0.0,0.0,0.0,0.0,0.0,0.0,0.0,0.0,0.0,0.0,0.0,0.0,0.0,0.6297576412231194,0.0,0.5967297730591052,0.0,0.0,0.0,0.0,0.3182237439469024,0.0,0.0,0.0,0.0,0.0,0.0,0.0,0.2774932895547727,0.2212594321101415,0.0,0.0,0.0,0.0,0.0
0.0,0.0,0.3925132714590322,0.300559142162761,0.5573030734523939,0.2443760781810955,0.508078815677359,0.3292294545010282,0.6108889016562317,0.2051386152994567,0.0,0.3800315942496344,0.4227153561619398,0.403220075470689,0.0,0.0,0.0,0.0,0.4465536169420985,0.0,0.0,0.0,0.3005871432514629,0.0,0.0,0.0,0.2988159276060962,0.471743439781087,0.0,0.0,0.4797333581300545,0.0,0.0,0.4043348561085325,0.2587457416634366,0.0,0.0664626044285749,0.2787635451006361,0.0,0.0,0.0,0.0,0.2270339254375719,0.0,0.0,0.0,0.0,0.3588029739782435,0.0,0.4561559315599053,0.2888821611258355,0.2876570011021426,0.2542908774150123,0.4288507377832012,0.0,0.5756246356349182,0.0,0.0,0.4542189297228442,0.0,0.0,0.0,0.0,0.0706046356318315,0.0,0.0,0.0,0.3165140719685453,0.0,0.0,0.0,0.3184824102028647,0.0,0.0,0.0,0.0
0.0654566683912537,0.0,0.0,0.0,0.3787576907021762,0.0,0.4333954488525476,0.0,0.3547100074289679,0.5524559839186245,0.3800315942496344,0.0,0.4854112568788401,0.0,0.0,0.0,0.3864083997889364,0.0789213616187062,0.0,0.0,0.0,0.0,0.0,0.0,0.3673256441359767,0.4142156207998425,0.0,0.5689555357398292,0.0,0.0,0.457873692413741,0.0,0.0,0.3338979644494758,0.2775707864765319,0.135860275506742,0.3095870823066581,0.2459211832124191,0.0,0.0,0.3177153429617017,0.0,0.0,0.0,-0.0071245916995558,0.0,0.0,0.0,0.0,0.0,0.0,0.0,0.0,0.0,0.5022979182832578,0.0,0.6344987435277318,0.0,0.0,0.0,0.0,0.4327120028126557,0.0,0.0,0.0,0.0,0.0,0.0,0.0,0.2204559324622293,0.2721010116978657,0.0,0.0,0.0,0.0,0.0
0.0,0.4897646425329963,0.1562383739787624,0.3279288018628225,0.4265688294929793,0.4302809105043271,0.4834231589588437,0.3357167743470916,0.3905035723622321,0.3460584386757296,0.4227153561619398,0.4854112568788401,0.0,0.4646743773629861,0.1253824812564906,0.3144960629817789,0.3044829762781254,0.1896477098711247,0.2099724346861702,0.3217675073718779,0.2698431770102675,0.3275949260507969,0.3685971074969063,0.0,0.3747409848495511,0.4088330506338535,0.275406872744423,0.5332190490220111,0.2724910461484724,0.3166928434888603,0.3869282963026427,0.0,0.0,0.2982197078826427,0.2046873315203009,0.0506921647605737,0.2544007875691601,0.1844911697577573,0.0,0.0,0.0,0.0,0.2250430203931002,0.0,0.0,0.0,0.0,0.1403911156799916,0.0,0.0,0.3538957453197065,0.0,0.2935421788881514,0.0,0.0,0.0,0.0,0.0,0.0,0.0,0.0,0.0,0.0,0.0,0.0,0.0,0.0,0.3324486361671918,0.0,0.0,0.0,0.2919597843750446,0.0,0.0,0.0,0.0
0.0,0.0,0.1249491957101737,0.3830676671796463,0.4407185537671579,0.3826339437820144,0.4207640098778347,0.2957772550191361,0.3802648822588761,0.2740559566876477,0.403220075470689,0.0,0.4646743773629861,0.0,0.0,0.0,0.0,0.0,0.2153584058442879,0.0,0.1924741358461309,0.0,0.3335438352596884,0.0,0.0,0.0,0.2822173776663244,0.4732337433067553,0.0,0.0,0.4417769213864898,0.0,0.0,0.3650335480847878,0.0,0.2081216348645459,0.2460954786759844,0.0,0.0,0.0,0.0,0.0,0.3473379145055276,0.0,0.0,0.0,0.0,0.1568848261537577,0.0,0.0,0.0,0.0,0.0,0.171898923383224,0.0,0.3918314534307582,0.0,0.0,0.0,0.0,0.0,0.0,0.0,0.0,0.0,0.0,0.0,0.3866038824142788,0.0,0.0,0.0,0.0,0.0,0.0,0.0,0.0
0.286731130347759,0.0952385283294481,0.0,0.0,0.0,0.2000182038700387,0.0,0.0,0.0,0.0,0.0,0.0,0.1253824812564906,0.0,0.0,0.1681201453443951,0.0,0.0583855134546158,0.0,0.1843695439618889,0.4014559400124074,0.2915432513027317,0.1164739686426716,0.0,0.0785492259704879,0.1150972427544603,0.3137163606088754,0.1139834553879647,0.3476495198301865,0.0,0.1090922585911164,0.0,0.0,0.084350124141895,0.0616257556845499,0.0,0.0,0.0,0.0,0.0,0.0816651395432094,0.0,0.0,0.0,0.0,0.0,0.1690211573784629,0.0,0.0,0.0,0.1547503330214661,0.0,0.0109417388384632,0.0,0.0,0.0,0.0,0.0,0.0,0.5279590041208485,0.2443803748777323,0.0,0.0,0.0,0.1190783679069624,0.4270506238625711,0.2466537232187185,0.1903697580018742,0.0,0.0,0.1730187486287273,0.2798084316670148,0.0,0.2711129775363698,0.0,0.0
0.3953108193176818,0.4379087177410703,0.0,0.0,0.0,0.2368410177067144,0.4954687672063657,0.1861444026260716,0.4264745663397227,0.0725310231528287,0.0,0.0,0.3144960629817789,0.0,0.1681201453443951,0.0,0.4848790347812496,0.5234433607679128,0.0,0.4722374671706074,0.2771507260476833,0.5183253136783473,0.2187978971403741,0.0,0.412850562405291,0.3904442720061465,0.2920853125956913,0.3814495884730344,0.375146579726351,0.4796535501133103,0.4938558103292975,0.0,0.0,0.5156662902978538,0.3618922083876203,0.0,0.0,0.0,0.0,0.0,0.3995860476833305,0.0,0.0,0.0,0.0,0.4160103626004231,0.3467956819425913,0.0,0.0,0.0,0.0,0.0,0.0,0.0,0.0,0.0,0.0,0.0,0.0,0.1226622332943159,0.3386249751435553,0.0,0.0151701904961689,0.0,0.0,0.1082962330640579,0.2804575663709427,0.0,0.0,0.1373053499348859,0.2302790232947254,0.0,0.0,0.0,0.0,0.0
0.2434170870841187,0.0,0.0,0.0,0.0,0.0,0.5443871900714597,0.0,0.0,0.2667178339891682,0.0,0.3864083997889364,0.3044829762781254,0.0,0.0,0.4848790347812496,0.0,0.4262795267051483,0.0,0.4184860679969044,0.0,0.3799429695229955,0.0,0.0,0.4773879541209858,0.497711624070166,0.0,0.3382706694354843,0.0,0.0,0.5005285784410605,0.0,0.0,0.509324119313737,0.3806442903094526,0.0,0.0,0.537731999793722,0.0,0.0,0.4824873276091329,0.0,0.0,0.0,0.0,0.0,0.0,0.0,0.0,0.0,0.0,0.0,0.0,0.0,0.3061963229191847,0.0,0.2966464345781864,0.0,0.0,0.0,0.0,0.6547392539130865,0.1529910280534044,0.0,0.0,0.0,0.0,0.0,0.0,0.2745458223061663,0.3873392562120518,0.0,0.0,0.0,0.0,0.0
0.2989233203769592,0.4069721021148378,0.0,0.0,0.0,0.1926658709461138,0.3491782079734724,0.0790190505164424,0.0,0.0,0.0,0.0789213616187062,0.1896477098711247,0.0,0.0583855134546158,0.5234433607679128,0.4262795267051483,0.0,0.0,0.3696540930458054,0.1854379090659798,0.397899996443864,0.1099638099692832,0.0,0.4327303087841379,0.3663373701007704,0.2609926575359708,0.1535794195150376,0.3239895465683715,0.0,0.2476515099269075,0.0,0.0,0.317535101888324,0.1879274313930287,0.0,0.0,0.0,0.0,0.0,0.2431547782966857,0.0,0.0,0.0,0.0,0.3237435126487797,0.2689866521733515,0.0,0.0,0.0,0.0,0.0,0.0,0.0,0.038693453469209,0.0,0.019802229290107,0.0,0.0,0.0,0.3630874346588679,0.3659711395605686,0.2370637855584778,0.0,0.0,0.0,0.3140690501131651,0.0,0.0,0.1381185048767275,0.2210990286812893,0.0,0.0,0.0,0.0,0.0
0.0,0.0,0.4377317998146997,0.1896049251748443,0.4066806412100375,0.2035687326748097,0.327545612057317,0.2581864861161216,0.4233596749922934,0.0478189542430118,0.4465536169420985,0.0,0.2099724346861702,0.2153584058442879,0.0,0.0,0.0,0.0,0.0,0.0,0.0,0.0,0.2485842371616416,0.0,0.0,0.0,0.2411163362007461,0.1955235957447811,0.0,0.0,0.2874360206234507,0.0,0.0,0.3320281786794165,0.229001823478652,0.0,0.0,0.0,0.0,0.0,0.0,0.0,0.1433995315225914,0.0,0.0,0.0,0.0,0.4059557415726534,0.0,0.0,0.231526269181405,0.0,0.1822615445402146,0.4573497872115168,0.0,0.4478739476497373,0.0,0.0,0.3545512932092103,0.0,0.0,0.0,0.0,0.4114995599879919,0.0,0.0,0.0,0.2050595792584842,0.0,0.0,0.0,0.2328661722790444,0.0,0.0,0.0,0.0
0.3520440270895195,0.4463592245862329,0.0,0.0,0.4547250721168737,0.2387335599072983,0.4625835961431532,0.2273082279936488,0.4794959888754714,0.0,0.0,0.0,0.3217675073718779,0.0,0.1843695439618889,0.4722374671706074,0.4184860679969044,0.3696540930458054,0.0,0.0,0.2635456107081722,0.557045641472683,0.2625187597401582,0.0,0.4250788191277518,0.4406738969506846,0.4036391966125013,0.3936145151184864,0.3917093077383816,0.4344671845423422,0.4410849289536378,0.0,0.0,0.4044277942306847,0.3023153942037477,0.0,0.0,0.0,0.0,0.0,0.337664317418146,0.0,0.0,0.0,0.0,0.0,0.4224437305778553,0.0,0.0,0.0,0.2652798610741047,0.0,0.1714945900620059,0.0,0.0,0.0,0.0,0.0,0.0,0.186990673253525,0.0,0.0,0.0,0.0,0.09418692382001,0.1387252228619969,0.4100579438757672,0.2757523423945268,0.0,0.0,0.3722781488763625,0.3760475945895342,0.0,0.1551482842676749,0.0,0.0
0.3396898437007607,0.2212271676124831,0.0,0.0,0.0,0.2548175717217721,0.0,0.1894504404123659,0.0,0.0,0.0,0.0,0.2698431770102675,0.1924741358461309,0.4014559400124074,0.2771507260476833,0.0,0.1854379090659798,0.0,0.2635456107081722,0.0,0.330608223353869,0.2619245656291248,0.0,0.191952031159877,0.236823844309858,0.2953857482061094,0.197762292026686,0.3625191846938781,0.2253528227428094,0.2028330523243773,0.0,0.0,0.1664665682856879,0.1021337670674134,0.0,0.0,0.0,0.0,0.0,0.1114654611440434,0.0,0.0,0.0,0.0,0.2872986471855224,0.1808928213388421,0.0,0.0,0.0,0.1633484306090171,0.0,0.1852355046393927,0.0,0.0,0.0,0.0,0.0,0.0,0.3257953539844714,0.258821440953379,0.0,0.0,0.0,0.0460794389855604,0.4471449744441058,0.3042366084170734,0.2227027186212025,0.0,0.1553638863186958,0.2007905311144242,0.2166253070129486,0.0,0.1447426549926247,0.0,0.0
0.3787953235817939,0.4780739696127679,0.0,0.0,0.4579951984970263,0.279231742118092,0.4770531729306355,0.1538367405869125,0.4526626365525167,0.1292349343571687,0.0,0.0,0.3275949260507969,0.0,0.2915432513027317,0.5183253136783473,0.3799429695229955,0.397899996443864,0.0,0.557045641472683,0.330608223353869,0.0,0.2281006259642809,0.0,0.4096025835607592,0.3565862799870187,0.4616036448464928,0.3558751834273332,0.4719631824748967,0.4227863903203478,0.4000655078034134,0.0,0.0,0.362653216969276,0.2989465765911746,0.0,0.0,0.0,0.0,0.0,0.3269820067661887,0.0,0.0,0.0,0.0,0.375084919860619,0.4110233561083173,0.0,0.0,0.0,0.2650427329434374,0.0,0.0,0.0,0.0,0.0,0.0,0.0,0.0,0.2596110516993227,0.3909603042301789,0.0,0.1025390533985343,0.0,0.0388545141636757,0.1854873003392992,0.4270125420900615,0.2686194833587408,0.0,0.2632201489044868,0.2673570621707306,0.4503696617175436,0.0,0.2336842876162737,0.0,0.0
0.1706047686553818,0.3548226359524112,0.2202154744278331,0.2391351435215611,0.3483196890112854,0.4317757793260265,0.3277206494532479,0.5156243524675888,0.3235323006990966,0.252827129407864,0.3005871432514629,0.0,0.3685971074969063,0.3335438352596884,0.1164739686426716,0.2187978971403741,0.0,0.1099638099692832,0.2485842371616416,0.2625187597401582,0.2619245656291248,0.2281006259642809,0.0,0.0,0.3751865380126075,0.3774740159122967,0.2434232783712579,0.32607124981659,0.1382597545507508,0.2541710763707021,0.3160186165629036,0.0,0.0,0.2726340583253633,0.1848349909685517,0.0416283021779395,0.0805669829988775,0.0,0.0,0.0,0.2099213645576458,0.0,0.228564789183245,0.0,0.0,0.0,0.3806496171726498,0.2752584888669903,0.0,0.2567284356519435,0.4298626669614055,0.1933549286987965,0.4866366634542285,0.1998161817456541,0.0,0.3263494551523229,0.0,0.128789890534697,0.2854107832998094,0.1369726772030741,0.0,0.0,0.0,0.010124641454102,0.0,0.1286479122327967,0.0509596430979378,0.5495476332977088,0.0,0.0,0.341643585399318,0.2433485563648784,0.0,0.0,0.0,0.0
0.0,0.0,0.0,0.0,0.0,0.0,0.0,0.0727091341267543,0.0,0.0,0.0,0.0,0.0,0.0,0.0,0.0,0.0,0.0,0.0,0.0,0.0,0.0,0.0,0.0,0.0,0.0379578774168492,0.0,0.0,0.0,0.0,0.0,0.3694543814109794,0.3778260362222287,0.0,0.0,0.1763521036017097,0.0,0.0198430803423324,0.3749496972012855,0.3585637256215909,0.0,0.0,0.0,0.0,0.1274559980572913,0.0,0.0,0.0,0.0,0.0,0.0,0.0,0.0,0.0,0.0,0.0,0.0,0.0,0.0,0.0,0.0,0.0,0.2353285632188407,0.0,0.0,0.0,0.0,0.0,0.5249328094388017,0.0634402825910303,0.1462471351648614,0.0,0.0,0.0,0.0,0.3165612111723946
0.2767948868128415,0.571231434939982,0.0,0.0,0.3823232745219205,0.3047316733770528,0.4831655163484471,0.2726165256816811,0.0,0.3181715043662656,0.0,0.3673256441359767,0.3747409848495511,0.0,0.0785492259704879,0.412850562405291,0.4773879541209858,0.4327303087841379,0.0,0.4250788191277518,0.191952031159877,0.4096025835607592,0.3751865380126075,0.0,0.0,0.5521671133284547,0.3029176655517859,0.3247807368331491,0.2588519138797803,0.0,0.3696748559473696,0.0,0.0,0.3308341268826293,0.2491255143930058,0.0,0.0,0.4083957931544469,0.0,0.0,0.3020754014669895,0.0,0.0,0.0,0.0,0.2981881133150119,0.4626627852942708,0.0,0.0,0.0,0.0,0.0,0.0,0.0,0.3418453676814533,0.0,0.3300471926070409,0.0,0.0,0.0,0.2431208031894734,0.4891807174470476,0.1810060451916836,0.0,-0.0376439275940573,0.0055850302656178,0.271447703989481,0.0,0.0,0.4306588754525026,0.4420720839138315,0.0,0.0,0.0,0.0,0.0
0.2908613496332408,0.5252330947779233,0.0,0.0,0.0,0.2910633040224288,0.454637631724878,0.3923841961264529,0.0,0.2771862369232935,0.0,0.4142156207998425,0.4088330506338535,0.0,0.1150972427544603,0.3904442720061465,0.497711624070166,0.3663373701007704,0.0,0.4406738969506846,0.236823844309858,0.3565862799870187,0.3774740159122967,0.0379578774168492,0.5521671133284547,0.0,0.2042414635545642,0.3643582287306712,0.1486811854567592,0.0,0.3667908774807795,0.0,0.0,0.3279651246353389,0.2411918893797814,0.0,0.0,0.4012855202729377,0.0,0.0,0.3063914069132431,0.0,0.0,0.0,0.2595961480948424,0.2920790142579473,0.4111253975157647,0.0,0.0,0.0,0.0,0.0,0.0,0.0,0.2569541915021767,0.0,0.3361410645790678,0.0,0.0,0.1140754921262952,0.1501906433392211,0.5140341461271897,0.1063213811809217,0.0,0.0,0.0450378009709058,0.2736043065358382,0.3010538519441808,0.0,0.3806742549147665,0.5315501819324527,0.1971174881979251,0.0,0.0,0.0,0.0
0.2401545221377144,0.3412301927100374,0.1885894584525311,0.1395868932265051,0.3423288829144493,0.4284204387809973,0.3298795180327936,0.0767437707752282,0.3596637204088377,0.0071952137047356,0.2988159276060962,0.0,0.275406872744423,0.2822173776663244,0.3137163606088754,0.2920853125956913,0.0,0.2609926575359708,0.2411163362007461,0.4036391966125013,0.2953857482061094,0.4616036448464928,0.2434232783712579,0.0,0.3029176655517859,0.2042414635545642,0.0,0.2070388795855177,0.5059188577786973,0.2214540585637133,0.2200231796388114,0.0,0.0,0.2089661547565803,0.1276852575869903,0.0,0.0141717197389037,0.0,0.0,0.0,0.1642344511622189,0.0,0.1170638406472863,0.0,0.0,0.0,0.3945714141229556,0.1919706115944328,0.0,0.0,0.3158552045746434,0.2599538091881576,0.0296978630787706,0.2688990108217312,0.0,0.2789991943081247,0.0,0.1029985790884934,0.2962573211790291,0.1989014041713613,0.0,0.0,0.0,0.1254771167823859,0.1711708193424396,0.211679145921458,0.3211559505442813,0.23707164904998,0.0,0.0,0.2010810665672651,0.5682853939770552,0.0,0.3352854562243451,0.0,0.0
0.1766789006308813,0.4349773655275534,0.1424227140685809,0.354998771565256,0.4438064379983897,0.2653818757187638,0.488883978353073,0.331232170101271,0.4224161796830082,0.3888764906464756,0.471743439781087,0.5689555357398292,0.5332190490220111,0.4732337433067553,0.1139834553879647,0.3814495884730344,0.3382706694354843,0.1535794195150376,0.1955235957447811,0.3936145151184864,0.197762292026686,0.3558751834273332,0.32607124981659,0.0,0.3247807368331491,0.3643582287306712,0.2070388795855177,0.0,0.2188913805320411,0.413837053004014,0.5205463548997535,0.0,0.0,0.3955074829720955,0.2893411274174489,0.0749630938264144,0.2917654745673613,0.1892587674991082,0.0,0.0,0.3239537246537185,0.0,0.3044635363270591,0.0,0.0,0.0,0.0,0.0,0.0,0.0,0.3011993364254117,0.0,0.2818259706840368,0.0,0.0,0.0,0.0,0.0,0.0,0.1083257895731347,0.0,0.0,0.0,0.0,0.0,0.0821610795480675,0.0,0.3877659295825887,0.0,0.0,0.0,0.2670665340224292,0.0,0.0,0.0,0.0
0.2577534702298084,0.3273922142716971,0.0,0.0,0.2874287938560012,0.3729680916996713,0.3032988295366266,0.0,0.2514592651633248,0.0,0.0,0.0,0.2724910461484724,0.0,0.3476495198301865,0.375146579726351,0.0,0.3239895465683715,0.0,0.3917093077383816,0.3625191846938781,0.4719631824748967,0.1382597545507508,0.0,0.2588519138797803,0.1486811854567592,0.5059188577786973,0.2188913805320411,0.0,0.2856489107799008,0.1995626906227137,0.0,0.0,0.227358950344672,0.146157810904475,0.0,0.0,0.0,0.0,0.0,0.1673287502468264,0.0,0.0,0.0,0.0,0.0,0.3134815194404439,0.0,0.0,0.0,0.2338108062233067,0.0,0.0,0.0,0.0,0.0,0.0,0.0961492571394896,0.0,0.2454174200818764,0.0,0.0,0.0,0.0,0.1292415318977527,0.27884250747193,0.2651053192881955,0.1828973681064911,0.0,0.0,0.121013745016773,0.4415556169108067,0.0,0.3649570580477826,0.0,0.0
0.0,0.0,0.2269813319767102,0.0,0.0,0.2202445605770107,0.0,0.2600900890851079,0.4391280068302299,0.0,0.0,0.0,0.3166928434888603,0.0,0.0,0.4796535501133103,0.0,0.0,0.0,0.4344671845423422,0.2253528227428094,0.4227863903203478,0.2541710763707021,0.0,0.0,0.0,0.2214540585637133,0.413837053004014,0.2856489107799008,0.0,0.5132806714478471,0.0,0.0,0.4733786641482245,0.2963164673519395,0.0,0.0,0.0,0.0,0.0,0.0,0.0,0.0,0.0,0.0,0.0,0.0,0.0,0.0,0.0,0.0,0.0,0.0,0.0,0.0,0.0,0.0,0.0,0.0,0.0,0.0,0.0,0.0,0.0,0.0,0.0,0.0,0.317825994517839,0.0,0.0,0.0,0.2793870237724538,0.0,0.0,0.0,0.0
0.2586619969975287,0.360298347383756,0.2473399392017147,0.0,0.5614503362938984,0.2292093198408602,0.5568622308340322,0.3172778350314405,0.481272782965486,0.2808943219632295,0.4797333581300545,0.457873692413741,0.3869282963026427,0.4417769213864898,0.1090922585911164,0.4938558103292975,0.5005285784410605,0.2476515099269075,0.2874360206234507,0.4410849289536378,0.2028330523243773,0.4000655078034134,0.3160186165629036,0.0,0.3696748559473696,0.3667908774807795,0.2200231796388114,0.5205463548997535,0.1995626906227137,0.5132806714478471,0.0,0.0,0.0,0.6061289315395395,0.4876284865523859,0.0,0.0869245902028864,0.3973083395452705,0.0,0.0,0.507573175308769,0.0,0.0,0.0,0.0,0.3264338341582227,0.38266019082665,0.0,0.0,0.0,0.3347374666561015,0.0,0.3159354522897138,0.0,0.2663285916460511,0.0,0.3958222634262819,0.0,0.0,0.0605939587254137,0.1464783325427998,0.0,0.0,0.0,0.0,0.0293693056802803,0.1448040375915734,0.3763074930772122,0.0,0.2183252342376009,0.2708668061798227,0.2927802084683079,0.0,0.0155744465132483,0.0,0.0
0.0,0.0,0.0,0.0,0.0,0.0,0.0,0.0,0.0,0.0,0.0,0.0,0.0,0.0,0.0,0.0,0.0,0.0,0.0,0.0,0.0,0.0,0.0,0.3694543814109794,0.0,0.0,0.0,0.0,0.0,0.0,0.0,0.0,0.5990645172665835,0.0,0.0,0.0054582189722688,0.0,0.0,0.6346516790969375,0.5678682791115985,0.0,0.3649925853562597,0.0,0.0,0.0215768456319612,0.0,0.0,0.0,0.0,0.0,0.0,0.0,0.0,0.0,0.0,0.0,0.0,0.0,0.0,0.0,0.0005487292864065,0.0,0.3003441143332772,0.2087059624587074,0.3480801939820607,0.0,0.0737225363120437,0.0,0.5055370893427436,0.0,0.0,0.0,0.4130766362753493,0.1025870074126418,0.0,0.5066068670331547
0.0,0.0,0.0,0.0,0.0,0.0,0.0,0.0,0.0,0.0,0.0,0.0,0.0,0.0,0.0,0.0,0.0,0.0,0.0,0.0,0.0,0.0,0.0,0.3778260362222287,0.0,0.0,0.0,0.0,0.0,0.0,0.0,0.5990645172665835,0.0,0.0,0.0,0.0967606333386549,0.0,0.0,0.6040306156765691,0.643709107910242,0.0,0.3712943177256094,0.0,0.0,0.0,0.0,0.0,0.0,0.0,0.0,0.0,0.0,0.0,0.0,0.0,0.0,0.0,0.0,0.0,0.0,0.0036265046856769,0.0,0.3091303910047751,0.0,0.3179764697365383,0.0,0.0226115004484393,0.0,0.5100325539654708,0.0,0.0,0.0,0.0,0.0726338963617961,0.0,0.5313743868552477
0.2529311386791002,0.3432066094325068,0.2108722772943549,0.3820229875485912,0.5590130157014205,0.2419521019702354,0.5182496456407212,0.2806966018423545,0.4338712181618335,0.0907194907010397,0.4043348561085325,0.3338979644494758,0.2982197078826427,0.3650335480847878,0.084350124141895,0.5156662902978538,0.509324119313737,0.317535101888324,0.3320281786794165,0.4044277942306847,0.1664665682856879,0.362653216969276,0.2726340583253633,0.0,0.3308341268826293,0.3279651246353389,0.2089661547565803,0.3955074829720955,0.227358950344672,0.4733786641482245,0.6061289315395395,0.0,0.0,0.0,0.5350578226221014,0.0,0.0,0.4060038060003181,0.0,0.0,0.5633180232194058,0.0,0.3369082434006834,0.0,0.250095670646529,0.3292344393324532,0.3764854951800448,0.0,0.0,0.0,0.3227451225986875,0.0,0.288333475014749,0.0,0.1232689170079405,0.0,0.2495756385535082,0.0,0.0,0.0322923771401134,0.1512587497020801,0.0,0.0,0.0,0.0,-0.0169961462062344,0.1166530663297874,0.3233400734280389,0.0,0.1728755961723533,0.2493423553991705,0.246620267543301,0.0,0.0543193992076852,0.0,0.0
0.1758145659261783,0.2405139585918735,0.1466911859810959,0.21733779266824,0.3579155603615364,0.1502479935653133,0.3972167761108635,0.2121758481824349,0.3431896209168704,0.1954238262042192,0.2587457416634366,0.2775707864765319,0.2046873315203009,0.0,0.0616257556845499,0.3618922083876203,0.3806442903094526,0.1879274313930287,0.229001823478652,0.3023153942037477,0.1021337670674134,0.2989465765911746,0.1848349909685517,0.0,0.2491255143930058,0.2411918893797814,0.1276852575869903,0.2893411274174489,0.146157810904475,0.2963164673519395,0.4876284865523859,0.0,0.0,0.5350578226221014,0.0,0.0,0.0,0.2800128183461006,0.0,0.0,0.4570079104669224,0.0,0.3030449941179683,0.0,0.1280988701184841,0.0,0.2406282011717724,0.0,0.0,0.0,0.0,0.0,0.0,0.0,0.0,0.0,0.2954766809631183,0.0,0.0,0.0349837489040186,0.1219397174896946,0.0,0.0,0.0,0.0,0.0,0.1125861096784695,0.2376222326647447,0.0,0.09890454811078,0.1881004472471927,0.1978442053073862,0.0,0.0686175535811678,0.0,0.0
0.0,0.0,0.0,0.0,0.0,0.0720683434794865,0.0,0.0610868672470866,0.0,0.1382308443952225,0.0,0.135860275506742,0.0506921647605737,0.2081216348645459,0.0,0.0,0.0,0.0,0.0,0.0,0.0,0.0,0.0416283021779395,0.1763521036017097,0.0,0.0,0.0,0.0749630938264144,0.0,0.0,0.0,0.0054582189722688,0.0967606333386549,0.0,0.0,0.0,0.3277902687249681,0.0,0.0575180919421172,0.0797562633973824,0.0,0.139750152675654,0.137601937814824,0.395715977437503,0.0,0.0,0.0,0.0,0.0,0.0,0.0114519625413026,0.0,0.0,0.0,0.0,0.0,0.2043434322774084,0.0281868646239587,0.0,0.0,0.0,0.0,0.0,0.0,0.0,0.0,0.0,0.0373937540635272,0.0,0.0,0.0,0.0,0.0,0.0,0.0,0.0
0.0,0.0,0.0,0.0177322221824071,0.0,0.0681091006710351,0.0272141297241225,0.066640519796984,0.034520053725921,0.3719931035672547,0.0664626044285749,0.3095870823066581,0.2544007875691601,0.2460954786759844,0.0,0.0,0.0,0.0,0.0,0.0,0.0,0.0,0.0805669829988775,0.0,0.0,0.0,0.0141717197389037,0.2917654745673613,0.0,0.0,0.0869245902028864,0.0,0.0,0.0,0.0,0.3277902687249681,0.0,0.0,0.0,0.0,0.0,0.0,0.0,0.0,0.0,0.0,0.0,0.0,0.0,0.0,0.0,0.0,0.0,0.0,0.0,0.0,0.0,0.0,0.0,0.0,0.0,0.0,0.0,0.0,0.0,0.0,0.0,0.0,0.0,0.0,0.0,0.0,0.0,0.0,0.0,0.0
0.0,0.0,0.0,0.0,0.4056262333657671,0.0,0.4190887912384751,0.0,0.2995811491592122,0.1781900709320899,0.2787635451006361,0.2459211832124191,0.1844911697577573,0.0,0.0,0.0,0.537731999793722,0.0,0.0,0.0,0.0,0.0,0.0,0.0198430803423324,0.4083957931544469,0.4012855202729377,0.0,0.1892587674991082,0.0,0.0,0.3973083395452705,0.0,0.0,0.4060038060003181,0.2800128183461006,0.0,0.0,0.0,0.0,0.0,0.3748900956191477,0.0,0.0,0.0,0.4906959787139469,0.0,0.0,0.0,0.0,0.0,0.0,0.0,0.0,0.0,0.2432679831336535,0.0,0.1770633035409763,0.0,0.0,0.0,0.0,0.0,0.0,0.0,0.0,0.0,0.0,0.0,0.0,0.0,0.3765315251100978,0.0,0.0,0.0,0.0,0.0
0.0,0.0,0.0,0.0,0.0,0.0,0.0,0.0,0.0,0.0,0.0,0.0,0.0,0.0,0.0,0.0,0.0,0.0,0.0,0.0,0.0,0.0,0.0,0.3749496972012855,0.0,0.0,0.0,0.0,0.0,0.0,0.0,0.6346516790969375,0.6040306156765691,0.0,0.0,0.0575180919421172,0.0,0.0,0.0,0.5991229422568574,0.0,0.3923205232825205,0.0,0.0043971928668702,0.0,0.0,0.0,0.0,0.0,0.0,0.0,0.0,0.0,0.0,0.0,0.0,0.0,0.0,0.0,0.0,0.0,0.0,0.2674753046896684,0.1699420774618367,0.3073108001424033,0.0,0.0132992958240619,0.0,0.5357121734106618,0.0,0.0,0.0,0.4034878604111471,0.0523684732162855,0.4704394363370455,0.5676196911719423
0.0,0.0,0.0,0.0,0.0,0.0,0.0,0.0,0.0,0.0,0.0,0.0,0.0,0.0,0.0,0.0,0.0,0.0,0.0,0.0,0.0,0.0,0.0,0.3585637256215909,0.0,0.0,0.0,0.0,0.0,0.0,0.0,0.5678682791115985,0.643709107910242,0.0,0.0,0.0797562633973824,0.0,0.0,0.5991229422568574,0.0,0.0,0.3447598124049846,0.0,0.0,0.0,0.0,0.0,0.0,0.0,0.0,0.0,0.0,0.0,0.0,0.0,0.0,0.0,0.0,0.0,0.0003804449509521,0.0242790463469303,0.0,0.2680846746009346,0.0,0.2946101646586033,0.0139744143998407,0.0054139128721895,0.0,0.50359900131643,0.0,0.0,0.0,0.3284650894261616,0.0589749107747488,0.4253111817792401,0.5480416020547983
0.2136760443915778,0.2846891456488811,0.0,0.0,0.0,0.1986033146137251,0.0,0.201938935416585,0.0,0.0885452693086967,0.0,0.3177153429617017,0.0,0.0,0.0816651395432094,0.3995860476833305,0.4824873276091329,0.2431547782966857,0.0,0.337664317418146,0.1114654611440434,0.3269820067661887,0.2099213645576458,0.0,0.3020754014669895,0.3063914069132431,0.1642344511622189,0.3239537246537185,0.1673287502468264,0.0,0.507573175308769,0.0,0.0,0.5633180232194058,0.4570079104669224,0.0,0.0,0.3748900956191477,0.0,0.0,0.0,0.0,0.3274773639372063,0.0,0.2857561848735484,0.3187891294382914,0.2940955485307545,0.231279197313222,0.5172830269015741,0.4528642192873135,0.3263690146501517,0.4753022455004514,0.2253059551725617,0.3842498824376785,0.1243512871505133,0.4052469279082404,0.228209577578418,0.2035983860239825,0.4141672515080066,0.00834569518612,0.1629883084040747,0.4789429116553373,0.0,0.0577822339025589,0.0,0.0,0.1593994069023029,0.2532170867562877,0.0,0.1492055857690353,0.2297795638739099,0.2618537064500488,0.0,0.1242458176787204,0.0,0.0
0.0,0.0,0.0,0.0,0.0,0.0,0.0,0.0,0.0,0.0,0.0,0.0,0.0,0.0,0.0,0.0,0.0,0.0,0.0,0.0,0.0,0.0,0.0,0.0,0.0,0.0,0.0,0.0,0.0,0.0,0.0,0.3649925853562597,0.3712943177256094,0.0,0.0,0.139750152675654,0.0,0.0,0.3923205232825205,0.3447598124049846,0.0,0.0,0.0076045123275431,0.2193178175088442,0.0,0.0,0.0,0.0,0.0,0.0,0.0,0.0,0.0,0.0,0.0,0.0,0.0,0.1151238387838999,0.0,0.0,0.0,0.0,0.1893377450222145,0.2003041098225048,0.2141963770353601,0.0,0.0241092786623028,0.0,0.3193411501484346,0.0,0.0,0.0,0.2426581983750516,0.1098873162693807,0.2725073723505966,0.2896910858717345
0.0,0.0,0.1376361490961711,0.0,0.2998505390113697,0.1922028363422904,0.0,0.2733274893356454,0.285622945924718,0.0,0.2270339254375719,0.0,0.2250430203931002,0.3473379145055276,0.0,0.0,0.0,0.0,0.1433995315225914,0.0,0.0,0.0,0.228564789183245,0.0,0.0,0.0,0.1170638406472863,0.3044635363270591,0.0,0.0,0.0,0.0,0.0,0.3369082434006834,0.3030449941179683,0.137601937814824,0.0,0.0,0.0,0.0,0.3274773639372063,0.0076045123275431,0.0,0.3220819577457277,0.0730733579166106,0.0,0.0,0.1786571726529169,0.4262715487891063,0.4231602665227925,0.2943213391771055,0.366653807591659,0.2703980238558154,0.2526983389744279,0.2411017514047135,0.3289207416372144,0.3766539062332352,0.2400698648575963,0.4297532395788899,0.0,0.0,0.3714667741993991,0.0,0.0422018178394854,0.0,0.0,0.049659397219315,0.247859710534379,0.0,0.1905297777741618,0.2280787657644048,0.2158469194738482,0.0,0.0055268798617716,0.0,0.0
0.0,0.0,0.0,0.0,0.0,0.0,0.0,0.0,0.0,0.0,0.0,0.0,0.0,0.0,0.0,0.0,0.0,0.0,0.0,0.0,0.0,0.0,0.0,0.0,0.0,0.0,0.0,0.0,0.0,0.0,0.0,0.0,0.0,0.0,0.0,0.395715977437503,0.0,0.0,0.0043971928668702,0.0,0.0,0.2193178175088442,0.3220819577457277,0.0,0.0,0.0,0.0,0.0,0.0,0.0,0.0277888911305693,0.0,0.0,0.0,0.2665292296768385,0.0,0.3328287696261424,0.0683547221853753,0.0,0.0,0.0,0.0,0.0,0.0,0.0,0.0,0.0,0.0315656901272728,0.0,0.0,0.0,0.0,0.0,0.0,0.0,0.0
0.0,0.0,0.0,0.0,0.0,0.0,0.0,0.0,0.0,0.0,0.0,-0.0071245916995558,0.0,0.0,0.0,0.0,0.0,0.0,0.0,0.0,0.0,0.0,0.0,0.1274559980572913,0.0,0.2595961480948424,0.0,0.0,0.0,0.0,0.0,0.0215768456319612,0.0,0.250095670646529,0.1280988701184841,0.0,0.0,0.4906959787139469,0.0,0.0,0.2857561848735484,0.0,0.0730733579166106,0.0,0.0,0.3206900306197032,0.0,0.0,0.0,0.0,0.0,0.3370011996907153,0.0,0.3274493568905205,0.1236507652439691,0.2072236635617356,0.0,0.1890561700469582,0.0,0.0,0.0,0.4172210082997924,0.0,0.0,0.0,0.0,0.0,0.0,0.1930907906645945,0.2000997808610844,0.3439349617380601,0.0,0.2765703217776305,0.0,0.0,0.0390323455097797
0.5455257035593625,0.222580504202815,0.0,0.0,0.0,0.0,0.0,0.0,0.0,0.0,0.0,0.0,0.0,0.0,0.0,0.4160103626004231,0.0,0.3237435126487797,0.0,0.0,0.2872986471855224,0.375084919860619,0.0,0.0,0.2981881133150119,0.2920790142579473,0.0,0.0,0.0,0.0,0.3264338341582227,0.0,0.0,0.3292344393324532,0.0,0.0,0.0,0.0,0.0,0.0,0.3187891294382914,0.0,0.0,0.0,0.3206900306197032,0.0,0.2321420676177285,0.0,0.0,0.0,0.1611969726321271,0.0,0.216952232390569,0.0,0.0616570969032417,0.0,0.0581940832232457,0.0594253458825773,0.0,0.2078126763529934,0.3868235612063111,0.0,0.183965891932567,0.0,0.0847485817066811,0.2088532694154743,0.3488897803789528,0.2390862092592615,0.0,0.2059974146853406,0.3357187460702288,0.2156303303921348,0.0268450588990906,0.1762090073238946,0.0,0.0
0.1911048471115865,0.5126536410458694,0.0,0.0,0.0,0.0,0.0,0.0,0.0,0.0,0.0,0.0,0.0,0.0,0.1690211573784629,0.3467956819425913,0.0,0.2689866521733515,0.0,0.4224437305778553,0.1808928213388421,0.4110233561083173,0.3806496171726498,0.0,0.4626627852942708,0.4111253975157647,0.3945714141229556,0.0,0.3134815194404439,0.0,0.38266019082665,0.0,0.0,0.3764854951800448,0.2406282011717724,0.0,0.0,0.0,0.0,0.0,0.2940955485307545,0.0,0.0,0.0,0.0,0.2321420676177285,0.0,0.0,0.0,0.0,0.5137708270545484,0.3349648911602845,0.3196371634076103,0.2287100242952781,0.2523343065061877,0.0,0.0,0.1788368425931497,0.0,0.1241722559872087,0.2500341510300898,0.3909391451593402,-0.0076838645010798,0.0,0.0,0.1452748547062626,0.141618292356667,0.450898891708756,0.0,0.4905390628024298,0.4399482418279972,0.4314617956404791,0.0,0.145565573377621,0.0,0.0
0.0,0.0,0.5355796873349691,0.0,0.3364577016672119,0.1285466543351953,0.0,0.1837131631820009,0.360999540842029,0.0,0.3588029739782435,0.0,0.1403911156799916,0.1568848261537577,0.0,0.0,0.0,0.0,0.4059557415726534,0.0,0.0,0.0,0.2752584888669903,0.0,0.0,0.0,0.1919706115944328,0.0,0.0,0.0,0.0,0.0,0.0,0.0,0.0,0.0,0.0,0.0,0.0,0.0,0.231279197313222,0.0,0.1786571726529169,0.0,0.0,0.0,0.0,0.0,0.2751214700967094,0.417520460464565,0.2241618122850297,0.3157138865860485,0.2345033590283901,0.4527821658325061,0.0,0.3740789031702239,0.0,0.171687822784027,0.2947331247114311,0.0,0.0,0.0,0.0,0.367656325531392,0.0,0.0,0.0,0.2822779114808326,0.0,0.0,0.0,0.2307685455641403,0.1013645572416171,0.1190465400037617,0.0165189943131308,0.0
0.0,0.0,0.0,0.0,0.0,0.0,0.0,0.0,0.0,0.0,0.0,0.0,0.0,0.0,0.0,0.0,0.0,0.0,0.0,0.0,0.0,0.0,0.0,0.0,0.0,0.0,0.0,0.0,0.0,0.0,0.0,0.0,0.0,0.0,0.0,0.0,0.0,0.0,0.0,0.0,0.5172830269015741,0.0,0.4262715487891063,0.0,0.0,0.0,0.0,0.2751214700967094,0.0,0.5328897186679853,0.3962574613696043,0.5055193421916967,0.3231452071196486,0.4229619877527507,0.0,0.4837176516787492,0.0,0.2725666810334162,0.5759394782334469,0.0,0.0,0.0,0.0,0.0775310044059038,0.0,0.0,0.0,0.3671009583111195,0.0,0.0,0.0,0.3139284997140582,0.0,0.0,0.0,0.0
0.0,0.0,0.384995369449121,0.0,0.0,0.0,0.0,0.2641360594975045,0.0,0.0,0.4561559315599053,0.0,0.0,0.0,0.0,0.0,0.0,0.0,0.0,0.0,0.0,0.0,0.2567284356519435,0.0,0.0,0.0,0.0,0.0,0.0,0.0,0.0,0.0,0.0,0.0,0.0,0.0,0.0,0.0,0.0,0.0,0.4528642192873135,0.0,0.4231602665227925,0.0,0.0,0.0,0.0,0.417520460464565,0.5328897186679853,0.0,0.3661027771966448,0.5827265059813538,0.264640299509718,0.5587922982934793,0.1305094166558958,0.5813265104471456,0.1972277163852036,0.3231857781402822,0.5886159280764339,0.0,0.0,0.0,0.0,0.222122919313857,0.0,0.0,0.0,0.2861976163017925,0.0,0.0,0.0,0.3473366576536915,0.0,0.0,0.0,0.0
0.0,0.0,0.1703668674294144,0.0,0.0,0.4254538890493189,0.3722192532668175,0.3151179684562094,0.3298330736060566,0.0,0.2888821611258355,0.0,0.3538957453197065,0.0,0.1547503330214661,0.0,0.0,0.0,0.231526269181405,0.2652798610741047,0.1633484306090171,0.2650427329434374,0.4298626669614055,0.0,0.0,0.0,0.3158552045746434,0.3011993364254117,0.2338108062233067,0.0,0.3347374666561015,0.0,0.0,0.3227451225986875,0.0,0.0114519625413026,0.0,0.0,0.0,0.0,0.3263690146501517,0.0,0.2943213391771055,0.0277888911305693,0.0,0.1611969726321271,0.5137708270545484,0.2241618122850297,0.3962574613696043,0.3661027771966448,0.0,0.3596691765261754,0.3809796766790483,0.2645507548411007,0.1691733861582562,0.3648294111571999,0.0,0.3688903154384342,0.3969281658438136,0.1002934642914207,0.0648207728736882,0.3419778604969424,0.0,0.036294508196123,0.0,0.1122444483521987,0.0626362167925341,0.4927460222166687,0.0,0.3952913150512686,0.3689949667229555,0.4002897946626008,0.0,0.2104110057631835,0.0,0.0
0.0,0.0,0.0,0.0,0.0,0.2047840447240458,0.0,0.1665050252475052,0.0,0.0,0.2876570011021426,0.0,0.0,0.0,0.0,0.0,0.0,0.0,0.0,0.0,0.0,0.0,0.1933549286987965,0.0,0.0,0.0,0.2599538091881576,0.0,0.0,0.0,0.0,0.0,0.0,0.0,0.0,0.0,0.0,0.0,0.0,0.0,0.4753022455004514,0.0,0.366653807591659,0.0,0.3370011996907153,0.0,0.3349648911602845,0.3157138865860485,0.5055193421916967,0.5827265059813538,0.3596691765261754,0.0,0.2064134487941309,0.5047382563120333,0.2219789386578323,0.4734581647068506,0.1766722149308572,0.4385460131093884,0.4860926993801145,0.0,0.2354329258700842,0.5425609593531485,0.1574788027798553,0.2219442231905946,0.077650492570698,0.0,0.230064703604575,0.234496671480729,0.0,0.236844733567969,0.2677657916339647,0.3242234116186469,0.073725031546237,0.2708342844319812,0.0,0.0
