0.0,0.5955965934802948,0.0,0.0,0.0,0.3481084875911014,0.0,0.3817237481189375,0.0,0.5079185621859756,0.0,0.3290338226028864,0.332764406396446,0.0,0.4924851729855819,0.5478870120362297,0.4196663358463124,0.3427797623282272,0.0,0.462038274840121,0.6934683690839949,0.5183355216613678,0.47285081167021,0.5534064741213774,0.5892458457603673,0.568784571992528,0.210469202803779,0.2738324541268858,0.4798437731511383,0.0,0.5082835473631527,0.1550451148398961,0.403645686267404,0.265899493176436,0.0,0.0,0.0,0.161694287392403,0.1485608083178244,0.4063384105191061,0.0,0.0,0.0,0.0,0.0,0.6723991107791754,0.3723805196295228,0.0,0.0,0.0,0.0,0.0,0.0,0.0,0.4179189425166723,0.0,0.0,0.0,0.0,0.0,0.4470471315405891,0.0,0.3287219734750403,0.0,0.0,0.6348985106149192,0.299681254650277,0.0,0.4477026714959355,0.3151026567807136,0.4950445266135801,0.0,0.0,0.0,0.0,0.2314516301307369
0.5955965934802948,0.0,0.0,0.0,0.3567203535399578,0.4857773281578874,0.5490802861988207,0.5303058898365864,0.2661572732402949,0.0,0.0,0.0,0.61145481690121,0.0,0.3963658238998822,0.6131768204247663,0.5284762347412856,0.4798855063462983,0.0,0.4361985764944126,0.4295077288632813,0.6272759103095824,0.4870652050282317,0.0,0.6901647922972609,0.8088273396185787,0.3165242649801125,0.3554509345167897,0.3259538056561208,0.0,0.3353749697074107,0.1736590104966244,0.3222695579358949,0.1343498037642328,0.0,0.0,0.0,0.0,0.0993541352145949,0.2843660663322211,0.0,0.0,0.0,0.0,0.0,0.0639446579181006,0.6449452813660685,0.0,0.0,0.0,0.3422138096109968,0.0,0.0,0.0,0.0,0.0,0.0,0.0,0.0,0.4180937887963398,0.2851883835025145,0.0,0.1650919809384063,0.0,0.3155376736738237,0.3172623580483673,0.3620395387528235,0.3166315169865619,0.0,0.2584083492265887,0.5428502273646368,0.3683905996642693,0.0,0.2271180700598326,0.0,0.0
0.0,0.0,0.0,0.1113416515400139,0.6009472850151877,0.5641362815237146,0.2271183072961961,0.1931897638530982,0.8031888642137986,0.367250211692389,0.9091582250579902,0.4977023843084123,0.5295780073464226,0.1528214829185159,0.0,0.0,0.0,0.0,0.9392545107954248,0.0,0.0,0.0,0.6917045757883419,0.0,0.0,0.0,0.694531981569924,0.6425264246688679,0.0,0.0,0.3833495621215496,0.0,0.0,0.0,0.0,0.0,0.0,0.0,0.0,0.0,0.0,0.0,0.313403707092534,0.0,0.0,0.0,0.0,0.8088334595704861,0.0,0.5059793750721505,0.4560455180403532,0.2446088134838046,0.298794497984632,0.8027465614883922,0.0,0.7567536106888103,0.0,0.4227446943134637,0.1334315266025584,0.0,0.0,0.0,0.0,0.8977887923451406,0.0,0.0,0.0,0.6342703807318004,0.0,0.0,0.0,0.6773507746198139,0.498793094660274,0.0,0.0,0.0
0.0,0.0,0.1113416515400139,0.0,0.3168229666157217,0.0821482773623866,0.455571861987452,0.3146884763424499,0.1276876832748218,0.5151974568595561,0.2106701760392921,0.3489677753938345,0.2904212092797476,0.1816328316514029,0.0,0.0,0.0,0.0,0.1965420912663107,0.2188842770040988,0.0,0.0,0.2364102552108017,0.0,0.0,0.0,0.1656943770485286,0.2778966683671879,0.2035925307206736,0.0,0.5203433669575006,0.0,0.0,0.1861765729191686,0.0,0.4188553955916722,0.4996648751956807,0.2163198194130782,0.0,0.0,0.0,0.0,0.0,0.0,0.0,0.0,0.0,0.0,0.0,0.0,0.0,0.0,0.0,0.0,0.0,0.0,0.0,0.0,0.0,0.0,0.0,0.0,0.0,0.0,0.0,0.0,0.0,0.0,0.0,0.0,0.0,0.0,0.0,0.0,0.0,0.0
0.0,0.3567203535399578,0.6009472850151877,0.3168229666157217,0.0,0.4219171225618749,0.6225790707580334,0.2271267754404457,0.8183124727172261,0.4500854779263138,0.7848818465310573,0.4641555738097115,0.52924807693997,0.3506278447170395,0.0,0.4184973200850421,0.0,0.0,0.5274445130354737,0.6241819924102734,0.0,0.5398364869380309,0.423922484151592,0.0,0.2776498904436313,0.3276386455028829,0.7628014426235086,0.619172447754312,0.5577602258775676,0.0,0.5194059443714549,0.0,0.0,0.0,0.0,0.3082321620643055,0.3113618543086885,0.3450629812640922,0.0,0.0,0.0,0.0,0.452490882461832,0.0,0.0,0.0,0.0,0.6466082276885676,0.0,0.4286532156876086,0.2633939626636009,0.0,0.2354191492620294,0.7757760490326423,0.0,0.8098139455003128,0.0,0.0,0.0,0.0,0.0,0.0,0.0,0.5451590171688916,0.0,0.0,0.0,0.5358789079591837,0.0,0.0,0.0,0.7232192576900208,0.0,0.0,0.0,0.0
0.3481084875911014,0.4857773281578874,0.5641362815237146,0.0821482773623866,0.4219171225618749,0.0,0.3172851191963693,0.3005896523318761,0.6123300171627408,0.3835352592803466,0.4799520451613139,0.6405557570165418,0.7553298261264122,0.0,0.4852023807759616,0.6050247511206076,0.4500319654655781,0.6178943698512479,0.5376844052500698,0.6146440866362762,0.4696343855812889,0.5856770173412498,0.7087101254457038,0.0,0.5835639050175664,0.5812018516208686,0.5905650371676651,0.5376548990654358,0.7363813938572313,0.3110460327498467,0.377155848899257,0.0935851991969329,0.0104481891554414,0.0,0.0,0.0243309797155842,0.0,0.1893897961201844,0.0287420901215325,0.0,0.0,0.0,0.290228331961694,0.0,0.0,0.0,0.5504585537823017,0.5448961213369897,0.0,0.3633507771399099,0.7846888531937489,0.3678823533944351,0.4418398723916187,0.6140621537018711,0.0,0.3908457371912937,0.0,0.6628487084223894,0.0,0.4267787369484178,0.0,0.0,0.0,0.4998656668666689,0.4522242872652341,0.3195764539145106,0.4694940797132342,0.6592221809428478,0.0,0.0,0.5501856315573004,0.5538825362848946,0.359712264361093,0.388324378026993,0.2393486512001383,0.1030201259876095
0.0,0.5490802861988207,0.2271183072961961,0.455571861987452,0.6225790707580334,0.3172851191963693,0.0,0.1413053607872225,0.4818687580458075,0.6307964523907345,0.3440983628086863,0.3060020246083212,0.4150847120958573,0.2215845608479986,0.0,0.3146119738379002,0.4538162037952281,0.2145378533978951,0.2399310377053165,0.446189002584679,0.0,0.450561185279451,0.3036194545051288,0.2009168403538083,0.4079879164758895,0.2884447024269324,0.5568602025940141,0.327800301839138,0.3384279746199429,0.0,0.4975977788112546,0.1264787183868369,0.1416019024712275,0.0,0.0,0.3396380766872447,0.1905581510878348,0.2957109138038472,0.0,0.0,0.0,0.0,0.5429027278203733,0.0,0.0,0.0,0.0,0.3817910080684163,0.0,0.0,0.1020257456106477,0.0,0.2448029151173359,0.4124433364608756,0.0,0.429627199754939,0.0,0.0,0.0,0.0,0.0,0.0,0.0,0.3065720603146649,0.0,0.0,0.0,0.3361253531216882,0.0,0.0,0.0,0.4823826148961841,0.0,0.0,0.0,0.0
0.3817237481189375,0.5303058898365864,0.1931897638530982,0.3146884763424499,0.2271267754404457,0.3005896523318761,0.1413053607872225,0.0,0.1563843961572323,0.350207746970453,0.2810110281293781,0.4355741392213546,0.3627231034357391,0.2442814821825346,0.239530802660937,0.1956664965821899,0.0,0.0392652700272285,0.35606477665016,0.1983337655477857,0.515467073196004,0.1760719775635489,0.6234192339824057,0.3989768365643329,0.0704783904571401,0.3885902537128209,0.1597464788450269,0.1373633793955564,0.1047536270916981,0.4487680172572199,0.1986957706677098,0.0,0.231999450555989,0.18187236224987,0.0,0.1860351932734713,0.2073822269797151,0.0,0.0,0.0,0.0,0.0,0.1554809361147434,0.0,0.0,0.0,0.0,0.3234108207499315,0.0,0.1497636984734053,0.185715773333209,0.0,0.7789100662259761,0.1391967090158213,0.0,0.3727037088564197,0.0,0.1636469444688488,0.0,0.2529147847713904,0.0,0.0,0.0,0.3226674660174222,0.0,0.4100348253818439,0.0,0.4266868472203944,0.0,0.0,0.0,0.1479701204643265,0.1127433533994958,0.0,0.0,0.0
0.0,0.2661572732402949,0.8031888642137986,0.1276876832748218,0.8183124727172261,0.6123300171627408,0.4818687580458075,0.1563843961572323,0.0,0.4033584313876587,0.8829204702737569,0.4679032367905534,0.526927335128821,0.0886263426991763,0.0,0.4011305494969459,0.0,0.4237035085085864,0.7133908738672985,0.7911525996360192,0.0,0.571334763966591,0.5640907626553177,0.2251238395497904,0.3198549485017674,0.373852922576963,0.8869569730580242,0.6214670195444346,0.6958153846699334,0.4115099243780067,0.4710974415259016,0.0,0.0,0.0,0.0,0.0068712244376382,0.0276819083130895,0.2800706240596981,0.0,0.0,0.0,0.0,0.3774913661404974,0.0,0.0,0.0,0.0,0.8217692857942673,0.0,0.6072937157797824,0.3715916769367441,0.3673054003055487,0.2849409877438306,0.9593566811890936,0.0,0.7939886539932679,0.0,0.4363649881000517,0.2367638930715697,0.0,0.0,0.0,0.0,0.6796431828375169,0.0,0.0,0.0,0.6284008551260286,0.0,0.0,0.0,0.797629077084548,0.5144083868512086,0.0,0.0,0.0
0.5079185621859756,0.0,0.367250211692389,0.5151974568595561,0.4500854779263138,0.3835352592803466,0.6307964523907345,0.350207746970453,0.4033584313876587,0.0,0.4402696526947845,0.5474846010489037,0.483349230844033,0.0,0.0,0.4150102319202355,0.7704746365303466,0.3629201579665934,0.4045095555312655,0.4200700568134314,0.0,0.3882155814408551,0.5194178487741578,0.4439606301158774,0.5519365026048406,0.5770178603935682,0.481156980660154,0.3871874673624628,0.4308513303301884,0.0,0.6075390476620101,0.0,0.2835550822403057,0.1035943518296589,0.0,0.1320065537329051,0.1942787460841902,0.39862797306792,0.0,0.0921938239300604,0.0,0.0,0.0,0.0,0.2211504728694876,0.1865710341197995,0.0,0.0,0.0,0.0,0.0,0.0,0.0,0.0,0.5531205959901094,0.0,0.4877188352896918,0.2170396487928386,0.0,0.0,0.0,0.203698106431395,0.0482557099910908,0.0,0.0,0.0,0.0,0.0,0.3127647066413904,0.1593897769307262,0.2931360376475158,0.0,0.1933340223734257,0.0,0.0,0.0378591634185608
0.0,0.0,0.9091582250579902,0.2106701760392921,0.7848818465310573,0.4799520451613139,0.3440983628086863,0.2810110281293781,0.8829204702737569,0.4402696526947845,0.0,0.4728433806388916,0.5298473019180455,0.2195747967247328,0.0,0.0,0.5211884845935909,0.0,0.9083119660988956,0.0,0.0,0.0,0.6139702966390413,0.2116492097985628,0.0,0.4392278950468014,0.772989684347058,0.6645496774715477,0.0,0.0,0.4738754865114514,0.0,0.0,0.0,0.0,0.0609584347951133,0.1331617971171392,0.2943902743884731,0.0,0.0,0.0,0.0,0.3722267926111795,0.0,0.0,0.0,0.0,0.8322083619462681,0.0,0.5551529234966981,0.2881333986789887,0.1899331424093466,0.3260787716327357,0.8074500279859606,0.0,0.927700778354096,0.0,0.3380286769867019,0.1388602164657791,0.0,0.0,0.0,0.0,0.8731879234060775,0.0,0.0,0.0,0.6035109525577699,0.0,0.0,0.0,0.7156043832035269,0.5339105833500879,0.0,0.0,0.0
0.3290338226028864,0.0,0.4977023843084123,0.3489677753938345,0.4641555738097115,0.6405557570165418,0.3060020246083212,0.4355741392213546,0.4679032367905534,0.5474846010489037,0.4728433806388916,0.0,0.6729678951412524,0.0,0.0,0.0,0.5706934855453782,0.6263823237953411,0.4598706702225866,0.0,0.373556690405119,0.0,0.4822485464239485,0.5889064651891734,0.4897993832356266,0.7074720045977825,0.4029573653518969,0.5688378313315747,0.0,0.0,0.3875110678420354,0.0462529095608483,0.1001251734524939,0.0906809412243448,0.0,0.2849329012068121,0.163245847229043,0.3153023172739274,0.0,0.2091375145466852,0.0,0.0,0.4633230327793002,0.0,0.2966951935902644,0.0,0.0,0.0,0.0,0.0,0.0,0.0,0.0,0.0,0.5015811976861568,0.0,0.8287948374659694,0.6611378776342115,0.0,0.0,0.0,0.4947779739355122,0.4863360323694603,0.0,0.0,0.0,0.0,0.0,0.520787979182408,0.3656311654739256,0.6351598073937297,0.0,0.5385170633141128,0.0,0.0,0.2639699664314808
0.332764406396446,0.61145481690121,0.5295780073464226,0.2904212092797476,0.52924807693997,0.7553298261264122,0.4150847120958573,0.3627231034357391,0.526927335128821,0.483349230844033,0.5298473019180455,0.6729678951412524,0.0,0.1542300522568416,0.4435162281114796,0.7133641637834843,0.6431508926562169,0.6970581471493765,0.4638387040656105,0.5276715942014278,0.3561197630387596,0.5515012100782465,0.5484001348051825,0.2697430518467064,0.4888457708687224,0.6358090639045071,0.501298555408286,0.7893945008208006,0.607468655131659,0.4053881313012237,0.4635637420784412,0.0,0.0826758802449114,0.0310743932189544,0.0,0.2058687415013219,0.2220150271798643,0.2283550956852365,0.0,0.0329455339363287,0.0,0.0,0.4123482651204725,0.0,0.0702588745400622,0.0,0.0,0.4340612616885476,0.0,0.0,0.5606204398113551,0.4191523954819446,0.337614987100673,0.0,0.0,0.5050858601686299,0.4386888673651866,0.0,0.0,0.4253286063750183,0.0,0.0,0.0,0.0,0.3946977353383388,0.0,0.365541671794641,0.4455233164329883,0.0,0.1795749838469699,0.3731691914011635,0.5231730676070474,0.0,0.3902503490503379,0.0,0.0
0.0,0.0,0.1528214829185159,0.1816328316514029,0.3506278447170395,0.0,0.2215845608479986,0.2442814821825346,0.0886263426991763,0.0,0.2195747967247328,0.0,0.1542300522568416,0.0,0.0,0.0,0.0,0.0,0.1023576063682798,0.0,0.0645466912188592,0.0,0.1507993876101944,0.0,0.0,0.0,0.0155295826661453,0.1534648193125028,0.0,0.0,0.1368468984786566,0.0935195989970714,0.0,0.0628957592221479,0.0,0.277343919355297,0.1115440761452638,0.0,0.0,0.0,0.0,0.0,0.1849634348299741,0.0,0.0,0.0,0.0,0.0,0.0,0.0,0.0,0.0,0.0,0.15596565339658,0.0,0.2164570062401194,0.0,0.0,0.0,0.0,0.0,0.0,0.0,0.0,0.0,0.0,0.0,0.1172515620594819,0.0,0.0,0.0,0.1181612717723806,0.0,0.0,0.0,0.0
0.4924851729855819,0.3963658238998822,0.0,0.0,0.0,0.4852023807759616,0.0,0.239530802660937,0.0,0.0,0.0,0.0,0.4435162281114796,0.0,0.0,0.6303748688689133,0.0,0.4485679631948592,0.0,0.7668142160194348,0.6680750420175188,0.7551052192404386,0.4837997825068811,0.2660575125900026,0.4667930942786,0.4547098747543576,0.7455793325654043,0.5930158374286534,0.7062427509781145,0.0,0.5970836213757694,0.0,0.0,0.0,0.0,0.1555188357030094,0.0,0.0,0.0,0.0,0.0,0.0,0.332669333238885,0.0,0.0,0.0,0.435811868571359,0.0,0.0,0.0,0.3075856030895552,0.0,0.3275399049041509,0.0,0.0,0.0,0.0,0.3956653995212542,0.0,0.9264529757493402,0.5262018139578037,0.0,0.0,0.0,0.5280116917534146,0.5004113240191655,0.5890626256131493,0.6208187454661208,0.0,0.3207938101893037,0.4422397995309078,0.6834386648075039,0.4892227291177632,0.50550683913352,0.0,0.2438862536593397
0.5478870120362297,0.6131768204247663,0.0,0.0,0.4184973200850421,0.6050247511206076,0.3146119738379002,0.1956664965821899,0.4011305494969459,0.4150102319202355,0.0,0.0,0.7133641637834843,0.0,0.6303748688689133,0.0,0.6729359018074402,0.8554142751497595,0.0,0.626381202464026,0.4567273214085512,0.7836764989586104,0.4158903120433215,0.3645990101763651,0.6889305742374993,0.6546883916680768,0.4524782252748143,0.7348671618598287,0.6859134664093632,0.3561261390091786,0.6184141411161282,0.1244385270082647,0.1050837611071592,0.0707002406340246,0.0,0.0,0.0,0.0,0.0583271128298855,0.0896092292651352,0.0,0.0,0.0,0.0,0.0,0.311733782333573,0.4111491094853278,0.0,0.0,0.0,0.0,0.0,0.0,0.0,0.0,0.0,0.0,0.0,0.0,0.5737348256959917,0.619042312054664,0.0,0.4913748218762385,0.0,0.5340309850933749,0.3037397657294396,0.5341151078483133,0.3695298203278785,0.0,0.3141884577121802,0.4508589195987582,0.4704623855104146,0.0,0.500828606712955,0.0,0.3071718619927566
0.4196663358463124,0.5284762347412856,0.0,0.0,0.0,0.4500319654655781,0.4538162037952281,0.0,0.0,0.7704746365303466,0.5211884845935909,0.5706934855453782,0.6431508926562169,0.0,0.0,0.6729359018074402,0.0,0.6813082380796738,0.0,0.450698022720097,0.0,0.4718685154874347,0.0,0.3833368594799517,0.6512261244831553,0.6429778936130525,0.0,0.6586549639549182,0.4641217763987627,0.0,0.5593303446466281,0.0,0.1358153514152177,0.0,0.0,0.0,0.0,0.3611183407873621,0.0,0.0,0.0,0.0,0.0,0.0,0.0,0.0,0.0,0.0,0.0,0.0,0.0,0.0,0.0,0.0,0.2874027601825163,0.0,0.4546402829337286,0.0,0.0,0.0,0.0,0.1984572704493096,0.1323270717606303,0.0,0.0,0.0,0.0,0.0,0.2809161311846614,0.0747908075088471,0.2803632617410517,0.0,0.0,0.0,0.0,0.0
0.3427797623282272,0.4798855063462983,0.0,0.0,0.0,0.6178943698512479,0.2145378533978951,0.0392652700272285,0.4237035085085864,0.3629201579665934,0.0,0.6263823237953411,0.6970581471493765,0.0,0.4485679631948592,0.8554142751497595,0.6813082380796738,0.0,0.0,0.4511455623154227,0.2610659109774332,0.5892535108336289,0.3515255608741036,0.3876044238493032,0.7018786709993727,0.6930312171970766,0.3800709833907534,0.6951944608355212,0.5524552455154148,0.1436039583881033,0.4275957346930499,0.1411696027449748,0.0206747968093485,0.03912259153365,0.0,0.0,0.0,0.0,0.0868032358223024,0.0,0.0562415485441539,0.0,0.0,0.0,0.0,0.1394123134678363,0.3641826342129657,0.0,0.0,0.0,0.0,0.0,0.0,0.0,0.1805564232675145,0.0,0.477869629415471,0.0,0.0,0.0,0.5325326383771595,0.162735517735177,0.5255965143208413,0.0,0.0,0.0,0.460865469674878,0.0,0.2264934995594586,0.3328486682466857,0.417697274051134,0.0,0.0,0.0,0.0,0.2978719086774252
0.0,0.0,0.9392545107954248,0.1965420912663107,0.5274445130354737,0.5376844052500698,0.2399310377053165,0.35606477665016,0.7133908738672985,0.4045095555312655,0.9083119660988956,0.4598706702225866,0.4638387040656105,0.1023576063682798,0.0,0.0,0.0,0.0,0.0,0.0,0.0,0.0,0.7136197529310443,0.0,0.0,0.0,0.6353486383488853,0.5396983635054277,0.0,0.0,0.3988817758084818,0.0,0.0,0.0,0.0,0.0,0.0,0.3021076490630157,0.0,0.0,0.0,0.0,0.274198519778922,0.0,0.0,0.0,0.0,0.8441038829158604,0.0,0.4981400358646319,0.3699124431822555,0.2268302709738777,0.4707489572498849,0.6610740779707428,0.0,0.7863984618576759,0.0,0.3414275952030232,0.1387750801434265,0.0,0.0,0.0,0.0,0.9845061795099096,0.0,0.0,0.0,0.664179015226824,0.0,0.0,0.0,0.5970038493132104,0.0,0.0,0.0,0.0
0.462038274840121,0.4361985764944126,0.0,0.2188842770040988,0.6241819924102734,0.6146440866362762,0.446189002584679,0.1983337655477857,0.7911525996360192,0.4200700568134314,0.0,0.0,0.5276715942014278,0.0,0.7668142160194348,0.626381202464026,0.450698022720097,0.4511455623154227,0.0,0.0,0.6228945748594593,0.8890816701665667,0.5867408942483695,0.0,0.5025613198503658,0.4420569126937914,0.8184413761020225,0.6415262892905541,0.841595303342941,0.5552004909161143,0.5730281879555847,0.0,0.0,0.0,0.0,0.0871902259266196,0.1173760218279425,0.0,0.0,0.0,0.0,0.0,0.4639948594457686,0.0,0.0,0.0,0.4382116905946331,0.0,0.0,0.0,0.4017858235187789,0.0,0.4039983927668207,0.0,0.0,0.0,0.0,0.5051683251143515,0.0,0.7782378355604243,0.519840392992167,0.0,0.0,0.0,0.7291319465580904,0.4526489071654221,0.7042820137454359,0.6770861050451887,0.0,0.380250838035264,0.4865110713533039,0.6982432693323722,0.5734368472321114,0.6025386457761246,0.4184217078113988,0.3550458774173193
0.6934683690839949,0.4295077288632813,0.0,0.0,0.0,0.4696343855812889,0.0,0.515467073196004,0.0,0.0,0.0,0.373556690405119,0.3561197630387596,0.0645466912188592,0.6680750420175188,0.4567273214085512,0.0,0.2610659109774332,0.0,0.6228945748594593,0.0,0.5553344445964479,0.6432664257860292,0.4724216247998394,0.3795202836539897,0.3750811988392792,0.5213940783597533,0.3172325420512318,0.6202542023690838,0.0,0.6625236382462335,0.0395898953413521,0.2166698074136751,0.13368196042962,0.0,0.0,0.0,0.0,0.0,0.1634651252844596,0.0,0.0,0.0,0.0,0.0,0.5016005678937776,0.4089939748889271,0.0,0.0,0.0,0.3651362933790811,0.0,0.6253732998792454,0.0,0.0,0.0,0.0,0.3327947597051395,0.0,0.6119180887080299,0.3658928979643205,0.0,0.0,0.0,0.3303744192454076,0.8125581552152769,0.3527775346169008,0.6294642420859304,0.0,0.2411010048069553,0.3945015232747386,0.5046854263841497,0.2757131679621748,0.3312408159171094,0.0,0.1399644714498921
0.5183355216613678,0.6272759103095824,0.0,0.0,0.5398364869380309,0.5856770173412498,0.450561185279451,0.1760719775635489,0.571334763966591,0.3882155814408551,0.0,0.0,0.5515012100782465,0.0,0.7551052192404386,0.7836764989586104,0.4718685154874347,0.5892535108336289,0.0,0.8890816701665667,0.5553344445964479,0.0,0.4410724960657735,0.0,0.6679158037046947,0.5809461608273326,0.6628924928509896,0.6281824430025205,0.7808881220155909,0.4224321662709356,0.5501610314203015,0.1392715185907926,0.0,0.0,0.0,0.2093657659156095,0.2044914110917323,0.0,0.0782221106402004,0.1051039575216632,0.0,0.0,0.4400184192392364,0.0,0.0,0.3157237631230696,0.5696463706369697,0.0,0.0,0.0,0.4660685235162277,0.0,0.0,0.0,0.0,0.0,0.0,0.0,0.0,0.7684558993718307,0.635327276633128,0.0,0.4663783896678816,0.0,0.7632552367300255,0.4571623164960181,0.8143923258013586,0.4745926361494396,0.0,0.5124253316664051,0.5843642464942824,0.6163553743402765,0.6010753073438253,0.7020271538532967,0.0,0.4002294624071328
0.47285081167021,0.4870652050282317,0.6917045757883419,0.2364102552108017,0.423922484151592,0.7087101254457038,0.3036194545051288,0.6234192339824057,0.5640907626553177,0.5194178487741578,0.6139702966390413,0.4822485464239485,0.5484001348051825,0.1507993876101944,0.4837997825068811,0.4158903120433215,0.0,0.3515255608741036,0.7136197529310443,0.5867408942483695,0.6432664257860292,0.4410724960657735,0.0,0.5270609484367484,0.38910958691082,0.5106367702599012,0.5735881186478141,0.4155311703135459,0.5475530342660064,0.5772970657754739,0.3956770849690172,0.0,0.1119204169614018,0.0,0.0,0.0,0.0,0.3130211956313021,0.0,0.0771066632435252,0.0,0.0,0.2864534816529538,0.2843651295095258,0.0,0.0,0.4128596426719111,0.6462802622216598,0.0,0.5367057252518044,0.5379311305988269,0.3396714393901387,0.6778605928141538,0.5532797519425791,0.0,0.5738926724306,0.0,0.4485128591209729,0.0836248456133165,0.4946285625370894,0.0,0.0,0.0,0.7206759395733552,0.3464295076407271,0.5039779393231898,0.2803144195956284,0.851148416173039,0.0,0.2107896707051307,0.4074290738767688,0.535959595907347,0.3507330121659245,0.2705479293559124,0.0976642384556137,0.0027251604320117
0.5534064741213774,0.0,0.0,0.0,0.0,0.0,0.2009168403538083,0.3989768365643329,0.2251238395497904,0.4439606301158774,0.2116492097985628,0.5889064651891734,0.2697430518467064,0.0,0.2660575125900026,0.3645990101763651,0.3833368594799517,0.3876044238493032,0.0,0.0,0.4724216247998394,0.0,0.5270609484367484,0.0,0.5444669993245425,0.6195337054912498,0.1640403466011029,0.1254430166091455,0.0,0.0,0.3065900755723662,0.2970846801748742,0.3550272209060052,0.1659855459925651,0.0548883170156093,0.0331086253827448,0.0,0.27355619931693,0.2490710526345894,0.4880525283915981,0.0329526644697222,0.0,0.0,0.0,0.2994946068510546,0.3086442710232528,0.0,0.0,0.0,0.0,0.0,0.0,0.0,0.0,0.4302502608358874,0.0,0.6599138042099465,0.0,0.0,0.0,0.3688299437330043,0.3769717318929267,0.3569793839072459,0.0,0.0,0.0,0.0,0.0,0.8248474281131499,0.4361329768582745,0.7215701626113636,0.0,0.1252625051366867,0.0,0.0,0.2150240734930626
0.5892458457603673,0.6901647922972609,0.0,0.0,0.2776498904436313,0.5835639050175664,0.4079879164758895,0.0704783904571401,0.3198549485017674,0.5519365026048406,0.0,0.4897993832356266,0.4888457708687224,0.0,0.4667930942786,0.6889305742374993,0.6512261244831553,0.7018786709993727,0.0,0.5025613198503658,0.3795202836539897,0.6679158037046947,0.38910958691082,0.5444669993245425,0.0,0.7620975329665999,0.3910451980537153,0.4161393566131405,0.5592120553992291,0.0,0.3885512247051341,0.2360341985858273,0.1165175881289163,0.0,0.0,0.0,0.0,0.1530316243613423,0.2240660552836351,0.155773882004367,0.0,0.0,0.0,0.0,0.0,0.3075057266991918,0.5424493714665115,0.0,0.0,0.0,0.0,0.0,0.0,0.0,0.3757102136210833,0.0,0.4022144891094495,0.413057830571421,0.0,0.4244307317600566,0.5553854436389256,0.3046135515477338,0.435149511145379,0.0,0.4394622367381329,0.2397724991973492,0.4823179418187306,0.3607430904882192,0.4693005530627823,0.5878021301363561,0.6178213402313435,0.0,0.0,0.4541764630672693,0.0,0.3106046149791922
0.568784571992528,0.8088273396185787,0.0,0.0,0.3276386455028829,0.5812018516208686,0.2884447024269324,0.3885902537128209,0.373852922576963,0.5770178603935682,0.4392278950468014,0.7074720045977825,0.6358090639045071,0.0,0.4547098747543576,0.6546883916680768,0.6429778936130525,0.6930312171970766,0.0,0.4420569126937914,0.3750811988392792,0.5809461608273326,0.5106367702599012,0.6195337054912498,0.7620975329665999,0.0,0.3953988040282858,0.4100475824697714,0.3944634918030922,0.0,0.2888558479292569,0.0227477988772535,0.1988142259006999,0.0903869054008569,0.0,0.0728689558672248,0.0,0.1942620740877118,0.0,0.2088831638245392,0.0,0.0,0.0,0.0,0.0712767756515859,0.1799197408734484,0.5280221860751477,0.0,0.0,0.0,0.4369470094388398,0.0,0.0,0.0,0.2970896442209855,0.0,0.5756582774682117,0.4172897657030953,0.0,0.449419683845315,0.3597092443018875,0.3001921196222415,0.3109751779515667,0.0,0.3580612991418518,0.1878010958870996,0.3641873801369759,0.3033208487934227,0.4164507275394414,0.3505125339676224,0.6701142305998525,0.4424447970677951,0.324992985730858,0.2528271657039547,0.0,0.0242102200937824
0.210469202803779,0.3165242649801125,0.694531981569924,0.1656943770485286,0.7628014426235086,0.5905650371676651,0.5568602025940141,0.1597464788450269,0.8869569730580242,0.481156980660154,0.772989684347058,0.4029573653518969,0.501298555408286,0.0155295826661453,0.7455793325654043,0.4524782252748143,0.0,0.3800709833907534,0.6353486383488853,0.8184413761020225,0.5213940783597533,0.6628924928509896,0.5735881186478141,0.1640403466011029,0.3910451980537153,0.3953988040282858,0.0,0.5753327443265702,0.7562839942811808,0.3673623229152865,0.4891479264720871,0.0,0.0,0.0,0.0,0.0354833523618302,0.1004016143077171,0.2671127865746248,0.0,0.0,0.0,0.0,0.4632767832067697,0.2521364722184892,0.0,0.0,0.3753986615196047,0.7837318853246235,0.0,0.5896329052028703,0.3026211321153756,0.3295831420134605,0.2254443299933992,0.8314400707060775,0.0,0.7503984853966694,0.0,0.367191113820812,0.181232089848795,0.6306788365656509,0.0,0.0,0.0,0.6417057953858392,0.4253151774205993,0.2016964573874747,0.4317966651698243,0.6598023677251497,0.0,0.0,0.3024089674533901,0.9146452715890022,0.4453572124309267,0.4089350789986701,0.0670601577384681,0.0193329857810411
0.2738324541268858,0.3554509345167897,0.6425264246688679,0.2778966683671879,0.619172447754312,0.5376548990654358,0.327800301839138,0.1373633793955564,0.6214670195444346,0.3871874673624628,0.6645496774715477,0.5688378313315747,0.7893945008208006,0.1534648193125028,0.5930158374286534,0.7348671618598287,0.6586549639549182,0.6951944608355212,0.5396983635054277,0.6415262892905541,0.3172325420512318,0.6281824430025205,0.4155311703135459,0.1254430166091455,0.4161393566131405,0.4100475824697714,0.5753327443265702,0.0,0.6622122983481064,0.4080669418336344,0.6104549286880243,0.0,0.0,0.0,0.0,0.3306873611484266,0.3392128322190836,0.19323765086057,0.0,0.0,0.0,0.0,0.4673873327089166,0.0,0.1466561107110627,0.0,0.0,0.5076935016342912,0.0,0.0,0.4384702143196851,0.0,0.1712419252033315,0.5981065195062176,0.3031110427512026,0.0,0.4170489333074125,0.6113401253088611,0.0,0.5062906176589763,0.0,0.0,0.0,0.0,0.5227250850078614,0.2278738988387663,0.4581621839089545,0.4881868265356452,0.0,0.1683889297119435,0.2689986261469561,0.5659306918527031,0.7841295697985784,0.4530429922576207,0.0,0.3761408694981652
0.4798437731511383,0.3259538056561208,0.0,0.2035925307206736,0.5577602258775676,0.7363813938572313,0.3384279746199429,0.1047536270916981,0.6958153846699334,0.4308513303301884,0.0,0.0,0.607468655131659,0.0,0.7062427509781145,0.6859134664093632,0.4641217763987627,0.5524552455154148,0.0,0.841595303342941,0.6202542023690838,0.7808881220155909,0.5475530342660064,0.0,0.5592120553992291,0.3944634918030922,0.7562839942811808,0.6622122983481064,0.0,0.500143022686666,0.6255512370471981,0.0,0.0,0.0,0.0,0.0894230190446214,0.1895688779816697,0.0,0.0,0.0,0.0,0.0,0.4020587898345085,0.0,0.0,0.0,0.3717309788049584,0.5752988494613317,0.0,0.0,0.509126986046668,0.4757192406186663,0.2628272654928084,0.5855119089134019,0.0,0.0,0.0,0.578380038592642,0.0,0.6537141450781578,0.0,0.0,0.0,0.0,0.581872670831858,0.4854505506811329,0.6048487212114243,0.5965191840018986,0.0,0.0,0.4374113027722563,0.6518763035280243,0.5825161515709011,0.6786734620271636,0.4029108030661325,0.3920912771111031
0.0,0.0,0.0,0.0,0.0,0.3110460327498467,0.0,0.4487680172572199,0.4115099243780067,0.0,0.0,0.0,0.4053881313012237,0.0,0.0,0.3561261390091786,0.0,0.1436039583881033,0.0,0.5552004909161143,0.0,0.4224321662709356,0.5772970657754739,0.0,0.0,0.0,0.3673623229152865,0.4080669418336344,0.500143022686666,0.0,0.5210390462334796,0.0,0.0,0.2141448516379804,0.0,0.0,0.0,0.0,0.0,0.0,0.0,0.0,0.0,0.0,0.0,0.0,0.0,0.0,0.0,0.0,0.0,0.0,0.0,0.0,0.0,0.0,0.0,0.0,0.0,0.0,0.0,0.0,0.0,0.0,0.331221336001286,0.0,0.0,0.4380453779759256,0.0,0.0,0.0,0.3646339177573364,0.0,0.2839373079043422,0.0,0.0
0.5082835473631527,0.3353749697074107,0.3833495621215496,0.5203433669575006,0.5194059443714549,0.377155848899257,0.4975977788112546,0.1986957706677098,0.4710974415259016,0.6075390476620101,0.4738754865114514,0.3875110678420354,0.4635637420784412,0.1368468984786566,0.5970836213757694,0.6184141411161282,0.5593303446466281,0.4275957346930499,0.3988817758084818,0.5730281879555847,0.6625236382462335,0.5501610314203015,0.3956770849690172,0.3065900755723662,0.3885512247051341,0.2888558479292569,0.4891479264720871,0.6104549286880243,0.6255512370471981,0.5210390462334796,0.0,0.1596581058356709,0.1904375562821499,0.1891347907581154,0.0,0.3652215892745949,0.2934151858787682,0.4232353012895619,0.0,0.0654378976817121,0.0,0.0,0.4288778217706069,0.0,0.0,0.0,0.2366136042118095,0.0,0.0,0.0,0.2526872961419452,0.0,0.2716541419176205,0.0,0.417782632639578,0.0,0.3345932624741764,0.0,0.0,0.5050195259795066,0.3886472496385207,0.1962481937014559,0.1983845988602814,0.0,0.3027512829405145,0.5075574147971788,0.3190767180510637,0.4600530940293773,0.2740857127352463,0.155895945130269,0.2059551874899491,0.4550999511269663,0.3812839731649029,0.3445819218907822,0.0,0.3270750842775476
0.1550451148398961,0.1736590104966244,0.0,0.0,0.0,0.0935851991969329,0.1264787183868369,0.0,0.0,0.0,0.0,0.0462529095608483,0.0,0.0935195989970714,0.0,0.1244385270082647,0.0,0.1411696027449748,0.0,0.0,0.0395898953413521,0.1392715185907926,0.0,0.2970846801748742,0.2360341985858273,0.0227477988772535,0.0,0.0,0.0,0.0,0.1596581058356709,0.0,0.4115155629931378,0.4286937159343804,0.2864721642061602,0.2292083524569662,0.0,0.0,0.864577409947704,0.4468331056514705,0.4492849781846966,0.2647944450948515,0.0,0.0552802295460782,0.1033390337175148,0.0,0.1200236257986023,0.0,0.0,0.0,0.2141653304367392,0.2204522714441508,0.0439722181475441,0.0,0.106202347807567,0.0,0.0705557205400324,0.1554034385909018,0.0,0.0,0.2232356329684865,0.0429560109918999,0.251724749123582,0.0,0.1478440520585345,0.259504548825347,0.1885800481807122,0.0,0.2185141156228662,0.2813637168309245,0.1849496840474262,0.0,0.0,0.1890386939511573,0.0,0.2743312085285186
0.403645686267404,0.3222695579358949,0.0,0.0,0.0,0.0104481891554414,0.1416019024712275,0.231999450555989,0.0,0.2835550822403057,0.0,0.1001251734524939,0.0826758802449114,0.0,0.0,0.1050837611071592,0.1358153514152177,0.0206747968093485,0.0,0.0,0.2166698074136751,0.0,0.1119204169614018,0.3550272209060052,0.1165175881289163,0.1988142259006999,0.0,0.0,0.0,0.0,0.1904375562821499,0.4115155629931378,0.0,0.6191074214933281,0.100237581456502,0.1698490454761225,0.0,0.2038581037368846,0.370175765452043,0.7634862137433137,0.2839110741704025,0.2220437857493765,0.0,0.0,0.2161598269601174,0.194678279317564,0.1046253672499171,0.0,0.0,0.0,0.0,0.0,0.0,0.0,0.1254940449227292,0.0,0.0838249074795871,0.0,0.0,0.0,0.0,0.0,0.0334104045930089,0.0,0.0,0.2474566082873059,0.0,0.0,0.2057497770993687,0.0,0.1333672722697347,0.0,0.0,0.0,0.0,0.0
0.265899493176436,0.1343498037642328,0.0,0.1861765729191686,0.0,0.0,0.0,0.18187236224987,0.0,0.1035943518296589,0.0,0.0906809412243448,0.0310743932189544,0.0628957592221479,0.0,0.0707002406340246,0.0,0.03912259153365,0.0,0.0,0.13368196042962,0.0,0.0,0.1659855459925651,0.0,0.0903869054008569,0.0,0.0,0.0,0.2141448516379804,0.1891347907581154,0.4286937159343804,0.6191074214933281,0.0,0.238928293308808,0.1601820730471617,0.0650940763576895,0.0632522950054063,0.3847192365522456,0.541830260938142,0.5368891653919392,0.3598605271569252,0.0,0.2641607735338812,0.1483880477628163,0.2436183497264924,0.0171671965095142,0.0,0.0,0.0,0.0102173167860302,0.0724228148129505,0.065685462881101,0.0,0.1528646488801873,0.0,0.0,0.0672724986799119,0.0,0.0,0.0815643115602655,0.0142070901454062,0.22722500279756,0.0,0.0,0.2831387046554678,0.0,0.0,0.0976329409287258,0.0228009072846065,0.0515306385883039,0.0,0.0,0.0,0.0,0.0814122237161717
0.0,0.0,0.0,0.0,0.0,0.0,0.0,0.0,0.0,0.0,0.0,0.0,0.0,0.0,0.0,0.0,0.0,0.0,0.0,0.0,0.0,0.0,0.0,0.0548883170156093,0.0,0.0,0.0,0.0,0.0,0.0,0.0,0.2864721642061602,0.100237581456502,0.238928293308808,0.0,0.0,0.0,0.0,0.2229760145008237,0.1793976432100625,0.5005861177340706,0.1647086943720083,0.0,0.0344166666266454,0.0,0.0,0.0056091631508177,0.0,0.0,0.0,0.1324181699549009,0.0,0.0,0.0,0.0,0.0,0.048987801168203,0.0656176119818253,0.0,0.0,0.0213552165290616,0.0,0.0,0.0,0.0833473093486391,0.0,0.0237220447393537,0.0,0.0,0.1065847829697682,0.0,0.0,0.0,0.0230527034375379,0.0,0.0
0.0,0.0,0.0,0.4188553955916722,0.3082321620643055,0.0243309797155842,0.3396380766872447,0.1860351932734713,0.0068712244376382,0.1320065537329051,0.0609584347951133,0.2849329012068121,0.2058687415013219,0.277343919355297,0.1555188357030094,0.0,0.0,0.0,0.0,0.0871902259266196,0.0,0.2093657659156095,0.0,0.0331086253827448,0.0,0.0728689558672248,0.0354833523618302,0.3306873611484266,0.0894230190446214,0.0,0.3652215892745949,0.2292083524569662,0.1698490454761225,0.1601820730471617,0.0,0.0,0.5623877140349224,0.2208039613787022,0.1773805674725022,0.1815016428940432,0.0609024514869404,0.0,0.3111056070285293,0.1037752224642575,0.3981174235811862,0.0,0.0,0.0,0.0,0.0,0.0604914141219349,0.1664050783306838,0.1050272982696571,0.0469060388939216,0.0,0.1499007036550451,0.1893971905957904,0.1606542991539652,0.0,0.0,0.0,0.0,0.0,0.0,0.0742453146285311,0.0,0.1201331807436824,0.0131360830424682,0.0,0.0,0.0,0.1098795706853067,0.2323898719330342,0.1116424680340086,0.0,0.0
0.0,0.0,0.0,0.4996648751956807,0.3113618543086885,0.0,0.1905581510878348,0.2073822269797151,0.0276819083130895,0.1942787460841902,0.1331617971171392,0.163245847229043,0.2220150271798643,0.1115440761452638,0.0,0.0,0.0,0.0,0.0,0.1173760218279425,0.0,0.2044914110917323,0.0,0.0,0.0,0.0,0.1004016143077171,0.3392128322190836,0.1895688779816697,0.0,0.2934151858787682,0.0,0.0,0.0650940763576895,0.0,0.5623877140349224,0.0,0.1336747645419557,0.0,0.0,0.0,0.0,0.3255948006592493,0.0,0.0,0.0,0.0,0.0,0.0,0.0,0.0,0.0,0.0,0.0,0.0,0.0,0.0,0.0,0.0,0.0,0.0,0.0,0.0,0.0,0.0,0.0,0.0,0.0242438692113368,0.0,0.0,0.0,0.0,0.0,0.0,0.0,0.0
0.161694287392403,0.0,0.0,0.2163198194130782,0.3450629812640922,0.1893897961201844,0.2957109138038472,0.0,0.2800706240596981,0.39862797306792,0.2943902743884731,0.3153023172739274,0.2283550956852365,0.0,0.0,0.0,0.3611183407873621,0.0,0.3021076490630157,0.0,0.0,0.0,0.3130211956313021,0.27355619931693,0.1530316243613423,0.1942620740877118,0.2671127865746248,0.19323765086057,0.0,0.0,0.4232353012895619,0.0,0.2038581037368846,0.0632522950054063,0.0,0.2208039613787022,0.1336747645419557,0.0,0.0,0.0447644481351348,0.0,0.0,0.0,0.0,0.4197892630153562,0.0,0.0,0.0,0.0,0.0,0.0,0.0,0.0,0.0,0.1713659380950315,0.0,0.2723448926637619,0.0,0.0,0.0,0.0,0.0,0.0,0.0,0.0,0.0,0.0,0.0,0.2914073715712731,0.0,0.1400720687028458,0.0,0.1830711557900757,0.0,0.0,0.0
0.1485608083178244,0.0993541352145949,0.0,0.0,0.0,0.0287420901215325,0.0,0.0,0.0,0.0,0.0,0.0,0.0,0.0,0.0,0.0583271128298855,0.0,0.0868032358223024,0.0,0.0,0.0,0.0782221106402004,0.0,0.2490710526345894,0.2240660552836351,0.0,0.0,0.0,0.0,0.0,0.0,0.864577409947704,0.370175765452043,0.3847192365522456,0.2229760145008237,0.1773805674725022,0.0,0.0,0.0,0.5176756362331612,0.4528155815212866,0.3066273735991051,0.0,0.0004777787617978,0.1516346576738707,0.1581153343381374,0.1303467494027982,0.0,0.1022728272327835,0.0,0.2169634877838444,0.2564402733057541,0.0513720544474989,0.0,0.138278807678008,0.0,0.0392046085324324,0.1790996651401948,0.0197014271601594,0.0,0.2918387290969607,0.1747741392221259,0.3476473317825594,0.0,0.1237711048130859,0.2794214105899806,0.1885078677521287,0.0,0.3111750511428485,0.3648389369253578,0.2497540405848407,0.0,0.0,0.2120879252119916,0.3754362116734336,0.3420823521177666
0.4063384105191061,0.2843660663322211,0.0,0.0,0.0,0.0,0.0,0.0,0.0,0.0921938239300604,0.0,0.2091375145466852,0.0329455339363287,0.0,0.0,0.0896092292651352,0.0,0.0,0.0,0.0,0.1634651252844596,0.1051039575216632,0.0771066632435252,0.4880525283915981,0.155773882004367,0.2088831638245392,0.0,0.0,0.0,0.0,0.0654378976817121,0.4468331056514705,0.7634862137433137,0.541830260938142,0.1793976432100625,0.1815016428940432,0.0,0.0447644481351348,0.5176756362331612,0.0,0.3570067264411138,0.3202194138562308,0.0525687909750964,0.1986209925618671,0.2679820868829992,0.337993133455713,0.2994446839347998,0.0,0.0,0.1289324919917122,0.1967105203627124,0.3112156362658049,0.3196752476635976,0.0,0.3263596923021968,0.0,0.2348074558330556,0.2231531813479639,0.0,0.0151655264309124,0.2394313757813114,0.326435865924961,0.3167053819667387,0.0,0.0608328543324079,0.3435562071941265,0.1295077137057403,0.0,0.5040309949078364,0.280957859244685,0.4484354766716277,0.0,0.0272106348695109,0.108230257434568,0.2479010966225145,0.1556813571018561
0.0,0.0,0.0,0.0,0.0,0.0,0.0,0.0,0.0,0.0,0.0,0.0,0.0,0.0,0.0,0.0,0.0,0.0562415485441539,0.0,0.0,0.0,0.0,0.0,0.0329526644697222,0.0,0.0,0.0,0.0,0.0,0.0,0.0,0.4492849781846966,0.2839110741704025,0.5368891653919392,0.5005861177340706,0.0609024514869404,0.0,0.0,0.4528155815212866,0.3570067264411138,0.0,0.4664944351142445,0.0,0.1162446464357532,0.0,0.0,0.0,0.0,0.1200793482527798,0.0,0.0,0.0,0.0,0.0,0.0,0.0,0.0,0.0596705327161522,0.0,0.0,0.0396475752224523,0.0,0.2853944905612803,0.0,0.0,0.0196372984313932,0.0,0.0,0.00668423241119,0.0697972716230789,0.0,0.0,0.0110582796429688,0.0283468686104587,0.1764326180344611,0.262896873634544
0.0,0.0,0.0,0.0,0.0,0.0,0.0,0.0,0.0,0.0,0.0,0.0,0.0,0.0,0.0,0.0,0.0,0.0,0.0,0.0,0.0,0.0,0.0,0.0,0.0,0.0,0.0,0.0,0.0,0.0,0.0,0.2647944450948515,0.2220437857493765,0.3598605271569252,0.1647086943720083,0.0,0.0,0.0,0.3066273735991051,0.3202194138562308,0.4664944351142445,0.0,0.0,0.0519225574378004,0.0,0.0672416366396555,0.0,0.0,0.0,0.0707815543988596,0.0,0.062537181839441,0.0049270537911646,0.0,0.0218221155196705,0.0,0.0,0.0,0.0,0.0,0.0,0.0,0.0,0.0,0.0,0.0815527933622984,0.0,0.0,0.0691895230268309,0.0,0.0,0.0,0.0,0.0,0.0783270572539727,0.0697604664447401
0.0,0.0,0.313403707092534,0.0,0.452490882461832,0.290228331961694,0.5429027278203733,0.1554809361147434,0.3774913661404974,0.0,0.3722267926111795,0.4633230327793002,0.4123482651204725,0.1849634348299741,0.332669333238885,0.0,0.0,0.0,0.274198519778922,0.4639948594457686,0.0,0.4400184192392364,0.2864534816529538,0.0,0.0,0.0,0.4632767832067697,0.4673873327089166,0.4020587898345085,0.0,0.4288778217706069,0.0,0.0,0.0,0.0,0.3111056070285293,0.3255948006592493,0.0,0.0,0.0525687909750964,0.0,0.0,0.0,0.6395325013847538,0.2033771978203251,0.0,0.0,0.3257159803175035,0.6079324156150286,0.5716440518869833,0.2542097513968014,0.5251118639292345,0.2386015585248115,0.3447292563945642,0.319918974225383,0.4548120586188265,0.4117011006913001,0.3990362356184886,0.3760515736284949,0.3002570039101554,0.0,0.1338170610626042,0.0,0.3438662360749037,0.2925267551179728,0.1622602083309558,0.2447792316416917,0.3024273858505263,0.0830277188415299,0.1204154277110523,0.1719215063962896,0.4190180990980051,0.4152511005900769,0.2832422222614239,0.0,0.1590188385374349
0.0,0.0,0.0,0.0,0.0,0.0,0.0,0.0,0.0,0.0,0.0,0.0,0.0,0.0,0.0,0.0,0.0,0.0,0.0,0.0,0.0,0.0,0.2843651295095258,0.0,0.0,0.0,0.2521364722184892,0.0,0.0,0.0,0.0,0.0552802295460782,0.0,0.2641607735338812,0.0344166666266454,0.1037752224642575,0.0,0.0,0.0004777787617978,0.1986209925618671,0.1162446464357532,0.0519225574378004,0.6395325013847538,0.0,0.1440794641529269,0.0,0.0,0.1743839225879973,0.4829560290247457,0.5079745155493477,0.3334640991178988,0.4726414216228816,0.1975038588560853,0.1745630261829145,0.4583025361031843,0.2148033256446396,0.4090082512695506,0.4780753401029659,0.1888192152966475,0.0,0.0,0.0,0.0,0.3261708780366012,0.0,0.0,0.0,0.2050635505673916,0.0,0.0,0.0,0.2177580433204139,0.4543465224163089,0.4336731644556804,0.0,0.3604868832583245
0.0,0.0,0.0,0.0,0.0,0.0,0.0,0.0,0.0,0.2211504728694876,0.0,0.2966951935902644,0.0702588745400622,0.0,0.0,0.0,0.0,0.0,0.0,0.0,0.0,0.0,0.0,0.2994946068510546,0.0,0.0712767756515859,0.0,0.1466561107110627,0.0,0.0,0.0,0.1033390337175148,0.2161598269601174,0.1483880477628163,0.0,0.3981174235811862,0.0,0.4197892630153562,0.1516346576738707,0.2679820868829992,0.0,0.0,0.2033771978203251,0.1440794641529269,0.0,0.1643925650272152,0.0,0.0,0.0,0.0901814988755266,0.0460437643721663,0.086385267932728,0.0,0.0173940807928066,0.2089235648434856,0.2044578981562425,0.3259716106827045,0.1550876281387899,0.0,0.0,0.0,0.2715637146989922,0.0644417551217149,0.1924360458312813,0.0,0.0,0.0,0.1517234669347512,0.3675196717628672,0.0394161020952637,0.1939070752827343,0.0,0.1778561405679872,0.0,0.0,0.2943752693346059
