0.0,0.5166137415519816,0.0,0.0,0.0,0.5073692324450937,0.0,0.3272216882707363,0.0,0.150841548416871,0.0,0.1718458030332491,0.0,0.0,0.3647909842758242,0.4178975077999465,0.2102675602513877,0.4595268737791481,0.0,0.5187209190854141,0.5939013089188138,0.5836106733570997,0.4586657521254553,0.5498340592606145,0.7215758449403468,0.47963430449439,0.3940565014028969,0.4476126707583256,0.5854507461442775,0.0,0.2147212989301136,0.4088080647490726,0.2448475093412087,0.2628231998444083,0.0,0.0,0.0,0.0,0.4117718618604635,0.4381211847489195,0.2165769381809303,0.0,0.0,0.0,0.0,0.9092412273623328,0.4133257887556322,0.0,0.0,0.0,0.0,0.0,0.0,0.0,0.2813633958720588,0.0,0.0,0.0,0.0,0.0,0.4623020265910288,0.0,0.5672123625665535,0.0,0.0,0.5366357332875451,0.5182521786518871,0.0,0.6177855476471141,0.6275678376639471,0.6632486383882937,0.0,0.0,0.0,0.0,0.0
0.5166137415519816,0.0,0.0,0.0,0.2503403691788158,0.5883524854420411,0.4434300320297722,0.4789671443369166,0.4721024856953698,0.0,0.0,0.0,0.5732901137703192,0.0,0.610043790019073,0.4670425839563258,0.0,0.6919612368093913,0.0,0.5417873091638024,0.613633151369732,0.7575200731736293,0.5468086711810584,0.0,0.8644399806587774,0.8389992185826511,0.4512931264985553,0.5642703029614538,0.554617370024353,0.0,0.2199341673344121,0.2006087115033839,0.2189469992873707,0.1489351632555401,0.0,0.0,0.0,0.0,0.2806104921811396,0.2796469030236409,0.0,0.0,0.0,0.0,0.0,0.5440892894239854,0.7492341744363328,0.0,0.0,0.0,0.0,0.0,0.0,0.0,0.0,0.0,0.0,0.0,0.0,0.1676809329668825,0.4202859275360345,0.0,0.2889840771012571,0.0,0.5130398733588142,0.4502257212822039,0.7032428503187318,0.5083738979176874,0.0,0.4813714546467701,0.6278993176283928,0.5475914936950136,0.0,0.4773255466383241,0.0,0.1585994565466844
0.0,0.0,0.0,0.0,0.4183493413119045,0.7385142136605183,0.3672281763422176,0.6955690822921153,0.7573474370644896,0.3258748896913926,0.8054909404002945,0.0,0.6437812185550146,0.1766806773106166,0.0,0.0,0.0,0.0,0.8324228843888912,0.0,0.0,0.0,0.716646610162516,0.0,0.0,0.0,0.8507972782169635,0.678568144334447,0.0,0.3140126778994415,0.4061312084184673,0.1052028141029409,0.0,0.3084041158942663,0.0,0.2864396854088505,0.0674434941433344,0.0,0.1561630630617821,0.0,0.0,0.0,0.4211550137529266,0.0,0.0,0.0,0.0,0.9272010092543388,0.0,0.5230721862338238,0.5841294324316767,0.0,0.5334400639027992,0.8316850080775091,0.0,0.6549911469665551,0.0,0.0,0.4240132304573858,0.0,0.0,0.0,0.0,0.8104788929365361,0.0,0.0,0.0,0.681135890037785,0.0,0.0,0.0,0.814181213013771,0.0,0.0,0.0,0.0
0.0,0.0,0.0,0.0,0.6512388514750794,0.1035638920045516,0.6561261103441756,0.3826486343824566,0.4646993398026706,0.4029298982783543,0.4469526095550913,0.0,0.5191401443155769,0.1057553248763203,0.0,0.0,0.0,0.0,0.1278176710690906,0.0,0.0,0.0,0.1189978508626837,0.0,0.0,0.0,0.2981920297401356,0.4069339437610487,0.0,0.0,0.0,0.0,0.0,0.3058348912182443,0.0,0.3702161334760067,0.2836241995774895,0.0,0.0,0.0,0.0,0.0,0.0,0.0,0.0,0.0,0.0,0.0,0.0,0.0,0.0,0.0,0.0,0.0,0.0,0.0,0.0,0.0,0.0,0.0,0.0,0.0,0.0,0.0,0.0,0.0,0.0,0.0,0.0,0.0,0.0,0.0,0.0,0.0,0.0,0.0
0.0,0.2503403691788158,0.4183493413119045,0.6512388514750794,0.0,0.1543613640256975,0.9159325612877404,0.505523608598705,0.7541922887155332,0.705531834267797,0.7363808040314372,0.3592077470354802,0.769734734288456,0.2814352185037517,0.0,0.0,0.0,0.0,0.1203964222614039,0.3792424981751228,0.0,0.4720270154016154,0.1925920771750472,0.0,0.1063841019983975,0.0,0.5377142968929055,0.5629587092759761,0.291820080242174,0.0,0.536289341452528,0.0,0.2116347270673491,0.2636793415117887,0.0,0.429926574173939,0.379836549658009,0.5614960547642279,0.0,0.0,0.0,0.0,0.4228951257010723,0.0,0.0,0.0,0.0,0.5071136098228296,0.0,0.0,0.0,0.0,0.6487355770722643,0.523448980725627,0.0,0.822058457437371,0.0,0.0,0.0,0.0,0.0,0.0,0.0,0.0,0.0,0.0,0.0,0.3075888497666511,0.0,0.0,0.0,0.3357051494916355,0.0,0.0,0.0,0.0
0.5073692324450937,0.5883524854420411,0.7385142136605183,0.1035638920045516,0.1543613640256975,0.0,0.2654545326622182,0.6967223459218506,0.6536775683761951,0.1467455128667005,0.5083252809584525,0.0,0.6181456865218378,0.2942759492295081,0.3650209095591883,0.4320655991520568,0.0,0.4990692604974671,0.6335531089615971,0.6754374184180156,0.5733927090274604,0.6522477090892278,0.8065920462762551,0.0,0.6308785355018366,0.3531824222802487,0.7442650661067641,0.5715585044519711,0.7735305528803119,0.3129032260442402,0.2603672654846854,0.3262571301361106,0.2765923313415844,0.332619774128693,0.0,0.2224856562678595,0.0,0.0,0.3725164730279623,0.0,0.094602554335322,0.0,0.3400059692094649,0.0,0.0,0.0,0.0,0.6814886794398758,0.0,0.0,0.8600081347875451,0.4963645296560356,0.5107128245410212,0.743405904271469,0.0,0.3132144074144459,0.0,0.7082768138874356,0.0,0.298679376884624,0.0,0.0,0.0,0.5483718493425178,0.563528238234262,0.4643752081467259,0.5432884832066737,0.6693870629978539,0.0,0.0,0.0,0.7529493361046811,0.5282455865304247,0.5954772042750254,0.0,0.1282306348358553
0.0,0.4434300320297722,0.3672281763422176,0.6561261103441756,0.9159325612877404,0.2654545326622182,0.0,0.5618352281437948,0.7619607732681638,0.758265198412245,0.6157314001513863,0.2708779442844192,0.8554703465250512,0.2693622403787459,0.0,0.5539935951915862,0.8087216090470906,0.6669286320771288,0.0628784768364021,0.3525413331262397,0.0,0.5542263241540921,0.2972043098460745,0.0,0.2961566601987935,0.402026905208675,0.5063166137774016,0.660004254790288,0.3938894377389645,0.0,0.5908984820905113,0.0,0.3262877206537223,0.3426073862403315,0.0,0.5049253351951449,0.4614578502773964,0.656097719163069,0.0,0.0,0.0,0.0,0.0,0.0,0.0,0.0,0.0,0.0,0.0,0.0,0.0248250588646955,0.0,0.0,0.0,0.0,0.0,0.0,0.0,0.0,0.0,0.0,0.0,0.0,0.0,0.0,0.0,0.0,0.370411749823316,0.0,0.0,0.0,0.3563203941730062,0.0,0.0,0.0,0.0
0.3272216882707363,0.4789671443369166,0.6955690822921153,0.3826486343824566,0.505523608598705,0.6967223459218506,0.5618352281437948,0.0,0.65871130045982,0.4829458864594484,0.6329172697400958,0.0,0.693711053613283,0.403047883798319,0.6059659909631956,0.579225766745043,0.0,0.6108345879789747,0.569214795360183,0.5787357913159008,0.7798219046527579,0.6288786141086758,0.833584340432201,0.0,0.4248347190663352,0.3089260175030836,0.6352029335554229,0.6813977764683007,0.5181986948319746,0.0818567381111536,0.6566721320686716,0.1446405388675091,0.1844592503930404,0.4922529670711297,0.0,0.6910596039649296,0.2170249976103392,0.0,0.0051775847640736,0.0,0.1154489585951181,0.0,0.6711138789738494,0.0,0.0,0.0,0.0,0.6973057599493271,0.0,0.5567841545695843,0.4707143637664191,0.6418497812305931,0.8805692969388351,0.677417241530797,0.0,0.6295052855822594,0.0,0.5083609582443144,0.5115144263457209,0.0604020219098698,0.0,0.0,0.0,0.6097824611995031,0.2760538226341292,0.6945703825754743,0.0,0.7604074175896907,0.0,0.0,0.0,0.5175009751266975,0.3474360770869597,0.2792367605240569,0.0,0.0
0.0,0.4721024856953698,0.7573474370644896,0.4646993398026706,0.7541922887155332,0.6536775683761951,0.7619607732681638,0.65871130045982,0.0,0.5813257760806195,0.8226019985435313,0.3436430763749896,0.8592694511548445,0.2954666793983043,0.0,0.5612661698277849,0.0,0.0,0.4618556764615589,0.6994796594511468,0.0,0.7389563855853939,0.5491855741046662,0.0,0.0,0.0,0.8512131873785878,0.7959195850401328,0.6761841696721305,0.1010147637581481,0.5001586856724184,0.0032608779184203,0.2971051273038356,0.3428448594324028,0.0,0.3982005251071585,0.237365029307073,0.5493763253683789,0.1626782218982433,0.0,0.0,0.0,0.4603306884837025,0.0,0.0,0.0,0.0,0.8040653196450898,0.0,0.0,0.4103829783401892,0.0,0.6784519140431013,0.925523628912552,0.0,0.7295671855930759,0.0,0.0,0.5956773730426859,0.0,0.0,0.0,0.0,0.4944045805068138,0.0,0.0,0.0,0.5857850960357667,0.0,0.0,0.0,0.7428153424874111,0.0,0.0,0.0,0.0
0.150841548416871,0.0,0.3258748896913926,0.4029298982783543,0.705531834267797,0.1467455128667005,0.758265198412245,0.4829458864594484,0.5813257760806195,0.0,0.4294853286523862,0.6548180293436421,0.7025305279191852,0.2871471715818359,0.0,0.5673255071487562,0.9222630696611024,0.7344378776310097,0.0581388230008035,0.0,0.0,0.659192307515494,0.2760121380241134,0.1312308892419256,0.4375254938456509,0.5339075490614333,0.4274719613219976,0.712429998670368,0.0,0.0,0.6218967156925402,0.0,0.3004003481837075,0.3140307756152337,0.0,0.5854780726902483,0.6249025861776957,0.7270369504004635,0.0175787090805397,0.3366169376246215,0.0,0.0,0.0,0.0,0.6933373995930189,0.0,0.0,0.0,0.0,0.0,0.0,0.0,0.0,0.0,0.8099240661731025,0.0,0.5774952729271968,0.0,0.0,0.0,0.0,0.609199307293433,0.2635664566106092,0.0,0.0,0.0,0.0,0.0,0.2214808125904158,0.2564237385463901,0.399721723281954,0.0,0.5166852089777303,0.0,0.0,0.0120840381723658
0.0,0.0,0.8054909404002945,0.4469526095550913,0.7363808040314372,0.5083252809584525,0.6157314001513863,0.6329172697400958,0.8226019985435313,0.4294853286523862,0.0,0.2844471753444178,0.6938395591900406,0.2588706661066486,0.0,0.0,0.0,0.0,0.6426364121158226,0.0,0.0,0.0,0.4726445869166858,0.0,0.0,0.0,0.7731305954391813,0.5989368218928451,0.0,0.0,0.4105758375671893,0.0,0.1796521181015316,0.1927386474610696,0.0,0.333190070212848,0.1146232282309211,0.4017288610276942,0.0157596466523817,0.0,0.0,0.0,0.4288573378926766,0.0,0.0,0.0,0.0,0.7977462373119991,0.0,0.72603523109936,0.2486993310598572,0.6930349919307773,0.5438131204223331,0.7593639579997742,0.0,0.8893531525096114,0.0,0.5510823050756349,0.5432770436021666,0.0,0.0,0.0,0.0,0.703598267352014,0.0,0.0,0.0,0.5014879813711546,0.0,0.0,0.0,0.6328193160550201,0.0,0.0,0.0,0.0
0.1718458030332491,0.0,0.0,0.0,0.3592077470354802,0.0,0.2708779442844192,0.0,0.3436430763749896,0.6548180293436421,0.2844471753444178,0.0,0.461068421509142,0.0,0.0,0.0,0.5447008470531397,0.4366031571722272,0.0,0.0,0.0,0.0,0.0,0.3771929164138006,0.2925123156271214,0.4011190657407597,0.0,0.435681882249176,0.0,0.0,0.1333243822001229,0.0,0.3224334220021878,0.0213894596076532,0.0359315168784284,0.0,0.3161669709649256,0.1537158176330028,0.2475551134326536,0.0414905658819657,0.0,0.0,0.0,0.0,0.5090315819090058,0.0,0.0,0.0,0.0,0.0,0.0,0.0,0.0,0.0,0.8672997864902234,0.0,0.9074012918553236,0.0,0.0,0.0,0.0,0.7350206387308402,0.507947826725212,0.0,0.0,0.0,0.0,0.0,0.233285667537366,0.50233161868644,0.4911457792208102,0.0,0.0,0.0,0.0,0.3517799874875563
0.0,0.5732901137703192,0.6437812185550146,0.5191401443155769,0.769734734288456,0.6181456865218378,0.8554703465250512,0.693711053613283,0.8592694511548445,0.7025305279191852,0.6938395591900406,0.461068421509142,0.0,0.2739300578972642,0.5305806476090107,0.656621954972909,0.8233327466195769,0.7828975698800821,0.349133015990857,0.6528193572677321,0.6449856354604221,0.750272553468284,0.5020221352914901,0.0463943084311568,0.5034555323478375,0.4744493990965348,0.7068708553236072,0.8528141013481428,0.6631073904113928,0.0069631081187738,0.5801022500391733,0.0,0.3917444181045088,0.4187370391937903,0.0,0.4534105441787759,0.3570914317576534,0.6254108328434033,0.1741702429384544,0.0,0.0,0.0,0.5206852444036002,0.0,0.0,0.0,0.0,0.6589303144750659,0.0,0.0,0.3629659517405182,0.0,0.7699938629966938,0.0,0.0,0.0,0.0,0.0,0.0,0.0,0.0,0.0,0.0,0.0,0.0,0.0,0.0,0.499787163700903,0.0,0.0,0.0,0.6170674366276181,0.0,0.3277980230475639,0.0,0.0
0.0,0.0,0.1766806773106166,0.1057553248763203,0.2814352185037517,0.2942759492295081,0.2693622403787459,0.403047883798319,0.2954666793983043,0.2871471715818359,0.2588706661066486,0.0,0.2739300578972642,0.0,0.0,0.0,0.0,0.0,0.0955626702777269,0.0,0.2142177500539283,0.0,0.3274826645153983,0.0,0.0,0.0,0.2673659149813925,0.2499654714700987,0.0,0.0,0.24050828657286,0.0,0.0,0.2057347949297031,0.0,0.5078430913286384,0.171222087064691,0.0,0.0,0.0,0.0,0.0,0.1323169108709689,0.0,0.0,0.0,0.0,0.2089959493701213,0.0,0.0,0.0,0.0,0.0,0.2556400042596287,0.0,0.2124953768262303,0.0,0.0,0.0,0.0,0.0,0.0,0.0,0.0,0.0,0.0,0.0,0.3286396104760971,0.0,0.0,0.0,0.0,0.0,0.0,0.0,0.0
0.3647909842758242,0.610043790019073,0.0,0.0,0.0,0.3650209095591883,0.0,0.6059659909631956,0.0,0.0,0.0,0.0,0.5305806476090107,0.0,0.0,0.4346639456134195,0.0,0.5174580480319381,0.0,0.6539653010740142,0.7481530945826078,0.7268964740060895,0.5293559979473823,0.0066508337792843,0.4741395404588571,0.5632933425846689,0.6044641242732194,0.6350940407589916,0.4997776869715269,0.0,0.5415220627380396,0.0,0.0,0.2220497337949266,0.0,0.5970527014198397,0.0,0.0,0.0,0.2463911931126668,0.0,0.0,0.0,0.0,0.0,0.0,0.6758708426445147,0.0,0.0,0.0,0.2013091469322609,0.0,0.7361134152810987,0.0,0.0,0.0,0.0,0.0,0.0,0.3774782470567471,0.1909997569605991,0.0,0.0,0.0,0.4331066967090458,0.6950932627248675,0.5826028426231421,0.6501161871090058,0.0,0.0,0.4712624126461496,0.5003375296479448,0.3692258299823653,0.3247306966997014,0.0,0.0
0.4178975077999465,0.4670425839563258,0.0,0.0,0.0,0.4320655991520568,0.5539935951915862,0.579225766745043,0.5612661698277849,0.5673255071487562,0.0,0.0,0.656621954972909,0.0,0.4346639456134195,0.0,0.7341612765640373,0.8677008179866522,0.0,0.5064725246408605,0.6822818026979006,0.7189262656715361,0.4581352472379645,0.0445858908460403,0.5392162226241033,0.3593795559047621,0.4713491289721468,0.7373146870513498,0.5194533043953882,0.099621765476355,0.7410999272379304,0.1043267129258386,0.2367934935336331,0.5840195991251604,0.0,0.0,0.0,0.0,0.0,0.5209992081778089,0.2006991219586568,0.0,0.0,0.0,0.0,0.4416778014630247,0.3692731208647684,0.0,0.0,0.0,0.0,0.0,0.0,0.0,0.0,0.0,0.0,0.0,0.0,0.0,0.2627155975669625,0.0,0.2298367862045427,0.0,0.1673960030406428,0.6210693820504781,0.3378505082159158,0.0,0.0,0.1989555723446771,0.2961037902001104,0.0,0.0,0.0,0.0,0.0
0.2102675602513877,0.0,0.0,0.0,0.0,0.0,0.8087216090470906,0.0,0.0,0.9222630696611024,0.0,0.5447008470531397,0.8233327466195769,0.0,0.0,0.7341612765640373,0.0,0.8650067234186678,0.0,0.5614110183461158,0.0,0.7394904159953413,0.0,0.0611440292244604,0.5247923186862584,0.5134545935572329,0.0,0.8167925065800118,0.0,0.0,0.6970395193226185,0.0,0.3333122652424938,0.4124243769043068,0.0,0.0,0.0,0.7186479311342233,0.0,0.4272340076241004,0.0,0.0,0.0,0.0,0.0,0.0,0.0,0.0,0.0,0.0,0.0,0.0,0.0,0.0,0.6768124158549906,0.0,0.4732515394923552,0.0,0.0,0.0,0.0,0.5971935319503662,0.2918621750714584,0.0,0.0,0.0,0.0,0.0,0.2449632108445485,0.2705505878349477,0.4053566279156816,0.0,0.0,0.0,0.0,0.0
0.4595268737791481,0.6919612368093913,0.0,0.0,0.0,0.4990692604974671,0.6669286320771288,0.6108345879789747,0.0,0.7344378776310097,0.0,0.4366031571722272,0.7828975698800821,0.0,0.5174580480319381,0.8677008179866522,0.8650067234186678,0.0,0.0,0.595157092354434,0.6896214754975213,0.8036172102536426,0.486629534960412,0.2210576666744234,0.7518620597317716,0.5719844288866256,0.539859308324757,0.815388437560272,0.657042188576852,0.0,0.6241983932455509,0.1375700754466129,0.3421113288985813,0.4388331617690218,0.0,0.0,0.0,0.0,0.1710052205040627,0.4822989629789931,0.0479136386097897,0.0,0.0,0.0,0.0,0.5306148761378551,0.5772647149926757,0.0,0.0,0.0,0.0,0.0,0.0,0.0,0.5396892954874758,0.0,0.4115130912656168,0.0,0.0,0.0,0.5318276356176055,0.5952732208680763,0.4074532166819108,0.0,0.0,0.0,0.6129030292264487,0.0,0.4190110522760223,0.4112062641808758,0.4795160570576388,0.0,0.0,0.0,0.0,0.0645281292099125
0.0,0.0,0.8324228843888912,0.1278176710690906,0.1203964222614039,0.6335531089615971,0.0628784768364021,0.569214795360183,0.4618556764615589,0.0581388230008035,0.6426364121158226,0.0,0.349133015990857,0.0955626702777269,0.0,0.0,0.0,0.0,0.0,0.0,0.0,0.0,0.6218314472691452,0.0,0.0,0.0,0.6269043460774117,0.4560889269963838,0.0,0.0,0.2936309130326829,0.1185994398104226,0.0,0.229006904776517,0.0,0.2360208679153087,0.0,0.0,0.0,0.0,0.0,0.0,0.3957531006782845,0.0,0.0,0.0,0.0,0.7247646829695009,0.0,0.0,0.505042172039186,0.0,0.2848662983617714,0.6453362252495894,0.0,0.4970993175097863,0.0,0.0,0.2583260056611074,0.0,0.0,0.0,0.0,0.928427780241142,0.0,0.0,0.0,0.5759681987109192,0.0,0.0,0.0,0.5924374977326891,0.0,0.0,0.0,0.0
0.5187209190854141,0.5417873091638024,0.0,0.0,0.3792424981751228,0.6754374184180156,0.3525413331262397,0.5787357913159008,0.6994796594511468,0.0,0.0,0.0,0.6528193572677321,0.0,0.6539653010740142,0.5064725246408605,0.5614110183461158,0.595157092354434,0.0,0.0,0.634825527727322,0.9199406778155552,0.5964043818350472,0.0,0.5806745524677687,0.4192855094783371,0.836549585250376,0.8005428337033105,0.8480103711926276,0.4422752798185914,0.4498581692109358,0.0496595943449455,0.2050563726395028,0.2467947802299712,0.0,0.38755921868062,0.3003954452448489,0.0,0.2355991424668984,0.2937602470451724,0.0,0.0,0.0,0.0,0.0,0.0,0.5796478582279505,0.0,0.0,0.0,0.5594931633754682,0.0,0.5519871633446579,0.0,0.0,0.0,0.0,0.0,0.0,0.4452088547060597,0.0,0.0,0.0,0.0,0.8519272346000684,0.5595755630178274,0.8040335851125254,0.6399068498872804,0.0,0.0,0.5947097074699532,0.8908998621951285,0.7849469031227219,0.7275274844995911,0.0,0.1807218759262828
0.5939013089188138,0.613633151369732,0.0,0.0,0.0,0.5733927090274604,0.0,0.7798219046527579,0.0,0.0,0.0,0.0,0.6449856354604221,0.2142177500539283,0.7481530945826078,0.6822818026979006,0.0,0.6896214754975213,0.0,0.634825527727322,0.0,0.7662503241298504,0.6889211540117594,0.1114938303140314,0.6242452789239029,0.491267773820735,0.6861179997297832,0.7419876547653178,0.6643082529231547,0.1280627673396259,0.7257560926261519,0.1080734094665251,0.1885064900903455,0.5434935657101793,0.0,0.5999279644814106,0.0,0.0,0.0352964621658619,0.5365047418176504,0.1057877531124875,0.0,0.0,0.0,0.0,0.6330537486357309,0.6325205322659027,0.0,0.0,0.0,0.4118657142253558,0.0,0.8003036025806863,0.0,0.0,0.0,0.0,0.0,0.0,0.1921789810461092,0.2930979708176661,0.0,0.0,0.0,0.2825500229540679,0.9438859880413886,0.4835112175528909,0.6690549155769682,0.0,0.3130438215362295,0.509194147346954,0.5440950532123671,0.4062244413677527,0.4686481572747594,0.0,0.0
0.5836106733570997,0.7575200731736293,0.0,0.0,0.4720270154016154,0.6522477090892278,0.5542263241540921,0.6288786141086758,0.7389563855853939,0.659192307515494,0.0,0.0,0.750272553468284,0.0,0.7268964740060895,0.7189262656715361,0.7394904159953413,0.8036172102536426,0.0,0.9199406778155552,0.7662503241298504,0.0,0.615940355477442,0.0,0.7542234350101631,0.6024960280979185,0.7820949563707238,0.880005741677903,0.8169510083269671,0.190875471442481,0.5616166099637244,0.1014568988038731,0.290399714462234,0.3680690830824111,0.0,0.4709568599077716,0.414415127314761,0.0,0.2279676857600391,0.3979744333578787,0.0,0.0,0.0,0.0,0.0,0.6316159971214557,0.6775050104138612,0.0,0.0,0.0,0.5444275244725731,0.0,0.0,0.0,0.0,0.0,0.0,0.0,0.0,0.2757096105069554,0.556183445667127,0.0,0.5293222045241672,0.0,0.6855479864547085,0.6562210432327267,0.8183217725641928,0.6278284641783402,0.0,0.5735029077216295,0.6142337135188793,0.8196340977165418,0.0,0.6817859665465712,0.0,0.1058900143820953
0.4586657521254553,0.5468086711810584,0.716646610162516,0.1189978508626837,0.1925920771750472,0.8065920462762551,0.2972043098460745,0.833584340432201,0.5491855741046662,0.2760121380241134,0.4726445869166858,0.0,0.5020221352914901,0.3274826645153983,0.5293559979473823,0.4581352472379645,0.0,0.486629534960412,0.6218314472691452,0.5964043818350472,0.6889211540117594,0.615940355477442,0.0,0.1110936880683852,0.5581605829246961,0.2603100869575281,0.6557792528339728,0.5539947441903622,0.5894105301564017,0.1633507458459595,0.4132399120088215,0.2507862961597835,0.0673770002746883,0.3450294467610872,0.0,0.446869870209434,0.1235446106474647,0.0,0.1046968449399682,0.4676766552055226,0.1466829354104691,0.0,0.5005899460340996,0.0,0.0,0.0,0.4357279992298873,0.6539784705546526,0.0,0.3503856587754078,0.6638236301196123,0.4867226895149285,0.6890632952267043,0.6609543678949279,0.0,0.4016549584240128,0.0,0.52080100453793,0.3556644092404686,0.3016506675603898,0.0,0.0,0.0,0.5872135336410733,0.3919524294297887,0.6199356505835175,0.4053718631203815,0.9033127005261262,0.0,0.0,0.321927125384015,0.571397772592699,0.358955690408237,0.4529624865523924,0.0,0.0
0.5498340592606145,0.0,0.0,0.0,0.0,0.0,0.0,0.0,0.0,0.1312308892419256,0.0,0.3771929164138006,0.0463943084311568,0.0,0.0066508337792843,0.0445858908460403,0.0611440292244604,0.2210576666744234,0.0,0.0,0.1114938303140314,0.0,0.1110936880683852,0.0,0.4497119560495289,0.3752862584675734,0.021315694307259,0.1969345677873987,0.0,0.0,0.0,0.432660706664061,0.3990671867541974,0.0672655360270914,0.1063650271339399,0.0,0.0,0.018136801786433,0.5355014298387433,0.3540794855380101,0.2113700809834573,0.0,0.0,0.0,0.2211178642881753,0.5502475129557903,0.0,0.0,0.0,0.0,0.0,0.0,0.0,0.0,0.3352244872425939,0.0,0.4542517830708204,0.0,0.0,0.0,0.4740259850683099,0.4325476068452464,0.6079457813523818,0.0,0.0,0.0,0.0,0.0,0.8325816116005538,0.5225574101206697,0.5581383797460161,0.0,0.0,0.0,0.0,0.5992034632877139
0.7215758449403468,0.8644399806587774,0.0,0.0,0.1063841019983975,0.6308785355018366,0.2961566601987935,0.4248347190663352,0.0,0.4375254938456509,0.0,0.2925123156271214,0.5034555323478375,0.0,0.4741395404588571,0.5392162226241033,0.5247923186862584,0.7518620597317716,0.0,0.5806745524677687,0.6242452789239029,0.7542234350101631,0.5581605829246961,0.4497119560495289,0.0,0.6993539564166732,0.4765811309966533,0.6003400951847534,0.6735773028960098,0.0,0.2509687987301345,0.3671171004710447,0.2859813060390924,0.2338988226249471,0.0,0.0,0.0,0.3899117318562875,0.4051420850269961,0.4388183986808023,0.0790363094221639,0.0,0.0,0.0,0.0,0.7466650789722524,0.6467956603569196,0.0,0.0,0.0,0.0,0.0,0.0,0.0,0.4342533639807902,0.0,0.3602056308394066,0.0,0.0,0.0,0.5742048642034715,0.5667956401781717,0.5571241676607114,0.0,0.5826695767372827,0.4965030627364328,0.738078905523961,0.0,0.5805269822414878,0.6773371857738029,0.6857504587429456,0.0,0.0,0.0,0.0,0.3013799198113699
0.47963430449439,0.8389992185826511,0.0,0.0,0.0,0.3531824222802487,0.402026905208675,0.3089260175030836,0.0,0.5339075490614333,0.0,0.4011190657407597,0.4744493990965348,0.0,0.5632933425846689,0.3593795559047621,0.5134545935572329,0.5719844288866256,0.0,0.4192855094783371,0.491267773820735,0.6024960280979185,0.2603100869575281,0.3752862584675734,0.6993539564166732,0.0,0.3394786281439946,0.4021448234458538,0.3577552770472408,0.0,0.1589846436136977,0.1713295149066352,0.3179238964894824,0.0732262302361718,0.0,0.1771359543448543,0.0,0.3811347408207001,0.2917266708053451,0.2656467358248852,0.0,0.0,0.0,0.0,0.3736104248618452,0.5061743335258446,0.7929828945504087,0.0,0.0,0.0,0.0,0.0,0.0,0.0,0.4281551808075591,0.0,0.4199932595864977,0.0,0.0,0.1000126525619286,0.4259966021379345,0.379262109432412,0.2330494686236319,0.0,0.4229059773354591,0.3040253605485437,0.6574906046422325,0.2680039322610857,0.3220116121936304,0.4552337440823921,0.7841369584636216,0.3873134458672466,0.0,0.2539261282905513,0.0,0.2048639149069307
0.3940565014028969,0.4512931264985553,0.8507972782169635,0.2981920297401356,0.5377142968929055,0.7442650661067641,0.5063166137774016,0.6352029335554229,0.8512131873785878,0.4274719613219976,0.7731305954391813,0.0,0.7068708553236072,0.2673659149813925,0.6044641242732194,0.4713491289721468,0.0,0.539859308324757,0.6269043460774117,0.836549585250376,0.6861179997297832,0.7820949563707238,0.6557792528339728,0.021315694307259,0.4765811309966533,0.3394786281439946,0.0,0.7211739267909804,0.8097258671622798,0.2257560339731879,0.4659905781601618,0.0,0.1950445365478723,0.3096175390421097,0.0,0.3407632062551308,0.1220654989438736,0.0,0.1277269923591398,0.0,0.0,0.0,0.423884914150409,0.0,0.0,0.0,0.6066079613369133,0.8168241890569938,0.0,0.0,0.5401443972661669,0.7583208387412453,0.5731559637169233,0.8689704666961406,0.0,0.6294260146900958,0.0,0.670913352247788,0.4769465067711445,0.257605585307571,0.0,0.0,0.0,0.5979985710242909,0.5887732111781052,0.6388415935320225,0.6535020708600269,0.67005787000992,0.0,0.0,0.5277207513951778,0.9166137620835356,0.598003782825513,0.5818947282484342,0.0276574334695045,0.0
0.4476126707583256,0.5642703029614538,0.678568144334447,0.4069339437610487,0.5629587092759761,0.5715585044519711,0.660004254790288,0.6813977764683007,0.7959195850401328,0.712429998670368,0.5989368218928451,0.435681882249176,0.8528141013481428,0.2499654714700987,0.6350940407589916,0.7373146870513498,0.8167925065800118,0.815388437560272,0.4560889269963838,0.8005428337033105,0.7419876547653178,0.880005741677903,0.5539947441903622,0.1969345677873987,0.6003400951847534,0.4021448234458538,0.7211739267909804,0.0,0.7555876993776641,0.2768449815566254,0.7354399080954697,0.030576657105793,0.2572275431695875,0.4739442016942857,0.0,0.6207810638341655,0.5155259480892798,0.6622098166589258,0.1098883738398222,0.0,0.0,0.0,0.5851534467409837,0.0,0.0,0.0,0.0,0.0,0.0,0.0,0.437268596760276,0.0,0.7319578410634365,0.0,0.0,0.0,0.0,0.0,0.0,0.1113981652897926,0.0,0.0,0.0,0.0,0.5151738435692026,0.6926417259068962,0.0,0.614584018786035,0.0,0.0,0.0,0.6849753163788329,0.7465336178943762,0.5484374565473482,0.0,0.0
0.5854507461442775,0.554617370024353,0.0,0.0,0.291820080242174,0.7735305528803119,0.3938894377389645,0.5181986948319746,0.6761841696721305,0.0,0.0,0.0,0.6631073904113928,0.0,0.4997776869715269,0.5194533043953882,0.0,0.657042188576852,0.0,0.8480103711926276,0.6643082529231547,0.8169510083269671,0.5894105301564017,0.0,0.6735773028960098,0.3577552770472408,0.8097258671622798,0.7555876993776641,0.0,0.3803189352567755,0.4482959833218849,0.147690056895759,0.3725272271919942,0.3926219355368593,0.0,0.3679024130222013,0.2344646537727164,0.0,0.3791613555961406,0.0,0.0,0.0,0.0,0.0,0.0,0.0,0.5621042683630273,0.0,0.0,0.0,0.6912288753422005,0.0,0.5163697929225857,0.0,0.0,0.0,0.0,0.7332516139996775,0.0,0.2698624388528158,0.0,0.0,0.0,0.0,0.7077166645442151,0.5870728232932728,0.7642784293434483,0.5559018032901273,0.0,0.0,0.591440886114546,0.8346408886216949,0.7550742276358905,0.8164223556311989,0.0,0.2946499753490417
0.0,0.0,0.3140126778994415,0.0,0.0,0.3129032260442402,0.0,0.0818567381111536,0.1010147637581481,0.0,0.0,0.0,0.0069631081187738,0.0,0.0,0.099621765476355,0.0,0.0,0.0,0.4422752798185914,0.1280627673396259,0.190875471442481,0.1633507458459595,0.0,0.0,0.0,0.2257560339731879,0.2768449815566254,0.3803189352567755,0.0,0.0534993158502538,0.1743277332141647,0.0,0.1556610874728105,0.0435648219264418,0.0,0.0,0.0,0.2472252397238355,0.0,0.0,0.0,0.0,0.0,0.0,0.0,0.0,0.0,0.0,0.0,0.0,0.0,0.0,0.0,0.0,0.0,0.0,0.0,0.0,0.0,0.0,0.0,0.0,0.0,0.5104759053128312,0.0,0.0,0.1265432565820407,0.0,0.0,0.0,0.3262862830035511,0.0,0.0,0.0,0.0
0.2147212989301136,0.2199341673344121,0.4061312084184673,0.0,0.536289341452528,0.2603672654846854,0.5908984820905113,0.6566721320686716,0.5001586856724184,0.6218967156925402,0.4105758375671893,0.1333243822001229,0.5801022500391733,0.24050828657286,0.5415220627380396,0.7410999272379304,0.6970395193226185,0.6241983932455509,0.2936309130326829,0.4498581692109358,0.7257560926261519,0.5616166099637244,0.4132399120088215,0.0,0.2509687987301345,0.1589846436136977,0.4659905781601618,0.7354399080954697,0.4482959833218849,0.0534993158502538,0.0,0.0,0.1208028650916449,0.6464818658035585,0.0,0.7749738219150083,0.4656667169962892,0.7226328556178613,0.0,0.5456507121705647,0.1638746423087036,0.0,0.0,0.0,0.0,0.267581784097141,0.2950020998731303,0.0,0.0,0.0,0.0820134353518064,0.0,0.689918121333998,0.0,0.3149842404544994,0.0,0.0,0.0,0.0,0.0,0.1391717138352415,0.0,0.1368989251108098,0.0,0.067590351095734,0.7378746388025276,0.2316744846663377,0.4327760302294796,0.2402672521707323,0.0,0.1633039561118639,0.2792313889698279,0.2780147034027679,0.1999342421824496,0.0,0.0
0.4088080647490726,0.2006087115033839,0.1052028141029409,0.0,0.0,0.3262571301361106,0.0,0.1446405388675091,0.0032608779184203,0.0,0.0,0.0,0.0,0.0,0.0,0.1043267129258386,0.0,0.1375700754466129,0.1185994398104226,0.0496595943449455,0.1080734094665251,0.1014568988038731,0.2507862961597835,0.432660706664061,0.3671171004710447,0.1713295149066352,0.0,0.030576657105793,0.147690056895759,0.1743277332141647,0.0,0.0,0.3097805010751944,0.2962409780964469,0.147648778745395,0.0,0.0,0.058042726002616,0.6371364669518368,0.3696759120312883,0.4943957064665704,0.0,0.0218986821391963,0.0,0.0786619954381376,0.3920782786907575,0.0668771724187775,0.0899288861784541,0.0,0.0,0.4319050833460559,0.0,0.0,0.0730003972216918,0.0,0.0,0.0245433177728261,0.1795320969561466,0.0,0.1804129146348576,0.2037344245974118,0.0,0.2210981551690092,0.1118291210313413,0.1987037770744306,0.0388618523584986,0.1530291694247423,0.0729830148055391,0.4178348783059812,0.2288442023679765,0.250819012373534,0.0669897010365347,0.2025347047217146,0.2805612850802083,0.0,0.3275409454713016
0.2448475093412087,0.2189469992873707,0.0,0.0,0.2116347270673491,0.2765923313415844,0.3262877206537223,0.1844592503930404,0.2971051273038356,0.3004003481837075,0.1796521181015316,0.3224334220021878,0.3917444181045088,0.0,0.0,0.2367934935336331,0.3333122652424938,0.3421113288985813,0.0,0.2050563726395028,0.1885064900903455,0.290399714462234,0.0673770002746883,0.3990671867541974,0.2859813060390924,0.3179238964894824,0.1950445365478723,0.2572275431695875,0.3725272271919942,0.0,0.1208028650916449,0.3097805010751944,0.0,0.3748814714855867,0.4517298820021819,0.0,0.0,0.2901704847977493,0.6053805931027182,0.5401691801422147,0.1565298404768171,0.0,0.0,0.0,0.4048836172665224,0.3746094125465513,0.2769626595649996,0.0,0.0,0.0,0.0,0.0,0.0,0.0,0.4523372467888238,0.0,0.5371661620755608,0.0,0.0,0.0,0.5410985121282926,0.3814239495858658,0.3639853379438316,0.0,0.2269251243559722,0.0144618702645586,0.3886997358718087,0.0,0.3057329564266295,0.3304762531889158,0.3333294686587641,0.236573262692169,0.0,0.1683851941055767,0.0,0.4769704652124541
0.2628231998444083,0.1489351632555401,0.3084041158942663,0.3058348912182443,0.2636793415117887,0.332619774128693,0.3426073862403315,0.4922529670711297,0.3428448594324028,0.3140307756152337,0.1927386474610696,0.0213894596076532,0.4187370391937903,0.2057347949297031,0.2220497337949266,0.5840195991251604,0.4124243769043068,0.4388331617690218,0.229006904776517,0.2467947802299712,0.5434935657101793,0.3680690830824111,0.3450294467610872,0.0672655360270914,0.2338988226249471,0.0732262302361718,0.3096175390421097,0.4739442016942857,0.3926219355368593,0.1556610874728105,0.6464818658035585,0.2962409780964469,0.3748814714855867,0.0,0.1377820988581415,0.4112056388633677,0.2428254347526041,0.446169905613375,0.1978140876261967,0.696982763255038,0.4512021299188124,0.3753843360966353,0.3660225036498978,0.0,0.3119238638303102,0.3235650292865981,0.2017561662765552,0.0,0.0,0.0,0.2138012510943064,0.0,0.4338173142512946,0.0,0.2159416014226846,0.0,0.0077787353859851,0.0,0.0,0.0,0.1854172060236798,0.0,0.1787659307857074,0.0,0.0304258913518798,0.4588895534103415,0.1760183652226757,0.2150004106103019,0.2448374352330573,0.0972202753120208,0.1371952405003869,0.1828094260814683,0.1943269438436942,0.1834673851161478,0.0,0.0
0.0,0.0,0.0,0.0,0.0,0.0,0.0,0.0,0.0,0.0,0.0,0.0359315168784284,0.0,0.0,0.0,0.0,0.0,0.0,0.0,0.0,0.0,0.0,0.0,0.1063650271339399,0.0,0.0,0.0,0.0,0.0,0.0435648219264418,0.0,0.147648778745395,0.4517298820021819,0.1377820988581415,0.0,0.0,0.0,0.0,0.5286422793098879,0.0,0.0089827005590438,0.0549355671843454,0.0,0.0,0.0,0.0,0.0,0.0,0.0,0.0,0.0,0.0,0.0,0.0,0.0,0.0,0.2491604706473033,0.0,0.0,0.0,0.2459432869944405,0.0,0.0933961411067279,0.0,0.0,0.0,0.0,0.0,0.0,0.1042244187776995,0.0,0.0,0.0,0.0,0.0,0.0
0.0,0.0,0.2864396854088505,0.3702161334760067,0.429926574173939,0.2224856562678595,0.5049253351951449,0.6910596039649296,0.3982005251071585,0.5854780726902483,0.333190070212848,0.0,0.4534105441787759,0.5078430913286384,0.5970527014198397,0.0,0.0,0.0,0.2360208679153087,0.38755921868062,0.5999279644814106,0.4709568599077716,0.446869870209434,0.0,0.0,0.1771359543448543,0.3407632062551308,0.6207810638341655,0.3679024130222013,0.0,0.7749738219150083,0.0,0.0,0.4112056388633677,0.0,0.0,0.5754174661463285,0.6599395121069688,0.0,0.4098961269084336,0.1019599656374959,0.2133172703017248,0.6241116688973083,0.2180715177902151,0.0,0.0,0.0,0.321245352470331,0.0,0.0,0.0922588394833328,0.4975631188948661,0.7677183950133274,0.4027832076938638,0.0,0.5111346625477827,0.0,0.1975132991130525,0.408245689289215,0.0,0.0,0.0,0.0,0.2955132121426175,0.0,0.0,0.0,0.4982446202659373,0.0,0.0,0.0,0.230832862414417,0.2044388885064862,0.1441626446581957,0.0,0.0
0.0,0.0,0.0674434941433344,0.2836241995774895,0.379836549658009,0.0,0.4614578502773964,0.2170249976103392,0.237365029307073,0.6249025861776957,0.1146232282309211,0.3161669709649256,0.3570914317576534,0.171222087064691,0.0,0.0,0.0,0.0,0.0,0.3003954452448489,0.0,0.414415127314761,0.1235446106474647,0.0,0.0,0.0,0.1220654989438736,0.5155259480892798,0.2344646537727164,0.0,0.4656667169962892,0.0,0.0,0.2428254347526041,0.0,0.5754174661463285,0.0,0.3962921712384177,0.0,0.0,0.0,0.0,0.0,0.0,0.0,0.0,0.0,0.0,0.0,0.0,0.0,0.0,0.0,0.0,0.0,0.0,0.0,0.0,0.0,0.0,0.0,0.0,0.0,0.0,0.0,0.0,0.0,0.0,0.0,0.0,0.0,0.0,0.0,0.0,0.0,0.0
0.0,0.0,0.0,0.0,0.5614960547642279,0.0,0.656097719163069,0.0,0.5493763253683789,0.7270369504004635,0.4017288610276942,0.1537158176330028,0.6254108328434033,0.0,0.0,0.0,0.7186479311342233,0.0,0.0,0.0,0.0,0.0,0.0,0.018136801786433,0.3899117318562875,0.3811347408207001,0.0,0.6622098166589258,0.0,0.0,0.7226328556178613,0.058042726002616,0.2901704847977493,0.446169905613375,0.0,0.6599395121069688,0.3962921712384177,0.0,0.0,0.5719912389722963,0.0858269883802155,0.0,0.0,0.0,0.6463941715692144,0.0,0.0,0.0,0.0,0.0,0.0,0.0,0.0,0.0,0.3429341815342934,0.0,0.0724894744361391,0.0,0.0,0.0,0.0,0.0,0.0,0.0,0.0,0.0,0.0,0.0,0.2568797510547542,0.0,0.2132095667092347,0.0,0.0,0.0,0.0,0.0
0.4117718618604635,0.2806104921811396,0.1561630630617821,0.0,0.0,0.3725164730279623,0.0,0.0051775847640736,0.1626782218982433,0.0175787090805397,0.0157596466523817,0.2475551134326536,0.1741702429384544,0.0,0.0,0.0,0.0,0.1710052205040627,0.0,0.2355991424668984,0.0352964621658619,0.2279676857600391,0.1046968449399682,0.5355014298387433,0.4051420850269961,0.2917266708053451,0.1277269923591398,0.1098883738398222,0.3791613555961406,0.2472252397238355,0.0,0.6371364669518368,0.6053805931027182,0.1978140876261967,0.5286422793098879,0.0,0.0,0.0,0.0,0.2369041121109474,0.1300738544443077,0.0,0.0,0.0461083107606288,0.0916127237732902,0.523534406228213,0.2776403853648034,0.1288374122863154,0.2014375887633798,0.1278286832496143,0.4869836124492252,0.0174171647560966,0.0,0.1222650678757101,0.3442824228767602,0.0,0.5402560886490032,0.4731342543167841,0.1518420265063971,0.0508492111390558,0.6758495205892532,0.3560676159615318,0.5120674401601827,0.0,0.4563640192438039,0.0,0.5033449800487136,0.0,0.4175447876228998,0.5990559813629591,0.5047003180252809,0.3013636235127757,0.5029359961167986,0.3869325359291328,0.7327577869388041,0.791873925911343
0.4381211847489195,0.2796469030236409,0.0,0.0,0.0,0.0,0.0,0.0,0.0,0.3366169376246215,0.0,0.0414905658819657,0.0,0.0,0.2463911931126668,0.5209992081778089,0.4272340076241004,0.4822989629789931,0.0,0.2937602470451724,0.5365047418176504,0.3979744333578787,0.4676766552055226,0.3540794855380101,0.4388183986808023,0.2656467358248852,0.0,0.0,0.0,0.0,0.5456507121705647,0.3696759120312883,0.5401691801422147,0.696982763255038,0.0,0.4098961269084336,0.0,0.5719912389722963,0.2369041121109474,0.0,0.5445737084771296,0.1810480484480334,0.3656807916552255,0.1296435920217937,0.4680904265037423,0.4838346299879821,0.2723654631693673,0.0,0.0,0.2257409123668577,0.368067479986308,0.3641900370726337,0.4575309147947159,0.3545320314884672,0.2247146559614008,0.145610466820441,0.0556656146886752,0.3129513395864861,0.0,0.0,0.252069947826285,0.3284666944130484,0.2807371424394868,0.0,0.1345843179352381,0.4604033449948279,0.2512007444228227,0.2961753887658512,0.493553873786985,0.1739491123835446,0.3028549990231804,0.2714062061938165,0.3176968573613556,0.2969409736269201,0.0,0.0
0.2165769381809303,0.0,0.0,0.0,0.0,0.094602554335322,0.0,0.1154489585951181,0.0,0.0,0.0,0.0,0.0,0.0,0.0,0.2006991219586568,0.0,0.0479136386097897,0.0,0.0,0.1057877531124875,0.0,0.1466829354104691,0.2113700809834573,0.0790363094221639,0.0,0.0,0.0,0.0,0.0,0.1638746423087036,0.4943957064665704,0.1565298404768171,0.4512021299188124,0.0089827005590438,0.1019599656374959,0.0,0.0858269883802155,0.1300738544443077,0.5445737084771296,0.0,0.3862397096181321,0.1395894684986571,0.104645418326556,0.0,0.1448217610734175,0.0,0.0,0.0,0.0,0.1498438633825688,0.0,0.0,0.0,0.0,0.0,0.0,0.0,0.0,0.0787186732461922,0.0,0.0,0.0,0.0824685567259895,0.0,0.0835396563866228,0.0,0.015578606548561,0.2691823626121534,0.0,0.0,0.0,0.0,0.0506664009973672,0.0412280842456468,0.0
0.0,0.0,0.0,0.0,0.0,0.0,0.0,0.0,0.0,0.0,0.0,0.0,0.0,0.0,0.0,0.0,0.0,0.0,0.0,0.0,0.0,0.0,0.0,0.0,0.0,0.0,0.0,0.0,0.0,0.0,0.0,0.0,0.0,0.3753843360966353,0.0549355671843454,0.2133172703017248,0.0,0.0,0.0,0.1810480484480334,0.3862397096181321,0.0,0.0160367604625433,0.0453990481909642,0.0,0.0,0.0,0.0,0.0749642617656057,0.0,0.0,0.0,0.0,0.0,0.0,0.0,0.0,0.0,0.0,0.0,0.0,0.0,0.0,0.0,0.0,0.0512865256996472,0.0,0.0,0.0,0.0,0.0,0.0,0.0,0.0,0.0,0.0
0.0,0.0,0.4211550137529266,0.0,0.4228951257010723,0.3400059692094649,0.0,0.6711138789738494,0.4603306884837025,0.0,0.4288573378926766,0.0,0.5206852444036002,0.1323169108709689,0.0,0.0,0.0,0.0,0.3957531006782845,0.0,0.0,0.0,0.5005899460340996,0.0,0.0,0.0,0.423884914150409,0.5851534467409837,0.0,0.0,0.0,0.0218986821391963,0.0,0.3660225036498978,0.0,0.6241116688973083,0.0,0.0,0.0,0.3656807916552255,0.1395894684986571,0.0160367604625433,0.0,0.1560899336072439,0.4009257755929486,0.0,0.0,0.4019576042956208,0.2751625334293252,0.374799687455886,0.1835106420308774,0.6057583695122646,0.6575204008348935,0.483692345877903,0.1496191337086569,0.5202667791089285,0.0,0.2351437599570729,0.5016496971092479,0.0,0.0,0.2290417949083303,0.0,0.4179146046936463,0.0449741741409097,0.5853863612772829,0.1197711181780314,0.533867734685268,0.1304535441431258,0.0,0.0549351924949995,0.2761072549984028,0.1958443365544896,0.1611747673259979,0.0,0.0
0.0,0.0,0.0,0.0,0.0,0.0,0.0,0.0,0.0,0.0,0.0,0.0,0.0,0.0,0.0,0.0,0.0,0.0,0.0,0.0,0.0,0.0,0.0,0.0,0.0,0.0,0.0,0.0,0.0,0.0,0.0,0.0,0.0,0.0,0.0,0.2180715177902151,0.0,0.0,0.0461083107606288,0.1296435920217937,0.104645418326556,0.0453990481909642,0.1560899336072439,0.0,0.073079968835537,0.0,0.0,0.0459543692661487,0.1993874568941486,0.0840957701796755,0.1837154408434767,0.0759286939201551,0.1180981182129374,0.0748043385670667,0.3265889163440876,0.0,0.2232652443822072,0.2091905987883739,0.0511929644403201,0.0,0.0,0.0,0.0,0.0,0.0,0.0,0.0,0.1362512275885204,0.0,0.0,0.0,0.1410944352715723,0.3772644846473135,0.2972074423886406,0.0,0.2119419969374606
0.0,0.0,0.0,0.0,0.0,0.0,0.0,0.0,0.0,0.6933373995930189,0.0,0.5090315819090058,0.0,0.0,0.0,0.0,0.0,0.0,0.0,0.0,0.0,0.0,0.0,0.2211178642881753,0.0,0.3736104248618452,0.0,0.0,0.0,0.0,0.0,0.0786619954381376,0.4048836172665224,0.3119238638303102,0.0,0.0,0.0,0.6463941715692144,0.0916127237732902,0.4680904265037423,0.0,0.0,0.4009257755929486,0.073079968835537,0.0,0.3175424554129139,0.0,0.0,0.0,0.0,0.0,0.513896480667284,0.0,0.3677775949118248,0.5412968315219346,0.3646913982944263,0.426237966096798,0.4365231033108993,0.0,0.0,0.0,0.4377894636167457,0.0,0.0,0.0,0.0,0.0,0.0,0.3464852206414917,0.2298183246800939,0.3308329353596179,0.0,0.4276436240698438,0.0,0.0,0.0136224071309382
0.9092412273623328,0.5440892894239854,0.0,0.0,0.0,0.0,0.0,0.0,0.0,0.0,0.0,0.0,0.0,0.0,0.0,0.4416778014630247,0.0,0.5306148761378551,0.0,0.0,0.6330537486357309,0.6316159971214557,0.0,0.5502475129557903,0.7466650789722524,0.5061743335258446,0.0,0.0,0.0,0.0,0.267581784097141,0.3920782786907575,0.3746094125465513,0.3235650292865981,0.0,0.0,0.0,0.0,0.523534406228213,0.4838346299879821,0.1448217610734175,0.0,0.0,0.0,0.3175424554129139,0.0,0.4922249412443591,0.0,0.0,0.0,0.559165353203512,0.0,0.3126139859792051,0.0,0.3903566240083694,0.0,0.3468996051957817,0.5481417165265526,0.0,0.2980188943998434,0.6207319805828541,0.0,0.6070036869951374,0.0,0.5288959060258459,0.5472275764535103,0.6247908940411885,0.355749520280747,0.6503595894031212,0.6856126365883128,0.6999364005780309,0.5343771023918937,0.6080156907016614,0.6979789229905327,0.0,0.3989984747751496
