0.0,0.5450452573400243,0.0,0.0,0.0,0.3839695618986318,0.0,0.1819025160850799,0.0,0.4955942114775927,0.0,0.0,0.2733565176589014,0.0,0.6774629126113453,0.5656414939350476,0.6482091109360348,0.6427283821027105,0.0,0.6578247194287249,0.6884662392738413,0.7209717254761074,0.496941876091783,0.5123857990734539,0.6644084286175508,0.7032100243823288,0.4609841457226685,0.4440069255638393,0.5987698080986222,0.0,0.4598820256333379,0.3872312149622585,0.1519671433441442,0.0934908882716958,0.261431359041204,0.0,0.0,0.4699945063346841,0.4163492709704113,0.602213009382413,0.672187618017071,0.0,0.0,0.0,0.0,0.8070926973085845,0.0158590679142343,0.0,0.0,0.0,0.0,0.0,0.0,0.0,0.3438544457604943,0.0,0.0,0.0,0.0,0.0,0.6085862087062529,0.0,0.5357020551949006,0.0,0.0,0.6866138084721181,0.7096717631169451,0.0,0.4165276826760266,0.4613312901562623,0.4843996366108976,0.0,0.0,0.0,0.0,0.5913265355072714
0.5450452573400243,0.0,0.0,0.0,0.561293660757476,0.7146735496004001,0.6014186029534928,0.4252163457965531,0.6092330306628384,0.0,0.0,0.0,0.7120314473913814,0.0,0.5957917402125106,0.5472826890454229,0.7769258246734535,0.7021195536728606,0.0,0.6372604185544952,0.6604064130223049,0.7666332873832825,0.5126387960968343,0.0,0.9013354942347688,0.9278672973246218,0.483857999409933,0.4623543451050032,0.5613150581677262,0.0,0.3043476109831109,0.3663864712177961,0.1586322990096789,0.0674942869062634,0.3312379826206998,0.0,0.0,0.0,0.3031172375774693,0.4449425118046572,0.5610319127464978,0.1775815012954098,0.0,0.0,0.0,0.2317287490451473,0.0,0.0,0.0,0.0,0.6040243058317792,0.0,0.0,0.0,0.0,0.0,0.0,0.0,0.0,0.5962217617541336,0.3187868099532437,0.0,0.3239020591878345,0.0,0.7560541824739343,0.3559644363029264,0.6605759615318937,0.5805348635225198,0.0,0.3824773577331972,0.2299020213005758,0.807658470527361,0.0,0.5951076917954319,0.0,0.4322854839940589
0.0,0.0,0.0,0.0,0.6379037432690798,0.6721622402711682,0.2818916697522287,0.6067256711121737,0.8851850006144621,0.428830105345489,0.7583330333254377,0.2554282602870429,0.462306032573008,0.0964133578232804,0.0,0.0,0.0,0.0,0.8783830291671184,0.0,0.0,0.0,0.7498500747110647,0.0,0.0,0.0,0.5931922475492809,0.6127702327940244,0.0,0.0,0.3232366098725799,0.0701607647691291,0.2161972979124136,0.0152080158645333,0.030907445071634,0.039169772007056,0.0091244837578205,0.0,0.1488813438170859,0.0,0.3392231545015221,0.0,0.5470334005847205,0.0,0.0,0.0,0.0,0.9291578253996666,0.0,0.6606178227691718,0.7923658765685935,0.5506169775391638,0.672891628445375,0.866294640177732,0.0,0.7960775077322291,0.0,0.7205364382109597,0.3665552056601023,0.0,0.0,0.0,0.0,0.7728846635166008,0.0,0.0,0.0,0.7197691011560348,0.0,0.0,0.0,0.7044095055180832,0.6631731104438864,0.0,0.0,0.0
0.0,0.0,0.0,0.0,0.1635283098844223,0.1000951857630402,0.1447389215008677,0.0787633047796082,0.0,0.2032045758546191,0.0,0.2111707270531554,0.0796002274474025,0.2124826095587627,0.0,0.0,0.0,0.0,0.0531236769643374,0.0,0.0,0.0,0.0,0.0,0.0,0.0,0.0254668760376551,0.0816277754392838,0.0,0.0,0.186233952048429,0.0,0.0,0.2506036427735645,0.0772929509630913,0.4336492278322745,0.298469169485676,0.1233875449156098,0.0,0.0,0.0,0.0,0.0,0.0,0.0,0.0,0.0,0.0,0.0,0.0,0.0,0.0,0.0,0.0,0.0,0.0,0.0,0.0,0.0,0.0,0.0,0.0,0.0,0.0,0.0,0.0,0.0,0.0,0.0,0.0,0.0,0.0,0.0,0.0,0.0,0.0
0.0,0.561293660757476,0.6379037432690798,0.1635283098844223,0.0,0.6350653211497173,0.7720828436858403,0.3406618597377524,0.7703018962645761,0.6095840216463195,0.6208956375871643,0.142883422446904,0.5538374286488857,0.1944421049997785,0.0,0.5230941377405673,0.0,0.0,0.5866337803991184,0.7721877957851532,0.0,0.7098476080252939,0.5035366500266885,0.0,0.637520971893571,0.5560623964321895,0.7704887757849644,0.5078988619831433,0.6913849715999338,0.0,0.5307782201071856,0.2555511903256601,0.2760682949634752,0.1824022926201688,0.2635481868166789,0.2166677473940619,0.1501097383338242,0.3293267404993675,0.1884449124568039,0.0,0.0,0.0,0.4723524095994897,0.0,0.0,0.0,0.0,0.7215622797545295,0.0,0.6775599738411056,0.5349451537902229,0.0,0.3894898154052569,0.7496515341360297,0.0,0.6950507163786037,0.0,0.0,0.0,0.0,0.0,0.0,0.0,0.5620966103051109,0.0,0.0,0.0,0.5108999065778079,0.0,0.0,0.0,0.714128210740317,0.0,0.0,0.0,0.0
0.3839695618986318,0.7146735496004001,0.6721622402711682,0.1000951857630402,0.6350653211497173,0.0,0.5455598053572617,0.6953380226508721,0.7203020184547985,0.3974257091902012,0.4945611278993151,0.312273292457321,0.7459053728391821,0.1453201554434032,0.4564465348835257,0.3867339147659276,0.4984821336276807,0.4359420084677782,0.5071786931745127,0.6711995697875323,0.5486975924316979,0.5697460163801468,0.7818762471100237,0.0,0.6791416780397698,0.6981338181654402,0.5935168426553327,0.4711967907992817,0.548715316747252,0.0430975978756264,0.2852014547238201,0.2263055526975867,0.2850275511466018,0.2212320571258497,0.2690228973290164,0.148194161228025,0.2107716629285162,0.312277709092992,0.2104100508785121,0.0,0.3113794608084663,0.0,0.4112074202374972,0.0,0.0,0.0,0.2546578812864698,0.672084503522845,0.0,0.555186027324699,0.7813169619366305,0.6184441596573851,0.6439911597128938,0.7220393996948445,0.0,0.6413631955837478,0.0,0.7324184509836883,0.0,0.5176290023155403,0.0,0.0,0.0,0.4964145746343542,0.6183821095513763,0.3949684047649596,0.5524030868789352,0.6786037987252507,0.0,0.0,0.3722844283057124,0.6139057032240989,0.3617996827525429,0.4447090302162838,0.2012447147917226,0.1490824174122744
0.0,0.6014186029534928,0.2818916697522287,0.1447389215008677,0.7720828436858403,0.5455598053572617,0.0,0.1035383300192354,0.4983889892079644,0.6331132104157563,0.2834439006537971,0.0,0.5928525787656287,0.155026857178744,0.0,0.6316850822880153,0.6885577609104274,0.7029917057752018,0.2448318179457088,0.532405992595402,0.0,0.6714747471862155,0.2911735458823848,0.0,0.7330051506631442,0.4741814507212751,0.7465354485262589,0.3644356345336826,0.7556311468314437,0.0,0.5812140352937752,0.3957145213462217,0.2421482655147142,0.2651558801615193,0.4133047612061033,0.1214326860389733,0.1091176262154214,0.2488872815480131,0.2815206799249622,0.0,0.3211250474599437,0.0,0.3386958889716946,0.0,0.0,0.0,0.0,0.3844843928300488,0.0,0.0,0.3453184436578257,0.0,0.1069789489024009,0.5010397977001873,0.0,0.3712302639265319,0.0,0.0,0.0,0.0,0.0,0.0,0.0,0.2075001890148354,0.0,0.0,0.0,0.3298391257321905,0.0,0.0,0.0,0.678056796539228,0.0,0.0,0.0,0.0
0.1819025160850799,0.4252163457965531,0.6067256711121737,0.0787633047796082,0.3406618597377524,0.6953380226508721,0.1035383300192354,0.0,0.5018825989397304,0.3584764002401109,0.5022759113024438,0.6840979714429873,0.553273301432409,0.1823739398988851,0.1414798801328891,0.0,0.0,0.0,0.4435565700164699,0.382327369849756,0.3915578155208882,0.169803854779774,0.7106343624691717,0.4185837508871029,0.2039496051572422,0.4399239421906193,0.2256755125969438,0.46721217312045,0.0359351564127866,0.077747745592541,0.0863676671990687,0.0,0.350420603278947,0.219720676668106,0.005595027153405,0.360243574431127,0.2150980910543677,0.0,0.0,0.0,0.0134530777920171,0.0,0.3748671178852634,0.0,0.0,0.0,0.0,0.578617029441061,0.0,0.3973439773375358,0.5278456020637796,0.327231177309009,0.8814779071030351,0.5126054160888706,0.0,0.6165759235027004,0.0,0.492137392824909,0.2228606232365065,0.1980573979860717,0.0,0.0,0.0,0.4741501822338806,0.3281600455387281,0.2733165406892844,0.0,0.5838395131082629,0.0,0.0,0.0,0.27363130974921,0.22061774788298,0.0309018686070267,0.0,0.0
0.0,0.6092330306628384,0.8851850006144621,0.0,0.7703018962645761,0.7203020184547985,0.4983889892079644,0.5018825989397304,0.0,0.5229052696184685,0.7873340530870058,0.1461768264354673,0.5552445111312903,0.0,0.0,0.3780025034564364,0.0,0.5205292563308278,0.7376193947696705,0.8505223521720952,0.0,0.7240383708704465,0.6611016884518375,0.5023995280236115,0.6428614892791391,0.7173759193176367,0.7489487991661978,0.6159360777519827,0.6160236488996835,0.1788398709519042,0.3619352039655651,0.2227676840165167,0.1807514774866687,0.0122053532569616,0.1379245322421254,0.0,0.0317027782583319,0.4198527407175366,0.2618549743643912,0.0,0.4456547028890274,0.0,0.5745922900909306,0.0,0.0,0.0,0.0,0.9371098676281172,0.0,0.7491873654551326,0.7683210381139458,0.6614099594544615,0.5981372383044891,0.997116497188476,0.0,0.8063627745934199,0.0,0.7867834634372554,0.2343153619751742,0.0,0.0,0.0,0.0,0.6459752312231327,0.0,0.0,0.0,0.6968170231501956,0.0,0.0,0.0,0.8244879705434326,0.64760571304358,0.0,0.0,0.0
0.4955942114775927,0.0,0.428830105345489,0.2032045758546191,0.6095840216463195,0.3974257091902012,0.6331132104157563,0.3584764002401109,0.5229052696184685,0.0,0.4843733969516215,0.2016565947072836,0.4628843965058842,0.0,0.0,0.5250812096294003,0.6998054132338349,0.5541928486192789,0.4388004717031659,0.5126331622896932,0.0,0.560614097683648,0.3827234840537358,0.259559069389725,0.6191273553271264,0.5399010344037644,0.5312508893617812,0.5970734630414449,0.5152447108906439,0.0,0.5913263626565333,0.0960009847056485,0.2771229321270002,0.2764261654171653,0.2451352866405834,0.2268661356958982,0.0934731544675048,0.2892890669102062,0.0,0.5034793527935021,0.3581301105029598,0.0,0.0,0.0,0.0883459483435172,0.3915657479002462,0.0,0.0,0.0,0.0,0.0,0.0,0.0,0.0,0.7082656969540323,0.0,0.108752344922563,0.4615686988981481,0.0,0.0,0.0,0.4124442433246349,0.4390826109191027,0.0,0.0,0.0,0.0,0.0,0.1101579227126108,0.5033977053219234,0.1486939926219631,0.0,0.4457606426818134,0.0,0.0,0.331553705052013
0.0,0.0,0.7583330333254377,0.0,0.6208956375871643,0.4945611278993151,0.2834439006537971,0.5022759113024438,0.7873340530870058,0.4843733969516215,0.0,0.2597677889760625,0.4152656854115396,0.1536469862687504,0.0,0.0,0.3536065486997441,0.0,0.7442216457550537,0.0,0.0,0.0,0.5068828428626795,0.4058127293628794,0.0,0.5098462690648525,0.5585586793053787,0.5536313153222706,0.0,0.0,0.3295440815021756,0.0166174291994567,0.1161627450488033,0.0256335703846194,0.0,0.140573326683012,0.0,0.3580721291372967,0.0971636043954727,0.0,0.0,0.0,0.5614609973969253,0.0,0.0,0.0,0.0,0.7331198972690263,0.0,0.6755568777284422,0.5664996381259524,0.4404399344999619,0.5301466967701052,0.7360120898174285,0.0,0.8279175474813868,0.0,0.5658559306250037,0.305725962871694,0.0,0.0,0.0,0.0,0.6672094415206059,0.0,0.0,0.0,0.5500266494942987,0.0,0.0,0.0,0.6252424297855284,0.6340048479516633,0.0,0.0,0.0
0.0,0.0,0.2554282602870429,0.2111707270531554,0.142883422446904,0.312273292457321,0.0,0.6840979714429873,0.1461768264354673,0.2016565947072836,0.2597677889760625,0.0,0.4465391894820187,0.0,0.0,0.0,0.0,0.0,0.3175473960777619,0.0,0.0,0.0,0.2599360753126723,0.2274198896630246,0.0,0.0517155806555128,0.0,0.4011079501626887,0.0,0.0,0.0149753204062767,0.0,0.21151327250792,0.1797563985813053,0.0,0.5151563782127727,0.1936397859949886,0.0,0.0,0.0171113019969199,0.0,0.0,0.0729537759088142,0.0,0.0,0.0,0.0,0.0,0.0,0.0,0.0,0.0,0.0,0.0,0.2336261310445657,0.0,0.8345369666323172,0.0940203187039528,0.0,0.0,0.0,0.2419590715599286,0.0,0.0,0.0,0.0,0.0,0.0,0.1001713134351463,0.0,0.105991596963633,0.0,0.0622157448241381,0.0,0.0,0.0
0.2733565176589014,0.7120314473913814,0.462306032573008,0.0796002274474025,0.5538374286488857,0.7459053728391821,0.5928525787656287,0.553273301432409,0.5552445111312903,0.4628843965058842,0.4152656854115396,0.4465391894820187,0.0,0.1017777059972461,0.4186816312365477,0.502938006272569,0.6501629777482577,0.5550615695424664,0.4172037647886567,0.468921663189079,0.5240663099537102,0.4663402313886386,0.430180936707112,0.3464706619041673,0.5656282816170204,0.6914094267546692,0.3393248944558787,0.6594628655924298,0.4120027646710468,0.104907666757839,0.3469680517755696,0.1506372133743226,0.1992690001610587,0.1999402122140782,0.2120501616516372,0.0845510965009688,0.1901359825359143,0.2358695608573442,0.1017056227110736,0.2403241456673059,0.3145092611178663,0.0,0.3446680925389742,0.0,0.1264296063219266,0.0,0.0,0.4834338388611665,0.0,0.0,0.4395513346273542,0.3563839109334991,0.4181990248703873,0.0,0.0,0.505989635839651,0.3988025845542575,0.0,0.0,0.3710037317741133,0.0,0.0,0.0,0.0,0.462126134963079,0.0,0.369127695096446,0.3570517229510681,0.0,0.1954668224500796,0.145758042507567,0.4398609060197563,0.0,0.3174497867991416,0.0,0.0
0.0,0.0,0.0964133578232804,0.2124826095587627,0.1944421049997785,0.1453201554434032,0.155026857178744,0.1823739398988851,0.0,0.0,0.1536469862687504,0.0,0.1017777059972461,0.0,0.0,0.0,0.0,0.0,0.1416008223407958,0.0,0.0,0.0,0.1327508058040019,0.0,0.0,0.0,0.0662005353947478,0.0698107823263086,0.0,0.0,0.2087187898980444,0.0,0.0,0.1490974566303805,0.0,0.5239935977918045,0.2172137912819836,0.0,0.0,0.0,0.0,0.0,0.155201376423945,0.0,0.0,0.0,0.0,0.0396031980813101,0.0,0.0,0.0,0.0,0.0,0.0,0.0,0.2085090096223462,0.0,0.0,0.0,0.0,0.0,0.0,0.0,0.0,0.0,0.0,0.0,0.089894597955984,0.0,0.0,0.0,0.0,0.0,0.0,0.0,0.0
0.6774629126113453,0.5957917402125106,0.0,0.0,0.0,0.4564465348835257,0.0,0.1414798801328891,0.0,0.0,0.0,0.0,0.4186816312365477,0.0,0.0,0.6038387460501474,0.0,0.6729228586068066,0.0,0.7994878325749067,0.7991807071677539,0.8612690128312523,0.4115437047152769,0.2933987139315397,0.6713861349773602,0.6329348799354535,0.6738851979224973,0.4126289140380875,0.6959731872866463,0.0,0.5564786414483309,0.4989870760522584,0.0151379580177557,0.1249995451029982,0.313701520821397,0.0,0.0,0.0,0.482087015619897,0.3643061020558226,0.6302289451976394,0.0804570749168931,0.5378249979153699,0.0,0.0,0.0,0.0,0.0,0.0,0.0,0.5257295768747205,0.0,0.2449280551778718,0.0,0.0,0.0,0.0,0.5948380165948114,0.0,0.9287339034949652,0.6633597928626097,0.0,0.0,0.0,0.8200623738332817,0.5768805199665697,0.8568728660607572,0.5325364560270938,0.0,0.4051111661904535,0.3357788458661891,0.8041091575357511,0.5273965089036967,0.8150978561992785,0.0,0.6457336169540163
0.5656414939350476,0.5472826890454229,0.0,0.0,0.5230941377405673,0.3867339147659276,0.6316850822880153,0.0,0.3780025034564364,0.5250812096294003,0.0,0.0,0.502938006272569,0.0,0.6038387460501474,0.0,0.8236304214208959,0.8754646796501858,0.0,0.5322080983659119,0.585645162846933,0.7310525208957934,0.2257995855301966,0.0971412514938311,0.6793324679058557,0.5294169287367051,0.4321577649941704,0.5652908247297008,0.6893715737475014,0.2174721627672647,0.7098740848455227,0.4269492675023828,0.1597107372514785,0.3291381225331918,0.4243006359613278,0.0,0.0,0.0,0.3042980909507663,0.2750616598998872,0.5299931186423384,0.1852651186335353,0.0,0.0,0.0,0.5914117703998075,0.0,0.0,0.0,0.0,0.0,0.0,0.0,0.0,0.0,0.0,0.0,0.0,0.0,0.5510140299662831,0.7576988575459442,0.0,0.8238279216179124,0.0,0.4857879940576965,0.4276258046703679,0.5326133152920626,0.2497285643482517,0.0,0.4056672824974832,0.1050214003876254,0.5000859946044455,0.0,0.6245534531953307,0.0,0.5628830771187593
0.6482091109360348,0.7769258246734535,0.0,0.0,0.0,0.4984821336276807,0.6885577609104274,0.0,0.0,0.6998054132338349,0.3536065486997441,0.0,0.6501629777482577,0.0,0.0,0.8236304214208959,0.0,0.9299098538012917,0.0,0.566650420888653,0.0,0.7631620757481284,0.0,0.358365350236708,0.8214254520901456,0.7902030402597011,0.0,0.573697456437031,0.6304859743590335,0.0,0.5674719678208989,0.4823286733867562,0.1812577821387913,0.1356606324531909,0.3339060365858725,0.0,0.0,0.3770193023620287,0.0,0.4448711438341611,0.0,0.0,0.0,0.0,0.0,0.0,0.0,0.0,0.0,0.0,0.0,0.0,0.0,0.0,0.4575437021493284,0.0,0.0,0.0,0.0,0.0,0.0,0.5088863093892224,0.7028940437344926,0.0,0.0,0.0,0.0,0.0,0.1572273664358345,0.4020408497501074,0.1646038181767528,0.0,0.0,0.0,0.0,0.0
0.6427283821027105,0.7021195536728606,0.0,0.0,0.0,0.4359420084677782,0.7029917057752018,0.0,0.5205292563308278,0.5541928486192789,0.0,0.0,0.5550615695424664,0.0,0.6729228586068066,0.8754646796501858,0.9299098538012917,0.0,0.0,0.5730316803746501,0.6290222041943468,0.788783857106832,0.2514383179748406,0.2866594550905767,0.8491103564278613,0.7150761868205394,0.5566039884515714,0.4849730049368499,0.7559435190080954,0.0979828233177077,0.5353678988875002,0.5343626577181791,0.0929774342429319,0.0598904445453653,0.3482643432596519,0.0,0.0,0.0,0.465021947161687,0.3440675620199488,0.5934748453471239,0.1894632139952156,0.0,0.0,0.0,0.5458248046828486,0.0,0.0,0.0,0.0,0.0,0.0,0.0,0.0,0.3651264937989625,0.0,0.0,0.0,0.0,0.0,0.7570328728466413,0.4023816175023109,0.757269021165209,0.0,0.0,0.0,0.650362303641281,0.0,0.1111395482869675,0.4063300665049906,0.1715363779046646,0.0,0.0,0.0,0.0,0.6696104417323672
0.0,0.0,0.8783830291671184,0.0531236769643374,0.5866337803991184,0.5071786931745127,0.2448318179457088,0.4435565700164699,0.7376193947696705,0.4388004717031659,0.7442216457550537,0.3175473960777619,0.4172037647886567,0.1416008223407958,0.0,0.0,0.0,0.0,0.0,0.0,0.0,0.0,0.5500730490983924,0.0,0.0,0.0,0.4743669752664827,0.6883214858940115,0.0,0.0,0.4279434290351327,0.0,0.0,0.0347950779413709,0.0,0.1185126146060423,0.0,0.2790195126040379,0.002576313709159,0.0,0.0,0.0,0.4386605785108756,0.0,0.0,0.0,0.0,0.7710464515571639,0.0,0.5871150483869976,0.6095051284894102,0.433008034134878,0.5002723687428999,0.6972288771612875,0.0,0.7062934556985015,0.0,0.631517790233222,0.4112947850437278,0.0,0.0,0.0,0.0,0.8431706428101737,0.0,0.0,0.0,0.5349117888826621,0.0,0.0,0.0,0.5516418304121843,0.0,0.0,0.0,0.0
0.6578247194287249,0.6372604185544952,0.0,0.0,0.7721877957851532,0.6711995697875323,0.532405992595402,0.382327369849756,0.8505223521720952,0.5126331622896932,0.0,0.0,0.468921663189079,0.0,0.7994878325749067,0.5322080983659119,0.566650420888653,0.5730316803746501,0.0,0.0,0.6734258115237673,0.9057133110805172,0.5918253520636075,0.0,0.7010112231282984,0.6783460238162855,0.8081982972454517,0.5447536853761895,0.7579285898941397,0.1775061875457691,0.4911295353903308,0.3681064291172075,0.1811172559241246,0.1297919872193926,0.2813363907543942,0.0193410983227013,0.0570835377296406,0.0,0.3150451903864728,0.4346265703577102,0.5380175348395335,0.1068566893659717,0.5453370202439629,0.0,0.0,0.0,0.1113730251415285,0.0,0.0,0.0,0.6810939093348553,0.0,0.493211129410522,0.0,0.0,0.0,0.0,0.6689233056802164,0.0,0.8223633176193491,0.4758588856152534,0.0,0.0,0.0,0.9525739935436104,0.571022887387796,0.9080934037432312,0.6711986541934024,0.0,0.5135575545771397,0.4347379331047281,0.8599186565639041,0.5413155045118536,0.7537568904965509,0.5063402304919546,0.4793591419250564
0.6884662392738413,0.6604064130223049,0.0,0.0,0.0,0.5486975924316979,0.0,0.3915578155208882,0.0,0.0,0.0,0.0,0.5240663099537102,0.0,0.7991807071677539,0.585645162846933,0.0,0.6290222041943468,0.0,0.6734258115237673,0.0,0.7346387944764561,0.5687634421707842,0.3534290601362506,0.6910037067994196,0.6540222015204021,0.5492598889680176,0.5202530230257034,0.6749226241717738,0.0,0.5772462934291125,0.4004804735063114,0.1209533222120024,0.2119125854371786,0.3865599879619692,0.0,0.0,0.0,0.355659051140923,0.3985000046975316,0.5642156709278737,0.0461052433321659,0.0,0.0,0.0,0.5351528753383269,0.0,0.0,0.0,0.0,0.5661872768096669,0.0,0.4612387443395941,0.0,0.0,0.0,0.0,0.663223508358987,0.0,0.7574659194155204,0.5519288388794233,0.0,0.0,0.0,0.6727908501682021,0.7219762986944944,0.7046121136662641,0.6307281982745644,0.0,0.438939816443576,0.3491432381358495,0.6872562407344417,0.4938457149156091,0.7043038835582555,0.0,0.4811936084383256
0.7209717254761074,0.7666332873832825,0.0,0.0,0.7098476080252939,0.5697460163801468,0.6714747471862155,0.169803854779774,0.7240383708704465,0.560614097683648,0.0,0.0,0.4663402313886386,0.0,0.8612690128312523,0.7310525208957934,0.7631620757481284,0.788783857106832,0.0,0.9057133110805172,0.7346387944764561,0.0,0.4541394514113703,0.0,0.8773229093031422,0.7478994399630235,0.7948698037425079,0.4933561172595267,0.8394123608559353,0.0792694837798832,0.5697435693977062,0.5472574934481068,0.1153058861232585,0.1084233799818556,0.3762199885787219,0.0,0.0403868482728039,0.0,0.4835701618515868,0.43175442838607,0.6421920816133518,0.2198245178936448,0.5383465318863584,0.0,0.0,0.5338006620696668,0.0,0.0,0.0,0.0,0.5900194016430853,0.0,0.0,0.0,0.0,0.0,0.0,0.0,0.0,0.8501732284784036,0.6722840112317583,0.0,0.5470028876191497,0.0,0.9320883467091532,0.5535999024178522,0.9250218715355965,0.5650121076270632,0.0,0.5416923424978488,0.318790453705189,0.9591730744686549,0.5579741220084868,0.8855100497403574,0.0,0.6475738580017653
0.496941876091783,0.5126387960968343,0.7498500747110647,0.0,0.5035366500266885,0.7818762471100237,0.2911735458823848,0.7106343624691717,0.6611016884518375,0.3827234840537358,0.5068828428626795,0.2599360753126723,0.430180936707112,0.1327508058040019,0.4115437047152769,0.2257995855301966,0.0,0.2514383179748406,0.5500730490983924,0.5918253520636075,0.5687634421707842,0.4541394514113703,0.0,0.5379467351294398,0.4781206911091651,0.6247132306547356,0.4924967267355227,0.4003730687178668,0.3939505435534154,0.1262587653236476,0.167125833008892,0.1736790419593983,0.1788283727576202,0.0656828282375764,0.0524408125563941,0.1402377003012491,0.1135268168661736,0.3396199929379551,0.2288175677231353,0.3866185285960243,0.2687586551049044,0.0,0.435721724705708,0.394998941803909,0.0,0.0,0.3725526894405766,0.7346583380808849,0.0,0.4745950876718295,0.8137256696687453,0.4707327642871401,0.7728779479587029,0.6623254342754141,0.0,0.6362615580307115,0.0,0.6849568166159796,0.2369414588848961,0.5047923332684041,0.0,0.0,0.0,0.5196844333636563,0.5492315986293279,0.53256078452423,0.5219499389955656,0.9230732429342328,0.0,0.4972570080878173,0.6233076547499627,0.5226651990912047,0.3652936483228709,0.4255602203142847,0.2254924388731179,0.1844551412581678
0.5123857990734539,0.0,0.0,0.0,0.0,0.0,0.0,0.4185837508871029,0.5023995280236115,0.259559069389725,0.4058127293628794,0.2274198896630246,0.3464706619041673,0.0,0.2933987139315397,0.0971412514938311,0.358365350236708,0.2866594550905767,0.0,0.0,0.3534290601362506,0.0,0.5379467351294398,0.0,0.2994868279315422,0.6922997758427536,0.0954174478821449,0.3628076194249027,0.0,0.0,0.0197062570579887,0.1582221516566591,0.0,0.0,0.0,0.0,0.0,0.4795768249567194,0.3045826764284579,0.5054673889837512,0.4342076372800434,0.0,0.0,0.0,0.587736765701857,0.2673532839116137,0.0,0.0,0.0,0.0,0.0,0.0,0.0,0.0,0.1824161686476262,0.0,0.4287734719109763,0.0,0.0,0.0,0.2120817801981048,0.1703148245115166,0.2250636295095801,0.0,0.0,0.0,0.0,0.0,0.8702135966797045,0.1717209192937841,0.7308272475127058,0.0,0.5029399896306715,0.0,0.0,0.4169769710446988
0.6644084286175508,0.9013354942347688,0.0,0.0,0.637520971893571,0.6791416780397698,0.7330051506631442,0.2039496051572422,0.6428614892791391,0.6191273553271264,0.0,0.0,0.5656282816170204,0.0,0.6713861349773602,0.6793324679058557,0.8214254520901456,0.8491103564278613,0.0,0.7010112231282984,0.6910037067994196,0.8773229093031422,0.4781206911091651,0.2994868279315422,0.0,0.837549473476659,0.6979709712330562,0.3948801442094631,0.7690418725124631,0.0,0.4115649450978256,0.5082856562659633,0.1753897795375804,0.0589050977760358,0.3959544226503787,0.0,0.0,0.3911652080342605,0.4545442958503586,0.4311694096311423,0.6344295483067082,0.2353689577829856,0.0,0.0,0.0,0.4263261420811483,0.0,0.0,0.0,0.0,0.0,0.0,0.0,0.0,0.2973028432745106,0.0,0.0,0.6143752242479784,0.0,0.7328803429995941,0.5272114687056854,0.1386991189272924,0.4757886646042908,0.0,0.8045656998604167,0.4793852109380467,0.756680588399415,0.5396026952118588,0.0673410177106348,0.5356055166144448,0.2070798741836308,0.0,0.0,0.7600419657911971,0.0,0.5495399661180567
0.7032100243823288,0.9278672973246218,0.0,0.0,0.5560623964321895,0.6981338181654402,0.4741814507212751,0.4399239421906193,0.7173759193176367,0.5399010344037644,0.5098462690648525,0.0517155806555128,0.6914094267546692,0.0,0.6329348799354535,0.5294169287367051,0.7902030402597011,0.7150761868205394,0.0,0.6783460238162855,0.6540222015204021,0.7478994399630235,0.6247132306547356,0.6922997758427536,0.837549473476659,0.0,0.47511565208141,0.4869514571110409,0.5159354751107893,0.0,0.2411563498668122,0.4216232744363776,0.1337398291496464,0.0,0.2420655284457359,0.0,0.0,0.4636724722806539,0.408040469434095,0.546051360143863,0.6439722154618337,0.1686631784522493,0.0,0.0,0.4526306445239781,0.3653229440137993,0.0,0.0,0.0,0.0,0.7026132562339622,0.0,0.0,0.0,0.2174681559657556,0.0,0.1171924471613623,0.7627819427904756,0.0,0.6445153608668771,0.4011522138662352,0.1665358926520792,0.3975979356887185,0.0,0.7994102005461323,0.3779187038444087,0.7402631726430603,0.6357028668853522,0.4020748574517829,0.3690276682862521,0.4547514307818545,0.7716820242123464,0.5195899236558772,0.6184432998183785,0.0,0.5204267811635029
0.4609841457226685,0.483857999409933,0.5931922475492809,0.0254668760376551,0.7704887757849644,0.5935168426553327,0.7465354485262589,0.2256755125969438,0.7489487991661978,0.5312508893617812,0.5585586793053787,0.0,0.3393248944558787,0.0662005353947478,0.6738851979224973,0.4321577649941704,0.0,0.5566039884515714,0.4743669752664827,0.8081982972454517,0.5492598889680176,0.7948698037425079,0.4924967267355227,0.0954174478821449,0.6979709712330562,0.47511565208141,0.0,0.3477128057178843,0.8345647393962289,0.0461722862458708,0.4425276236088829,0.3577147209127363,0.2022948057455374,0.0720975593455729,0.2915738293418432,0.0432893457817569,0.0275437531953125,0.3198695377175712,0.2834727671897702,0.306338234561021,0.2916897943738617,0.038300086800767,0.4993119806791115,0.4255808205951127,0.0,0.0,0.2372957085166887,0.6771617385258044,0.0,0.639931301556732,0.5459563560528674,0.769646846415134,0.2785434268460852,0.7505971417136754,0.0,0.6239555962390269,0.0,0.5086377777778237,0.0609299220864899,0.7279210319370567,0.0,0.0,0.0,0.4669971899691804,0.7769115775633797,0.5026867847537372,0.7232531200281417,0.526530396985837,0.0,0.0,0.2421503843187504,0.8384947974331947,0.3852194484970123,0.6949471908998247,0.3410922303581529,0.3776006583940016
0.4440069255638393,0.4623543451050032,0.6127702327940244,0.0816277754392838,0.5078988619831433,0.4711967907992817,0.3644356345336826,0.46721217312045,0.6159360777519827,0.5970734630414449,0.5536313153222706,0.4011079501626887,0.6594628655924298,0.0698107823263086,0.4126289140380875,0.5652908247297008,0.573697456437031,0.4849730049368499,0.6883214858940115,0.5447536853761895,0.5202530230257034,0.4933561172595267,0.4003730687178668,0.3628076194249027,0.3948801442094631,0.4869514571110409,0.3477128057178843,0.0,0.4772297175212233,0.6079637659960119,0.6286098736311159,0.0,0.1434595096557434,0.2658211669937657,0.054436851514378,0.1195655303497941,0.1846230824165887,0.2025695441368272,0.0,0.385888427714838,0.2937398980595243,0.0,0.4030108592083875,0.0,0.0894252738145448,0.0,0.0,0.545826067529302,0.0,0.0,0.4231423813148629,0.0,0.4609069179971803,0.5740637828826767,0.5820317018047656,0.0,0.2830240047331476,0.6299737530551759,0.0,0.3961981691431494,0.0,0.0,0.0,0.0,0.518681173401787,0.4689785222499342,0.4493505614902978,0.4072851438143292,0.0,0.2851473313500745,0.2490751875546336,0.4500687578526543,0.8020168118946063,0.4246842698092827,0.0,0.4497954271324075
0.5987698080986222,0.5613150581677262,0.0,0.0,0.6913849715999338,0.548715316747252,0.7556311468314437,0.0359351564127866,0.6160236488996835,0.5152447108906439,0.0,0.0,0.4120027646710468,0.0,0.6959731872866463,0.6893715737475014,0.6304859743590335,0.7559435190080954,0.0,0.7579285898941397,0.6749226241717738,0.8394123608559353,0.3939505435534154,0.0,0.7690418725124631,0.5159354751107893,0.8345647393962289,0.4772297175212233,0.0,0.2409274191734177,0.617099357868527,0.4218661915888046,0.0766682473318259,0.1364241287676662,0.4083598231206224,0.0,0.055938088754813,0.0,0.3824822726285221,0.255866495389752,0.4586109718240838,0.1169525130961411,0.4227957286363589,0.0,0.0,0.0,0.0,0.502136984497541,0.0,0.0,0.4982441786860425,0.5868205474576916,0.1351365553593233,0.60584357468778,0.0,0.0,0.0,0.5330254168455016,0.0,0.7433443586643723,0.0,0.0,0.0,0.0,0.7259709911068651,0.6051899630865937,0.7191813361405743,0.4665554942382205,0.0,0.0,0.2109126437361287,0.779164657711372,0.4966248565766816,0.8346658137031935,0.532874204086386,0.554553235794381
0.0,0.0,0.0,0.0,0.0,0.0430975978756264,0.0,0.077747745592541,0.1788398709519042,0.0,0.0,0.0,0.104907666757839,0.0,0.0,0.2174721627672647,0.0,0.0979828233177077,0.0,0.1775061875457691,0.0,0.0792694837798832,0.1262587653236476,0.0,0.0,0.0,0.0461722862458708,0.6079637659960119,0.2409274191734177,0.0,0.3859380491574868,0.0,0.0,0.0912638651118005,0.0,0.0,0.0,0.0,0.0,0.0,0.0,0.0,0.0,0.0,0.0,0.0,0.0,0.0,0.0,0.0,0.0,0.0,0.0,0.0,0.0,0.0,0.0,0.0,0.0,0.0,0.0,0.0,0.0,0.0,0.1423999817779876,0.0,0.0,0.110192328823573,0.0,0.0,0.0,0.0516211183792706,0.0,0.1702101858838268,0.0,0.0
0.4598820256333379,0.3043476109831109,0.3232366098725799,0.186233952048429,0.5307782201071856,0.2852014547238201,0.5812140352937752,0.0863676671990687,0.3619352039655651,0.5913263626565333,0.3295440815021756,0.0149753204062767,0.3469680517755696,0.2087187898980444,0.5564786414483309,0.7098740848455227,0.5674719678208989,0.5353678988875002,0.4279434290351327,0.4911295353903308,0.5772462934291125,0.5697435693977062,0.167125833008892,0.0197062570579887,0.4115649450978256,0.2411563498668122,0.4425276236088829,0.6286098736311159,0.617099357868527,0.3859380491574868,0.0,0.1434786527574014,0.2279809641471318,0.539887004338678,0.3015523828969471,0.2269469879216433,0.1268748380032007,0.2168257991874597,0.0634887518406166,0.3197137092671725,0.3695766959326764,0.0,0.3224391872918866,0.0,0.0,0.0,0.0,0.0,0.0,0.0,0.2668938837648913,0.0,0.1361523360281525,0.0,0.5199953919522808,0.0,0.0,0.0,0.0,0.4814449021740444,0.5843214826667401,0.415143100326589,0.6011853269928009,0.0,0.4276911922197825,0.5649726816463799,0.4651428208351819,0.2707242026656252,0.0269309149854598,0.3954407815264935,0.0643220479347444,0.4311687228417388,0.5645435771878048,0.5297492431910821,0.0,0.5416417878214501
0.3872312149622585,0.3663864712177961,0.0701607647691291,0.0,0.2555511903256601,0.2263055526975867,0.3957145213462217,0.0,0.2227676840165167,0.0960009847056485,0.0166174291994567,0.0,0.1506372133743226,0.0,0.4989870760522584,0.4269492675023828,0.4823286733867562,0.5343626577181791,0.0,0.3681064291172075,0.4004804735063114,0.5472574934481068,0.1736790419593983,0.1582221516566591,0.5082856562659633,0.4216232744363776,0.3577147209127363,0.0,0.4218661915888046,0.0,0.1434786527574014,0.0,0.0,0.0,0.4466275750450905,0.0,0.0,0.2232348438131307,0.8136931298301601,0.1456050464213577,0.5253543463513983,0.4099377246189435,0.3202598658698007,0.4132942714828119,0.2489178777478569,0.339330369213971,0.0407899221472546,0.1937192741362858,0.0,0.0771864782149776,0.2234508239762516,0.14084858414167,0.0,0.2321227024364859,0.0,0.078930952413718,0.0,0.2447556741134943,0.0,0.5008918990704915,0.4752821191698974,0.0281438987933233,0.2611047784432214,0.0,0.3706706834130109,0.2037629233141071,0.5135032456003362,0.2376610504592439,0.0257586160314432,0.2585985691007189,0.2460319422848785,0.3818266680193389,0.0093829279218981,0.4614056315726754,0.0,0.3432246147888689
0.1519671433441442,0.1586322990096789,0.2161972979124136,0.0,0.2760682949634752,0.2850275511466018,0.2421482655147142,0.350420603278947,0.1807514774866687,0.2771229321270002,0.1161627450488033,0.21151327250792,0.1992690001610587,0.0,0.0151379580177557,0.1597107372514785,0.1812577821387913,0.0929774342429319,0.0,0.1811172559241246,0.1209533222120024,0.1153058861232585,0.1788283727576202,0.0,0.1753897795375804,0.1337398291496464,0.2022948057455374,0.1434595096557434,0.0766682473318259,0.0,0.2279809641471318,0.0,0.0,0.538444376600678,0.2699830879526937,0.319705088543227,0.2455049363602083,0.3234667699909558,0.0,0.4913906602627488,0.0644815562042259,0.0191239775934059,0.0,0.0,0.0,0.0618166311914719,0.1080431452459501,0.0,0.0,0.0,0.0,0.0,0.0,0.0,0.0904655389459439,0.0,0.2306189327950183,0.0,0.0,0.0729858205878373,0.0,0.0231912521737803,0.0037990572696468,0.0,0.0875871271255294,0.1316914287502757,0.0469440673757592,0.1071183643689659,0.0,0.1177221500098811,0.0,0.1211546726281534,0.0,0.0,0.0,0.0
0.0934908882716958,0.0674942869062634,0.0152080158645333,0.2506036427735645,0.1824022926201688,0.2212320571258497,0.2651558801615193,0.219720676668106,0.0122053532569616,0.2764261654171653,0.0256335703846194,0.1797563985813053,0.1999402122140782,0.1490974566303805,0.1249995451029982,0.3291381225331918,0.1356606324531909,0.0598904445453653,0.0347950779413709,0.1297919872193926,0.2119125854371786,0.1084233799818556,0.0656828282375764,0.0,0.0589050977760358,0.0,0.0720975593455729,0.2658211669937657,0.1364241287676662,0.0912638651118005,0.539887004338678,0.0,0.538444376600678,0.0,0.3741195847290975,0.3871190508184923,0.2743783463715318,0.074843992127909,0.0,0.1813236297804303,0.1187315869504142,0.0,0.0,0.0,0.0,0.159737444845316,0.0032485816599641,0.0155503109271558,0.0,0.0,0.0,0.3011628587270005,0.1394158455461924,0.0706960477360177,0.1984882274947801,0.0,0.1436631828933416,0.0743451813996668,0.0,0.1109409438119721,0.0093745049559256,0.1715971564411064,0.1206040107971142,0.0,0.0,0.1850719574115588,0.0,0.0006112782950937,0.0,0.0774710911060676,0.0,0.0,0.0,0.0,0.0,0.0
0.261431359041204,0.3312379826206998,0.030907445071634,0.0772929509630913,0.2635481868166789,0.2690228973290164,0.4133047612061033,0.005595027153405,0.1379245322421254,0.2451352866405834,0.0,0.0,0.2120501616516372,0.0,0.313701520821397,0.4243006359613278,0.3339060365858725,0.3482643432596519,0.0,0.2813363907543942,0.3865599879619692,0.3762199885787219,0.0524408125563941,0.0,0.3959544226503787,0.2420655284457359,0.2915738293418432,0.054436851514378,0.4083598231206224,0.0,0.3015523828969471,0.4466275750450905,0.2699830879526937,0.3741195847290975,0.0,0.0,0.0,0.1580895858486645,0.2212382213880688,0.1872883915392308,0.3704067186100663,0.4119131210253539,0.0318169886950888,0.0869233781470731,0.0472275846374847,0.0,0.0,0.0,0.0,0.0,0.1459361175996974,0.0,0.0,0.0,0.0,0.0,0.0,0.2076771343870891,0.0,0.2941524338546009,0.2715448301046148,0.0,0.0,0.0,0.2691338938435539,0.0,0.264963156684762,0.0776959946602457,0.0,0.2930031050594298,0.0067608173788061,0.2862069701336807,0.0,0.3183216461597635,0.0,0.0
0.0,0.0,0.039169772007056,0.4336492278322745,0.2166677473940619,0.148194161228025,0.1214326860389733,0.360243574431127,0.0,0.2268661356958982,0.140573326683012,0.5151563782127727,0.0845510965009688,0.5239935977918045,0.0,0.0,0.0,0.0,0.1185126146060423,0.0193410983227013,0.0,0.0,0.1402377003012491,0.0,0.0,0.0,0.0432893457817569,0.1195655303497941,0.0,0.0,0.2269469879216433,0.0,0.319705088543227,0.3871190508184923,0.0,0.0,0.322401807347036,0.0,0.0,0.037957475213656,0.0,0.0,0.0776632880929388,0.0,0.0,0.0,0.0,0.0621257890688222,0.0,0.1711959849483892,0.0,0.1506135698930204,0.261788107208204,0.0,0.0,0.2141859229503478,0.3151751672359306,0.0,0.0,0.0,0.0,0.0,0.0,0.0995536371484977,0.0,0.0,0.0,0.0375130091502823,0.0,0.0,0.0,0.0,0.0,0.0,0.0,0.0
0.0,0.0,0.0091244837578205,0.298469169485676,0.1501097383338242,0.2107716629285162,0.1091176262154214,0.2150980910543677,0.0317027782583319,0.0934731544675048,0.0,0.1936397859949886,0.1901359825359143,0.2172137912819836,0.0,0.0,0.0,0.0,0.0,0.0570835377296406,0.0,0.0403868482728039,0.1135268168661736,0.0,0.0,0.0,0.0275437531953125,0.1846230824165887,0.055938088754813,0.0,0.1268748380032007,0.0,0.2455049363602083,0.2743783463715318,0.0,0.322401807347036,0.0,0.0,0.0,0.0,0.0,0.0270555273093256,0.0407536607839327,0.0,0.0,0.0,0.0,0.0,0.0,0.0,0.0,0.0,0.0,0.0,0.0,0.0,0.0,0.0,0.0,0.0,0.0,0.0,0.0,0.0,0.0,0.0,0.0,0.052171621740607,0.0,0.0,0.0,0.0,0.0,0.0,0.0,0.0
0.4699945063346841,0.0,0.0,0.1233875449156098,0.3293267404993675,0.312277709092992,0.2488872815480131,0.0,0.4198527407175366,0.2892890669102062,0.3580721291372967,0.0,0.2358695608573442,0.0,0.0,0.0,0.3770193023620287,0.0,0.2790195126040379,0.0,0.0,0.0,0.3396199929379551,0.4795768249567194,0.3911652080342605,0.4636724722806539,0.3198695377175712,0.2025695441368272,0.0,0.0,0.2168257991874597,0.2232348438131307,0.3234667699909558,0.074843992127909,0.1580895858486645,0.0,0.0,0.0,0.3275972125701288,0.5892035196726403,0.3869550054986115,0.1315443572913305,0.0,0.0,0.6132883557804355,0.0,0.0,0.0,0.0,0.0,0.0,0.0,0.0,0.0,0.0870343235481543,0.0,0.1232629432977035,0.0,0.0,0.0,0.0,0.0,0.0,0.0,0.0,0.0,0.0,0.0,0.3238246760907734,0.2745012829891599,0.3613195574918275,0.0,0.4139540737158725,0.0,0.0,0.0
0.4163492709704113,0.3031172375774693,0.1488813438170859,0.0,0.1884449124568039,0.2104100508785121,0.2815206799249622,0.0,0.2618549743643912,0.0,0.0971636043954727,0.0,0.1017056227110736,0.0,0.482087015619897,0.3042980909507663,0.0,0.465021947161687,0.002576313709159,0.3150451903864728,0.355659051140923,0.4835701618515868,0.2288175677231353,0.3045826764284579,0.4545442958503586,0.408040469434095,0.2834727671897702,0.0,0.3824822726285221,0.0,0.0634887518406166,0.8136931298301601,0.0,0.0,0.2212382213880688,0.0,0.0,0.3275972125701288,0.0,0.1638240506929091,0.5350107515863974,0.3678167695452671,0.4067451546609802,0.5165465131235079,0.4136262269309022,0.3739917901150732,0.1411980846531837,0.2169952360233917,0.0,0.1060735562945833,0.3781292694183877,0.1341834020849911,0.0,0.2757547852113575,0.0,0.0832579702573258,0.0,0.3670827939456647,0.0,0.4836397625875521,0.5545325004401885,0.0,0.3084657677000742,0.0,0.4084969356154005,0.2537597301199798,0.5387608881071009,0.3291838501799257,0.272455868553416,0.2648123926349964,0.4432058772730208,0.3952320034718666,0.2013381095986617,0.5450422377694738,0.4368963077226114,0.545784527232644
0.602213009382413,0.4449425118046572,0.0,0.0,0.0,0.0,0.0,0.0,0.0,0.5034793527935021,0.0,0.0171113019969199,0.2403241456673059,0.0,0.3643061020558226,0.2750616598998872,0.4448711438341611,0.3440675620199488,0.0,0.4346265703577102,0.3985000046975316,0.43175442838607,0.3866185285960243,0.5054673889837512,0.4311694096311423,0.546051360143863,0.306338234561021,0.385888427714838,0.255866495389752,0.0,0.3197137092671725,0.1456050464213577,0.4913906602627488,0.1813236297804303,0.1872883915392308,0.037957475213656,0.0,0.5892035196726403,0.1638240506929091,0.0,0.5109044379349946,0.1576568454678491,0.4293551094888735,0.3456808691027934,0.4295130414951588,0.4150456292243862,0.1080441979622528,0.4922255258686526,0.0,0.3007946746959215,0.4887225282832724,0.316350992152664,0.4392268521194302,0.5287399771572527,0.3821735462618745,0.4185648504244539,0.1927312113856344,0.467525225054568,0.0,0.3553626916253916,0.265214141877446,0.0947798545417099,0.2054815668717891,0.3637304587714906,0.5322923491979592,0.4063521458050721,0.4978083999890222,0.4917581282635908,0.4398934074741372,0.3937368709371666,0.4692273961456599,0.4985112518063844,0.3996864196304692,0.4370025167036043,0.3497372985753003,0.2918132999623077
0.672187618017071,0.5610319127464978,0.3392231545015221,0.0,0.0,0.3113794608084663,0.3211250474599437,0.0134530777920171,0.4456547028890274,0.3581301105029598,0.0,0.0,0.3145092611178663,0.0,0.6302289451976394,0.5299931186423384,0.0,0.5934748453471239,0.0,0.5380175348395335,0.5642156709278737,0.6421920816133518,0.2687586551049044,0.4342076372800434,0.6344295483067082,0.6439722154618337,0.2916897943738617,0.2937398980595243,0.4586109718240838,0.0,0.3695766959326764,0.5253543463513983,0.0644815562042259,0.1187315869504142,0.3704067186100663,0.0,0.0,0.3869550054986115,0.5350107515863974,0.5109044379349946,0.0,0.4117214874623425,0.3151900996923046,0.4821868598717106,0.4497956013873832,0.5671866451840976,0.0,0.3804346200905659,0.0,0.2269433265084807,0.4782411505378782,0.1854643132450678,0.1212234387939961,0.4436975840590691,0.2279772271599605,0.2319701612485156,0.0,0.5081349171406495,0.0,0.560432856109607,0.5949708500467654,0.1228788664790302,0.438432669935944,0.1717812852497585,0.6324785031122578,0.3725006912287414,0.6718841268841143,0.3847853247743707,0.277220700596243,0.3698789817756474,0.3836617220832227,0.5480295971732776,0.4167433903178882,0.6687327218179866,0.4994487658615347,0.5725489976189909
