0.0,0.3393598668434004,0.0,0.0,0.0,0.0101531888211839,0.0,0.3018562864317234,0.0,0.2796322115479208,0.0,0.1343408401158815,0.0,0.0,0.2328131307133965,0.440266741850171,0.3636995768342014,0.0852527594598255,0.0,0.0,0.221788753602247,0.224652398774172,0.0581389445134455,0.3961584443837828,0.0669633157764605,0.4303655680985503,0.0,0.20013458623768,0.0511115643185185,0.0,0.4165412334457136,0.2190494792287305,0.0895780803296955,0.2354945066727663,0.0,0.0,0.0,0.0,0.0,0.2607909947834313,0.0127571385575586,0.0,0.0,0.0,0.0,0.790272894112554,0.4005135241684334,0.0,0.0,0.0,0.0,0.0,0.0,0.0,0.1473457019885194,0.0,0.0,0.0,0.0,0.0,0.0741870932689182,0.0,0.145959392518053,0.0,0.0,0.219224153722444,0.375388095007279,0.0,0.2726905636024748,0.2972865239767976,0.4366887310196571,0.0,0.0,0.0,0.0,0.0
0.3393598668434004,0.0,0.0,0.0,0.1464738894050287,0.4421666054001051,0.0,0.4300633352540889,0.1867918174637269,0.0,0.0,0.0,0.5610704870740791,0.0,0.5190992528330199,0.2038473780483856,0.0,0.3846230333463717,0.0,0.5564861223856814,0.6589226012466375,0.7691116870680549,0.5327023394519841,0.0,0.4537160769103001,0.5344785209921507,0.5147802430353237,0.0,0.4101341239792094,0.0,0.0,0.123263030683129,0.0,0.0,0.0,0.0,0.0,0.0,0.2683693885504348,0.0,0.0351468853788419,0.0,0.0,0.0,0.0,0.0604026164256591,0.0349536132172465,0.0,0.0,0.0,0.0,0.0,0.0,0.0,0.0,0.0,0.0,0.0,0.0,0.6154884977459467,0.1441217866491453,0.0,0.0802858699543482,0.0,0.5440516505244014,0.6022951723590887,0.5135938124353983,0.5117028977351328,0.0,0.1853457831772083,0.2844817640063486,0.4246580269284042,0.0,0.4515785384116719,0.0,0.0
0.0,0.0,0.0,0.0,0.1920056248002345,0.5221459157876689,0.0,0.4967033030565085,0.3223517289351044,0.0,0.4340950945763872,0.0,0.3900165640365506,0.0,0.0,0.0,0.0,0.0,0.5300927157342965,0.0,0.0,0.0,0.7921719913736064,0.0,0.0,0.0,0.7224175509059094,0.0,0.0,0.4710246732600066,0.0,0.0080057824629014,0.0,0.0,0.0592424139017923,0.0,0.2897001797474677,0.0,0.3022050923338828,0.0,0.0,0.0,0.2660528174378584,0.0,0.0,0.0,0.0,0.5891689227610067,0.0,0.0444576615647608,0.4917177306352613,0.0,0.1764935780307204,0.3234285237104437,0.0,0.3852166530859893,0.0,0.0,0.0,0.0,0.0,0.0,0.0,0.175866173993016,0.0,0.0,0.0,0.5484269673207716,0.0,0.0,0.0,0.7346626979306599,0.0,0.0,0.0,0.0
0.0,0.0,0.0,0.0,0.2952665064875578,0.0,0.5387533846664544,0.0,0.1442893150287861,0.1349423959404947,0.0,0.0,0.0,0.7641257576158649,0.0,0.0,0.0,0.0,0.03610439953094,0.0,0.0,0.0,0.0,0.0,0.0,0.0,0.0,0.3839105153550262,0.0,0.0,0.0,0.3241672219608316,0.0,0.312588205760915,0.3348617473636079,0.5513743287333122,0.0,0.0,0.0,0.0,0.0,0.0,0.0,0.0,0.0,0.0,0.0,0.0,0.0,0.0,0.0,0.0,0.0,0.0,0.0,0.0,0.0,0.0,0.0,0.0,0.0,0.0,0.0,0.0,0.0,0.0,0.0,0.0,0.0,0.0,0.0,0.0,0.0,0.0,0.0,0.0
0.0,0.1464738894050287,0.1920056248002345,0.2952665064875578,0.0,0.1826238365423768,0.5466980508850463,0.4857859401896775,0.6473650244758434,0.0414794502423767,0.7069063715181639,0.0,0.6149403004347221,0.4631375572717444,0.0,0.0,0.0,0.0,0.425004339621279,0.2338228002584082,0.0,0.4198871405931834,0.3149592202634977,0.0,0.0,0.0,0.2573037936010137,0.2123887862127012,0.32782069422295,0.0,0.3868296607354025,0.3268418173550745,0.1955829714123834,0.4877455610810751,0.2821144670758342,0.55782193900544,0.2057377598510539,0.0,0.0,0.0,0.0,0.0,0.2813262105753807,0.0,0.0,0.0,0.0,0.6485681488465501,0.0,0.0,0.0,0.0,0.3126162589971236,0.5372993972684035,0.0,0.6577291128369407,0.0,0.0,0.0,0.0,0.0,0.0,0.0,0.0,0.0,0.0,0.0,0.5300944371427513,0.0,0.0,0.0,0.287174786254795,0.0,0.0,0.0,0.0
0.0101531888211839,0.4421666054001051,0.5221459157876689,0.0,0.1826238365423768,0.0,0.0706830234958431,0.4056019483008951,0.4388009940653241,0.1072165560658773,0.2300165113578818,0.0,0.7262562694043411,0.0,0.3859125889776514,0.0,0.0,0.1769544266524149,0.3484051342470836,0.5705461626509964,0.3421721966189535,0.5147720839295512,0.614820414885804,0.0,0.1773016001598894,0.0315907199765893,0.5852585961678475,0.234658610514479,0.6234441810561377,0.430247133126294,0.0,0.0,0.0397561546569798,0.0,0.0,0.0455128429360188,0.1975762611840981,0.0,0.1064161744618418,0.0,0.0885586789890984,0.1699772036199971,0.0962778521543089,0.0,0.0,0.0,0.0,0.5224958943712815,0.0,0.0,0.493616918686593,0.0,0.3675542573872718,0.4581307878991389,0.0,0.3981258031409341,0.0,0.190255239365976,0.0,0.2327892674855039,0.0,0.0,0.0,0.0908933445257383,0.2015106711260693,0.3490811676117848,0.1680572708724447,0.584083186423236,0.0,0.0,0.0,0.3722283954911972,0.0337012028883479,0.1822051931020762,0.0,0.1053575206559479
0.0,0.0,0.0,0.5387533846664544,0.5466980508850463,0.0706830234958431,0.0,0.3830861835043603,0.282684298460332,0.0832249710913656,0.2550953143628223,0.0,0.3021386104223064,0.8293302429459556,0.0,0.3063405277563036,0.0406689214284687,0.0,0.0903285296119415,0.0,0.0,0.0,0.0,0.1673225628651647,0.0,0.0,0.0,0.0095697253026945,0.1734233496459886,0.0,0.5825462246802763,0.0200014336480361,0.5728342290194869,0.6546682331236037,0.3392437466282462,0.6672398355061937,0.2361513952111573,0.0,0.0,0.0,0.0,0.0,0.0,0.0,0.0,0.0,0.0,0.0,0.0,0.0,0.0,0.0,0.0,0.0,0.0,0.0,0.0,0.0,0.0,0.0,0.0,0.0,0.0,0.0,0.0,0.0,0.0,0.1201395519179278,0.0,0.0,0.0,0.0,0.0,0.0,0.0,0.0
0.3018562864317234,0.4300633352540889,0.4967033030565085,0.0,0.4857859401896775,0.4056019483008951,0.3830861835043603,0.0,0.3636260141920642,0.1797672378352768,0.5590030437472086,0.0,0.4970242874918567,0.0448501035235766,0.6096223804253025,0.0380888451939287,0.0,0.0,0.521670432777991,0.5842428718809988,0.7319103255579444,0.6001853672396672,0.7340682717628576,0.0,0.0,0.0,0.5378842510434062,0.0,0.6412188969763402,0.626956326233091,0.3410720963717116,0.0,0.2739902639962745,0.4305521549780073,0.0864661880308885,0.1589692534865481,0.4161694824172077,0.0,0.0,0.0,0.5000687000637944,0.0,0.2885323409376608,0.0,0.0,0.0,0.0,0.3973963880361967,0.0,0.3585348613223815,0.3464925174225297,0.0,0.7559106120644397,0.4654342622474501,0.0,0.442996971679292,0.0,0.2699136638087884,0.2243956465291689,0.6055877070273405,0.0,0.0,0.0,0.2608088642754461,0.3240184024975325,0.8025160430505364,0.0,0.7128736636095894,0.0,0.0,0.0,0.5448126785466302,0.0,0.2334096323636299,0.0,0.0
0.0,0.1867918174637269,0.3223517289351044,0.1442893150287861,0.6473650244758434,0.4388009940653241,0.282684298460332,0.3636260141920642,0.0,0.0,0.7365791504451655,0.0,0.5866093223129878,0.1425477953029347,0.0,0.1931066451265518,0.0,0.0,0.6516501505632464,0.1125566749706248,0.0,0.3721554746314167,0.4193467830407317,0.0,0.0,0.0,0.280352312673418,0.4960277271171335,0.2361976454653873,0.1812317369155774,0.0,0.2154534739028281,0.0,0.0,0.0147728040328405,0.2304434068434577,0.2478991447206737,0.0,0.1510770742001221,0.0,0.0,0.0,0.0629133754826652,0.0,0.0,0.0,0.0,0.5719651527688264,0.0,0.0,0.6316046920640029,0.0,0.0245097597559099,0.910593886732848,0.0,0.6534270584357734,0.0,0.0,0.0783093623024578,0.0,0.0,0.0,0.0,0.5564331971896608,0.0,0.0,0.0,0.5163825635874215,0.0,0.0,0.0,0.4815117123523557,0.0,0.0,0.0,0.0
0.2796322115479208,0.0,0.0,0.1349423959404947,0.0414794502423767,0.1072165560658773,0.0832249710913656,0.1797672378352768,0.0,0.0,0.0,0.6789110358695378,0.1357991880387138,0.0820556024181083,0.0,0.276009931101537,0.6446152258605214,0.3842932270577952,0.162173435033028,0.0,0.0,0.2276861887008973,0.0349311304731754,0.643542849144009,0.3917021965652764,0.4263884941804346,0.3990991501449986,0.0,0.0,0.0,0.3886319095528081,0.1111180359444595,0.2755293221324448,0.2985152214923728,0.0,0.061700337015652,0.0,0.1920883809157388,0.0,0.121914445205583,0.0405352782226203,0.0,0.0,0.0,0.4986326065021552,0.0,0.0,0.0,0.0,0.0,0.0,0.0,0.0,0.0,0.6688903781052296,0.0,0.7090892054997741,0.0,0.0,0.0,0.0,0.2397752217753975,0.0,0.0,0.0,0.0,0.0,0.0,0.6767526481064725,0.4798791481072753,0.3997060842869033,0.0,0.0,0.0,0.0,0.0
0.0,0.0,0.4340950945763872,0.0,0.7069063715181639,0.2300165113578818,0.2550953143628223,0.5590030437472086,0.7365791504451655,0.0,0.0,0.0576727087629034,0.5334763137093959,0.0897083822668499,0.0,0.0,0.0,0.0,0.6891599259072635,0.0,0.0,0.0,0.4213626007309727,0.0,0.0,0.0,0.260745577300929,0.1670588567465807,0.0,0.0,0.0730076055305392,0.083914007044418,0.0,0.1055017561010209,0.0,0.1878756824179392,0.2737939572237745,0.0,0.0209409258036403,0.0,0.0,0.0,0.0777457304448689,0.0,0.0,0.0,0.0,0.6465686114736156,0.0,0.6245998035435328,0.4018430728375942,0.4496731400149967,0.1564669426529666,0.6138361682906079,0.0,0.8327510112549181,0.0,0.4361615806285332,0.1103849279030633,0.0,0.0,0.0,0.0,0.6567960095030018,0.0,0.0,0.0,0.5421643170657414,0.0,0.0,0.0,0.4180317349800556,0.0,0.0,0.0,0.0
0.1343408401158815,0.0,0.0,0.0,0.0,0.0,0.0,0.0,0.0,0.6789110358695378,0.0576727087629034,0.0,0.1959609945459897,0.0,0.0,0.0,0.2212409416255766,0.2332773266832098,0.0,0.0,0.0,0.0,0.0,0.4430368263140802,0.283408873753076,0.389468442990046,0.0,0.0,0.0,0.0,0.1305057041352158,0.0,0.0619055570331241,0.0932567176235606,0.0,0.0,0.0,0.0,0.0,0.019944359436676,0.0837462188729971,0.0,0.0,0.0,0.0064699769388102,0.0,0.0,0.0,0.0,0.0,0.0,0.0,0.0,0.0,0.3744234627562199,0.0,0.8198543037029967,0.0,0.0,0.0,0.0,0.0,0.0,0.0,0.0,0.0,0.0,0.0,0.3723529820245888,0.4332613787171562,0.3820549398180767,0.0,0.0,0.0,0.0,0.0
0.0,0.5610704870740791,0.3900165640365506,0.0,0.6149403004347221,0.7262562694043411,0.3021386104223064,0.4970242874918567,0.5866093223129878,0.1357991880387138,0.5334763137093959,0.1959609945459897,0.0,0.1362222967797198,0.513756340202318,0.3177085601675224,0.2312706079228511,0.2190705732641734,0.4312638656373991,0.4754696274127534,0.4200754197923184,0.6299207787608759,0.5239453131325741,0.0,0.1032665677503109,0.1117613125945609,0.4120369141625715,0.3977888425268792,0.5138303550596822,0.4621671243223521,0.0779533607540838,0.2122708659846626,0.0014753960890567,0.1072301015458306,0.0351361516647999,0.376855639159132,0.212776601205276,0.0,0.1862721077375179,0.0,0.0,0.0,0.2660454912842951,0.0,0.0,0.0,0.0,0.6717334176161991,0.0,0.0,0.4411536718494703,0.0,0.3298014659430516,0.0,0.0,0.0,0.0,0.0,0.0,0.0,0.0,0.0,0.0,0.0,0.0,0.0,0.0,0.6725193808942346,0.0,0.0,0.0,0.3296197711455353,0.0,0.3160247392951861,0.0,0.0
0.0,0.0,0.0,0.7641257576158649,0.4631375572717444,0.0,0.8293302429459556,0.0448501035235766,0.1425477953029347,0.0820556024181083,0.0897083822668499,0.0,0.1362222967797198,0.0,0.0,0.0,0.0,0.0,0.0,0.0,0.0,0.0,0.0,0.0,0.0,0.0,0.0,0.1861845748668756,0.0,0.0,0.5612926450800695,0.2594621327179026,0.0,0.5741347406379855,0.0,0.8119009772244041,0.0,0.0,0.0,0.0,0.0,0.0,0.2007272250151335,0.0,0.0,0.0,0.0,0.1163824682784084,0.0,0.0,0.0,0.0,0.0,0.1961564950432506,0.0,0.1779500918050572,0.0,0.0,0.0,0.0,0.0,0.0,0.0,0.0,0.0,0.0,0.0,0.0,0.0,0.0,0.0,0.0,0.0,0.0,0.0,0.0
0.2328131307133965,0.5190992528330199,0.0,0.0,0.0,0.3859125889776514,0.0,0.6096223804253025,0.0,0.0,0.0,0.0,0.513756340202318,0.0,0.0,0.1171976886770472,0.0,0.0,0.0,0.4477551839492854,0.8058723001768812,0.7684284069266467,0.7531081202425307,0.0,0.0,0.0,0.5373153404566654,0.0471742536696164,0.4409999390651649,0.0,0.0,0.1266948158602396,0.0,0.0,0.0067859720201659,0.1268959286624233,0.0,0.0,0.250424713542795,0.0,0.3200686505524941,0.1846473298874367,0.0,0.0,0.0,0.0,0.1732958604593153,0.0,0.0,0.0,0.5610885632617757,0.0,0.1304953748778047,0.0,0.0,0.0,0.0,0.0,0.0,0.6089932299083674,0.4787516107034467,0.0,0.0,0.0,0.7353137532003441,0.7423237444373763,0.7514741004549075,0.6627251385421639,0.0,0.0,0.0,0.6811575991362556,0.2609633792123718,0.6919518845774203,0.0,0.2853447306484749
0.440266741850171,0.2038473780483856,0.0,0.0,0.0,0.0,0.3063405277563036,0.0380888451939287,0.1931066451265518,0.276009931101537,0.0,0.0,0.3177085601675224,0.0,0.1171976886770472,0.0,0.6477618479411358,0.5544677690491387,0.0,0.0468569954419165,0.0,0.298071585645573,0.0397446202222367,0.2503101810836238,0.3430686896103885,0.4490130567686037,0.0433037227663597,0.3642512214976911,0.0,0.0,0.4145513764119345,0.6928119498612308,0.0,0.2288045892536984,0.2079568392766434,0.0,0.0,0.0,0.3608448339270386,0.0627038483795769,0.0,0.0,0.0,0.0,0.0,0.3986588740895107,0.5625476669177499,0.0,0.0,0.0,0.0,0.0,0.0,0.0,0.0,0.0,0.0,0.0,0.0,0.3390920711482195,0.1597384164519164,0.0,0.3080526313628386,0.0,0.2574878496087839,0.0,0.3955328553091672,0.0,0.0,0.2479823967907334,0.3587662846024489,0.0,0.0,0.0,0.0,0.0208853957974957
0.3636995768342014,0.0,0.0,0.0,0.0,0.0,0.0406689214284687,0.0,0.0,0.6446152258605214,0.0,0.2212409416255766,0.2312706079228511,0.0,0.0,0.6477618479411358,0.0,0.7521142563242326,0.0,0.0628050604128874,0.0,0.1140038106911135,0.0,0.5389024692229194,0.6624797715722185,0.6627095884978255,0.0,0.4149904030348815,0.0,0.0,0.2344282503016738,0.5550545669366267,0.0,0.0101929128789065,0.0344590327590146,0.0,0.0,0.2571108727596755,0.0,0.0,0.0,0.0,0.0,0.0,0.0,0.0,0.0,0.0,0.0,0.0,0.0,0.0,0.0,0.0,0.2334480828517633,0.0,0.1819729410118651,0.0,0.0,0.0,0.0,0.2877756094929681,0.2766893203385157,0.0,0.0,0.0,0.0,0.0,0.4437394973246112,0.3535602765287126,0.4584291553374524,0.0,0.0,0.0,0.0,0.0
0.0852527594598255,0.3846230333463717,0.0,0.0,0.0,0.1769544266524149,0.0,0.0,0.0,0.3842932270577952,0.0,0.2332773266832098,0.2190705732641734,0.0,0.0,0.5544677690491387,0.7521142563242326,0.0,0.0,0.1327306536781597,0.0,0.2781564234900415,0.0460688692525366,0.236051571945881,0.8602486401895572,0.7256500444927462,0.2111606419990042,0.3836454350651547,0.0,0.0,0.0,0.5554889110814499,0.0,0.0,0.0,0.0,0.0,0.0,0.6259442649952591,0.0,0.0,0.0,0.0,0.0,0.0,0.11525620899227,0.3373883176064041,0.0,0.0,0.0,0.0,0.0,0.0,0.0,0.0306418509628083,0.0,0.0,0.0,0.0,0.0,0.1835945262638554,0.1538428432475961,0.4244625405519799,0.0,0.0,0.0,0.3502673834569949,0.0,0.1182335413936922,0.2441572962896689,0.4667647676129363,0.0,0.0,0.0,0.0,0.163126014374183
0.0,0.0,0.5300927157342965,0.03610439953094,0.425004339621279,0.3484051342470836,0.0903285296119415,0.521670432777991,0.6516501505632464,0.162173435033028,0.6891599259072635,0.0,0.4312638656373991,0.0,0.0,0.0,0.0,0.0,0.0,0.0,0.0,0.0,0.5504303834320443,0.0,0.0,0.0,0.529489514733098,0.1957987604794139,0.0,0.0,0.0477426114433057,0.2569460191696157,0.0,0.0026280951125471,0.0,0.1151443260919442,0.0,0.0,0.2210439400265708,0.0,0.0,0.0,0.0430870238326137,0.0,0.0,0.0,0.0,0.6351170276495346,0.0,0.0,0.5751267634933513,0.0,0.23604868789021,0.5754527961574364,0.0,0.4001519418815251,0.0,0.0,0.0,0.0,0.0,0.0,0.0,0.7788496375023128,0.0,0.0,0.0,0.5581181490677937,0.0,0.0,0.0,0.6963852316562745,0.0,0.0,0.0,0.0
0.0,0.5564861223856814,0.0,0.0,0.2338228002584082,0.5705461626509964,0.0,0.5842428718809988,0.1125566749706248,0.0,0.0,0.0,0.4754696274127534,0.0,0.4477551839492854,0.0468569954419165,0.0628050604128874,0.1327306536781597,0.0,0.0,0.5442575604320136,0.8127004135594738,0.6329134988837549,0.0,0.1165435933835015,0.0,0.8524318488576524,0.0,0.762679862803155,0.7049788379533165,0.1023949012194037,0.0208690459888264,0.1121450192091478,0.1577736611763647,0.0481770994114601,0.0,0.082529880437524,0.0,0.0702045900399948,0.0,0.3242563110722361,0.1539770888335435,0.0,0.0,0.0,0.0,0.0,0.0,0.0,0.0,0.1686760106519184,0.0,0.5750987575272838,0.0,0.0,0.0,0.0,0.0,0.0,0.7011399452776157,0.0,0.0,0.0,0.0,0.3471336114956088,0.603851725161179,0.1807975851545444,0.5838684814374475,0.0,0.0,0.0,0.5585295129743031,0.0,0.1994913281339293,0.0,0.0123370591899767
0.221788753602247,0.6589226012466375,0.0,0.0,0.0,0.3421721966189535,0.0,0.7319103255579444,0.0,0.0,0.0,0.0,0.4200754197923184,0.0,0.8058723001768812,0.0,0.0,0.0,0.0,0.5442575604320136,0.0,0.7610239777858031,0.7710429880836538,0.0,0.0,0.0453412912779885,0.612091148719989,0.0,0.4771090272191282,0.6770285151797623,0.01497144941459,0.0592664181089703,0.0,0.0,0.0,0.0282842760045912,0.0,0.0,0.1845127046787346,0.0,0.3327802329690886,0.1672699419804849,0.0,0.0,0.0,0.0,0.0,0.0,0.0,0.0,0.5039260281225372,0.0,0.2933999433658626,0.0,0.0,0.0,0.0,0.0,0.0,0.5673590649382502,0.2365068103338302,0.0,0.0,0.0,0.6560165900919516,0.9429259816576956,0.6192306741012592,0.6472924062702278,0.0,0.0,0.0,0.6957987288502727,0.0803447705101284,0.6527830032000557,0.0,0.1062123373086019
0.224652398774172,0.7691116870680549,0.0,0.0,0.4198871405931834,0.5147720839295512,0.0,0.6001853672396672,0.3721554746314167,0.2276861887008973,0.0,0.0,0.6299207787608759,0.0,0.7684284069266467,0.298071585645573,0.1140038106911135,0.2781564234900415,0.0,0.8127004135594738,0.7610239777858031,0.0,0.7121038772241916,0.0,0.1919426325772033,0.1383788632392086,0.7813639596882102,0.0,0.6679307458935149,0.6755970756540366,0.0678907951813676,0.1876763021142283,0.0,0.0370644217001968,0.0,0.0872726556852,0.1925504255612264,0.0,0.2515673882574146,0.0,0.2558136448140569,0.0288827506846079,0.0,0.0,0.0,0.0,0.0102771326835696,0.0,0.0,0.0,0.4053720403127632,0.0,0.0,0.0,0.0,0.0,0.0,0.0,0.0,0.7722747705175792,0.1601417376934983,0.0,0.0,0.0,0.6463206064140143,0.7241287532772728,0.58332065716632,0.7011637698901584,0.0,0.0,0.0285865316391246,0.6839050120999272,0.0,0.5557014310061934,0.0,0.0866036104751125
0.0581389445134455,0.5327023394519841,0.7921719913736064,0.0,0.3149592202634977,0.614820414885804,0.0,0.7340682717628576,0.4193467830407317,0.0349311304731754,0.4213626007309727,0.0,0.5239453131325741,0.0,0.7531081202425307,0.0397446202222367,0.0,0.0460688692525366,0.5504303834320443,0.6329134988837549,0.7710429880836538,0.7121038772241916,0.0,0.0,0.0133780826994501,0.0,0.7199624048835445,0.0,0.4740163322791346,0.5434903333222579,0.0,0.1711099925136349,0.0,0.0,0.091379747071846,0.0139809635493418,0.2785541518077948,0.0,0.312954356664281,0.0,0.3793625225506935,0.3012182024305749,0.3756213625241027,0.0,0.0,0.0,0.0448964936406854,0.5247441590019913,0.0,0.0912424358639698,0.622262455325708,0.0,0.3849241490199252,0.466189440594232,0.0,0.3252915196387965,0.0,0.2436853846540621,0.0,0.5053392430433105,0.0,0.0,0.0,0.2374973644706591,0.6340868491607666,0.762964104105187,0.5365843227374161,0.8242540660008918,0.0,0.0,0.0143034023441464,0.7561730268128062,0.1589252801211348,0.5607077560939283,0.2199718510023041,0.321971599525771
0.3961584443837828,0.0,0.0,0.0,0.0,0.0,0.1673225628651647,0.0,0.0,0.643542849144009,0.0,0.4430368263140802,0.0,0.0,0.0,0.2503101810836238,0.5389024692229194,0.236051571945881,0.0,0.0,0.0,0.0,0.0,0.0,0.2249309252036689,0.4411510460509166,0.0,0.057986515771986,0.0,0.0,0.5163725352569994,0.0,0.5081817367003385,0.397081856200162,0.0,0.0671986849443686,0.0,0.2322944090511033,0.0,0.4203522201431951,0.0,0.0,0.0,0.0,0.4274024497021517,0.555329842032104,0.0,0.0,0.0,0.0,0.0,0.0,0.0,0.0,0.360729771965854,0.0,0.6294467569800213,0.0,0.0,0.0,0.0,0.2970204691754011,0.0,0.0,0.0,0.0,0.0,0.0,0.8333273058715691,0.5488827586053382,0.5456504341937481,0.0,0.0,0.0,0.0,0.0
0.0669633157764605,0.4537160769103001,0.0,0.0,0.0,0.1773016001598894,0.0,0.0,0.0,0.3917021965652764,0.0,0.283408873753076,0.1032665677503109,0.0,0.0,0.3430686896103885,0.6624797715722185,0.8602486401895572,0.0,0.1165435933835015,0.0,0.1919426325772033,0.0133780826994501,0.2249309252036689,0.0,0.7415016700560371,0.1833630536863437,0.2843662954511955,0.0,0.0,0.0,0.3963718403501187,0.0,0.0,0.0,0.0,0.0,0.239628085101599,0.5939167683683556,0.0,0.0,0.0,0.0,0.0,0.0,0.0725002655961119,0.2023167824626733,0.0,0.0,0.0,0.0,0.0,0.0,0.0,0.1261425450186407,0.0,0.0314716999104186,0.0,0.0,0.0,0.1637686492230382,0.2212573914362335,0.4423027424624773,0.0,0.1945414373199638,0.0,0.2073632800212992,0.0,0.2155610678304979,0.2872643011314258,0.5452497066126194,0.0,0.0,0.0,0.0,0.1520710182427768
0.4303655680985503,0.5344785209921507,0.0,0.0,0.0,0.0315907199765893,0.0,0.0,0.0,0.4263884941804346,0.0,0.389468442990046,0.1117613125945609,0.0,0.0,0.4490130567686037,0.6627095884978255,0.7256500444927462,0.0,0.0,0.0453412912779885,0.1383788632392086,0.0,0.4411510460509166,0.7415016700560371,0.0,0.0428763270805295,0.3537577171358748,0.0,0.0,0.0,0.4423124024741387,0.0,0.0,0.0,0.0,0.0,0.3164909231168116,0.4411933551652277,0.0,0.0,0.0,0.0,0.0,0.1639117913338517,0.4831151705442247,0.5516338743955183,0.0,0.0,0.0,0.0,0.0,0.0,0.0,0.2127995314025559,0.0,0.2162432205787066,0.0,0.0,0.0805551706565153,0.2059872822795165,0.3227745776192092,0.4813212354047404,0.0,0.3908349151942465,0.0,0.4322642718856677,0.1028314046497198,0.3230531532338305,0.5421631805005606,0.8342314402940053,0.1498928034480741,0.0,0.3247310848613339,0.0,0.0
0.0,0.5147802430353237,0.7224175509059094,0.0,0.2573037936010137,0.5852585961678475,0.0,0.5378842510434062,0.280352312673418,0.3990991501449986,0.260745577300929,0.0,0.4120369141625715,0.0,0.5373153404566654,0.0433037227663597,0.0,0.2111606419990042,0.529489514733098,0.8524318488576524,0.612091148719989,0.7813639596882102,0.7199624048835445,0.0,0.1833630536863437,0.0428763270805295,0.0,0.0,0.6570363729795667,0.5618754960982009,0.0041956011305533,0.1121995151622463,0.0,0.0783397969668381,0.0914431771140494,0.0,0.0512309415970614,0.0,0.1962967052626076,0.0,0.2983248038095383,0.1888850077701121,0.2418844631947695,0.0,0.0,0.0,0.0,0.5375194161583415,0.0,0.0,0.3646012235312346,0.0,0.511255834667634,0.217357466138634,0.0,0.1627905779158036,0.0,0.0249241688270167,0.0,0.6012729197802175,0.0,0.0,0.0,0.2355943145954659,0.4079285768565315,0.6017429164357359,0.2591929282098494,0.6016853411418798,0.0,0.0,0.029117518332765,0.7592017681622613,0.0,0.3595511283419296,0.0,0.1344336402149921
0.20013458623768,0.0,0.0,0.3839105153550262,0.2123887862127012,0.234658610514479,0.0095697253026945,0.0,0.4960277271171335,0.0,0.1670588567465807,0.0,0.3977888425268792,0.1861845748668756,0.0471742536696164,0.3642512214976911,0.4149904030348815,0.3836454350651547,0.1957987604794139,0.0,0.0,0.0,0.0,0.057986515771986,0.2843662954511955,0.3537577171358748,0.0,0.0,0.0,0.0,0.0,0.3857284348505956,0.0,0.0,0.0112815266467495,0.2009358875523668,0.0,0.2383593349213178,0.3225833846383787,0.0,0.0,0.0,0.0,0.0,0.0,0.0,0.0,0.0,0.0,0.0,0.3055007072607419,0.0,0.0,0.0,0.0,0.0,0.0,0.0,0.0,0.0,0.0,0.0,0.0,0.0,0.2412141950232536,0.0,0.0,0.1045959877729551,0.0,0.0,0.0,0.0,0.6154671923961142,0.1931188070950611,0.0,0.0605046264016694
0.0511115643185185,0.4101341239792094,0.0,0.0,0.32782069422295,0.6234441810561377,0.1734233496459886,0.6412188969763402,0.2361976454653873,0.0,0.0,0.0,0.5138303550596822,0.0,0.4409999390651649,0.0,0.0,0.0,0.0,0.762679862803155,0.4771090272191282,0.6679307458935149,0.4740163322791346,0.0,0.0,0.0,0.6570363729795667,0.0,0.0,0.7089185416148948,0.1701161980881644,0.0,0.3386525798796613,0.3215353894159172,0.0,0.0,0.2730312768645105,0.0,0.0,0.0,0.2960769346368739,0.0863549690844094,0.0,0.0,0.0,0.0,0.0,0.0,0.0,0.0,0.1771491450841106,0.0,0.6027416234147287,0.0,0.0,0.0,0.0,0.0,0.0,0.5398034423525595,0.0,0.0,0.0,0.0,0.099266848325623,0.5775749345728309,0.0158626551686817,0.5546379798274322,0.0,0.0,0.0,0.340404861356175,0.0,0.0660757242932463,0.0,0.0
0.0,0.0,0.4710246732600066,0.0,0.0,0.430247133126294,0.0,0.626956326233091,0.1812317369155774,0.0,0.0,0.0,0.4621671243223521,0.0,0.0,0.0,0.0,0.0,0.0,0.7049788379533165,0.6770285151797623,0.6755970756540366,0.5434903333222579,0.0,0.0,0.0,0.5618754960982009,0.0,0.7089185416148948,0.0,0.0,0.0,0.0,0.0789571374984208,0.0,0.0,0.0,0.0,0.0,0.0,0.0,0.0,0.0,0.0,0.0,0.0,0.0,0.0,0.0,0.0,0.0,0.0,0.0,0.0,0.0,0.0,0.0,0.0,0.0,0.0,0.0,0.0,0.0,0.0,0.2651477595094746,0.0,0.0,0.5105582570694196,0.0,0.0,0.0,0.3611683011991565,0.0,0.0,0.0,0.0
0.4165412334457136,0.0,0.0,0.0,0.3868296607354025,0.0,0.5825462246802763,0.3410720963717116,0.0,0.3886319095528081,0.0730076055305392,0.1305057041352158,0.0779533607540838,0.5612926450800695,0.0,0.4145513764119345,0.2344282503016738,0.0,0.0477426114433057,0.1023949012194037,0.01497144941459,0.0678907951813676,0.0,0.5163725352569994,0.0,0.0,0.0041956011305533,0.0,0.1701161980881644,0.0,0.0,0.2222027375333269,0.668539948185324,0.8154770714950966,0.2800592875397341,0.5083170578901512,0.0,0.0375248903985503,0.0,0.5105834653749246,0.2587701765018719,0.0,0.0,0.0,0.0,0.4495178861698521,0.1073231126795166,0.0,0.0,0.0,0.0,0.0,0.5099935212240314,0.0,0.1690459564187744,0.0,0.3246381607468269,0.0,0.0,0.3588000625215325,0.0,0.0,0.0,0.0,0.0,0.177663677072271,0.0,0.1047899716944473,0.3718874436157073,0.1820603646397595,0.1095841449272205,0.0,0.0,0.0,0.0,0.0
0.2190494792287305,0.123263030683129,0.0080057824629014,0.3241672219608316,0.3268418173550745,0.0,0.0200014336480361,0.0,0.2154534739028281,0.1111180359444595,0.083914007044418,0.0,0.2122708659846626,0.2594621327179026,0.1266948158602396,0.6928119498612308,0.5550545669366267,0.5554889110814499,0.2569460191696157,0.0208690459888264,0.0592664181089703,0.1876763021142283,0.1711099925136349,0.0,0.3963718403501187,0.4423124024741387,0.1121995151622463,0.3857284348505956,0.0,0.0,0.2222027375333269,0.0,0.0,0.0,0.4045418931414645,0.513164520224205,0.0,0.360524285066159,0.7590249467535661,0.0,0.0,0.0,0.4440466909945093,0.33544173488945,0.273977131684642,0.1870598017252222,0.4402755790148039,0.3428035749853924,0.0,0.0,0.2046593619457258,0.0,0.0,0.0943013247246573,0.0,0.0,0.0,0.5598465488290905,0.0,0.1956031331681207,0.3163127388403,0.0,0.3813656447912356,0.4082932247760635,0.4016576875069037,0.0,0.4964435907216782,0.2152703824958629,0.0,0.0,0.2409271029050984,0.2439663086993034,0.8034832269787966,0.3633754749066928,0.0,0.3669369757858292
0.0895780803296955,0.0,0.0,0.0,0.1955829714123834,0.0397561546569798,0.5728342290194869,0.2739902639962745,0.0,0.2755293221324448,0.0,0.0619055570331241,0.0014753960890567,0.0,0.0,0.0,0.0,0.0,0.0,0.1121450192091478,0.0,0.0,0.0,0.5081817367003385,0.0,0.0,0.0,0.0,0.3386525798796613,0.0,0.668539948185324,0.0,0.0,0.8130309081991687,0.2618964694280403,0.2740444977235755,0.0699467893311276,0.0640292381968741,0.0,0.7795788300479344,0.3157824639369231,0.0,0.0,0.0,0.3850003356693498,0.2195238696340078,0.0,0.0,0.0,0.0,0.0,0.0,0.0,0.0,0.3202640956132409,0.0,0.4011463837420486,0.0,0.0,0.0961215448158162,0.0,0.1159371503358904,0.0,0.0,0.0,0.0,0.0,0.0,0.4895554565000955,0.1228415758213041,0.0,0.0,0.0,0.0,0.0,0.0
0.2354945066727663,0.0,0.0,0.312588205760915,0.4877455610810751,0.0,0.6546682331236037,0.4305521549780073,0.0,0.2985152214923728,0.1055017561010209,0.0932567176235606,0.1072301015458306,0.5741347406379855,0.0,0.2288045892536984,0.0101929128789065,0.0,0.0026280951125471,0.1577736611763647,0.0,0.0370644217001968,0.0,0.397081856200162,0.0,0.0,0.0783397969668381,0.0,0.3215353894159172,0.0789571374984208,0.8154770714950966,0.0,0.8130309081991687,0.0,0.4441266767233248,0.451638506285697,0.0835804503785109,0.0196737608157485,0.0,0.6776153199231655,0.5208731655595719,0.0,0.1048913995373126,0.0,0.2869021237115448,0.2093390833919377,0.0,0.0,0.0,0.0,0.0,0.0,0.6053632671049398,0.0,0.2446656493275798,0.0,0.3670558373429223,0.0,0.0,0.3412840176834258,0.0,0.0,0.0,0.0,0.0,0.1586642173851415,0.0,0.1298056975641166,0.3005253919264063,0.053420348221321,0.0,0.0,0.0,0.0,0.0,0.0
0.0,0.0,0.0592424139017923,0.3348617473636079,0.2821144670758342,0.0,0.3392437466282462,0.0864661880308885,0.0147728040328405,0.0,0.0,0.0,0.0351361516647999,0.0,0.0067859720201659,0.2079568392766434,0.0344590327590146,0.0,0.0,0.0481770994114601,0.0,0.0,0.091379747071846,0.0,0.0,0.0,0.0914431771140494,0.0112815266467495,0.0,0.0,0.2800592875397341,0.4045418931414645,0.2618964694280403,0.4441266767233248,0.0,0.5335349639024444,0.0561153815291688,0.1911406491727382,0.1396416463823112,0.2460468521100499,0.4259018242125363,0.2894271950142917,0.4372822619997599,0.3377783170250365,0.3078620023432311,0.0,0.090732409261006,0.0,0.0,0.0,0.0,0.0,0.0,0.0,0.0,0.0,0.0,0.0,0.0,0.0214497629287035,0.0,0.0,0.0,0.0,0.0,0.0,0.0,0.0374284471879722,0.0,0.0,0.0,0.1304612138286179,0.0,0.0,0.0,0.0
0.0,0.0,0.0,0.5513743287333122,0.55782193900544,0.0455128429360188,0.6672398355061937,0.1589692534865481,0.2304434068434577,0.061700337015652,0.1878756824179392,0.0,0.376855639159132,0.8119009772244041,0.1268959286624233,0.0,0.0,0.0,0.1151443260919442,0.0,0.0282842760045912,0.0872726556852,0.0139809635493418,0.0671986849443686,0.0,0.0,0.0,0.2009358875523668,0.0,0.0,0.5083170578901512,0.513164520224205,0.2740444977235755,0.451638506285697,0.5335349639024444,0.0,0.1118909875961782,0.1380950864245069,0.1157183430411321,0.3074456459655784,0.2688736981601846,0.0,0.6253585940941233,0.3337963581933892,0.0,0.0,0.0,0.2993488473831526,0.0,0.0,0.0,0.5096167603509175,0.1773988319076078,0.236975704252089,0.0,0.2320871626484127,0.0,0.6934789721188279,0.500441034037247,0.0,0.0,0.0,0.0,0.2082981072650094,0.0,0.0,0.0,0.1362841597288271,0.0,0.0,0.0,0.0572862599171527,0.4878411914575589,0.0,0.0,0.0
0.0,0.0,0.2897001797474677,0.0,0.2057377598510539,0.1975762611840981,0.2361513952111573,0.4161694824172077,0.2478991447206737,0.0,0.2737939572237745,0.0,0.212776601205276,0.0,0.0,0.0,0.0,0.0,0.0,0.082529880437524,0.0,0.1925504255612264,0.2785541518077948,0.0,0.0,0.0,0.0512309415970614,0.0,0.2730312768645105,0.0,0.0,0.0,0.0699467893311276,0.0835804503785109,0.0561153815291688,0.1118909875961782,0.0,0.0,0.0,0.0,0.5015990616762056,0.5402736078660855,0.0,0.0,0.0,0.0,0.0,0.0,0.0,0.0,0.0,0.0,0.0,0.0,0.0,0.0,0.0,0.0,0.0,0.0,0.0,0.0,0.0,0.0,0.0,0.0,0.0,0.0,0.0,0.0,0.0,0.0,0.0,0.0,0.0,0.0
0.0,0.0,0.0,0.0,0.0,0.0,0.0,0.0,0.0,0.1920883809157388,0.0,0.0,0.0,0.0,0.0,0.0,0.2571108727596755,0.0,0.0,0.0,0.0,0.0,0.0,0.2322944090511033,0.239628085101599,0.3164909231168116,0.0,0.2383593349213178,0.0,0.0,0.0375248903985503,0.360524285066159,0.0640292381968741,0.0196737608157485,0.1911406491727382,0.1380950864245069,0.0,0.0,0.3151183286364022,0.1055228056359147,0.0,0.0,0.0,0.0,0.6097929003499286,0.0,0.0,0.0,0.0,0.0,0.0,0.0,0.0,0.0,0.4394283168248045,0.0,0.1103044117833547,0.0,0.0,0.0,0.0,0.0,0.0,0.0,0.0,0.0,0.0,0.0,0.2025148545923706,0.0,0.3765316208846567,0.0,0.0,0.0,0.0,0.0
0.0,0.2683693885504348,0.3022050923338828,0.0,0.0,0.1064161744618418,0.0,0.0,0.1510770742001221,0.0,0.0209409258036403,0.0,0.1862721077375179,0.0,0.250424713542795,0.3608448339270386,0.0,0.6259442649952591,0.2210439400265708,0.0702045900399948,0.1845127046787346,0.2515673882574146,0.312954356664281,0.0,0.5939167683683556,0.4411933551652277,0.1962967052626076,0.3225833846383787,0.0,0.0,0.0,0.7590249467535661,0.0,0.0,0.1396416463823112,0.1157183430411321,0.0,0.3151183286364022,0.0,0.0,0.0,0.098847821277563,0.3638408866564731,0.365327454731773,0.1162085612841068,0.0,0.2752386316945764,0.3218988170873563,0.2928603223363814,0.0,0.3811645311486755,0.0,0.0,0.032322387002676,0.0,0.0,0.0,0.2536747532934404,0.0,0.0862612433464698,0.6035351160862713,0.0,0.5592744897456653,0.2728071906830375,0.4985464241598305,0.0314812579984752,0.562632464673953,0.227201557786624,0.0,0.0,0.1790622768843628,0.2915526769475848,0.7121621421921469,0.5727554685528305,0.7680901344271048,0.6516537929086035
0.2607909947834313,0.0,0.0,0.0,0.0,0.0,0.0,0.0,0.0,0.121914445205583,0.0,0.019944359436676,0.0,0.0,0.0,0.0627038483795769,0.0,0.0,0.0,0.0,0.0,0.0,0.0,0.4203522201431951,0.0,0.0,0.0,0.0,0.0,0.0,0.5105834653749246,0.0,0.7795788300479344,0.6776153199231655,0.2460468521100499,0.3074456459655784,0.0,0.1055228056359147,0.0,0.0,0.4038150054456891,0.0,0.0,0.0,0.3407574537003556,0.3549886175603595,0.0501971148736773,0.0,0.0,0.3227087243246825,0.0,0.3062472782592592,0.4588112532511836,0.2296979456347894,0.3132099067908844,0.0765023041803104,0.3804310631769029,0.2921154593716425,0.0,0.1010159284309413,0.0,0.2005229433816125,0.0,0.0,0.0,0.0861776620610575,0.0,0.0948247153923674,0.3852848973094559,0.1715155330991626,0.1170194532268966,0.0,0.0,0.0,0.0,0.0
0.0127571385575586,0.0351468853788419,0.0,0.0,0.0,0.0885586789890984,0.0,0.5000687000637944,0.0,0.0405352782226203,0.0,0.0837462188729971,0.0,0.0,0.3200686505524941,0.0,0.0,0.0,0.0,0.3242563110722361,0.3327802329690886,0.2558136448140569,0.3793625225506935,0.0,0.0,0.0,0.2983248038095383,0.0,0.2960769346368739,0.0,0.2587701765018719,0.0,0.3157824639369231,0.5208731655595719,0.4259018242125363,0.2688736981601846,0.5015990616762056,0.0,0.0,0.4038150054456891,0.0,0.5781584053924063,0.46635111604045,0.6393918716806893,0.0844926030620117,0.0,0.0,0.0977156245316538,0.0,0.3317872836492028,0.1294105690844366,0.0,0.4408500248255049,0.1567205959992724,0.0965043002339688,0.0700241177579453,0.1313360350977676,0.1447314491174658,0.3731124657894279,0.3312577728997313,0.0,0.0,0.0,0.0,0.0,0.4557936032652164,0.0,0.2802189823633723,0.0,0.0,0.0,0.2909877602005563,0.0,0.0,0.0,0.2939032496333232
0.0,0.0,0.0,0.0,0.0,0.1699772036199971,0.0,0.0,0.0,0.0,0.0,0.0,0.0,0.0,0.1846473298874367,0.0,0.0,0.0,0.0,0.1539770888335435,0.1672699419804849,0.0288827506846079,0.3012182024305749,0.0,0.0,0.0,0.1888850077701121,0.0,0.0863549690844094,0.0,0.0,0.0,0.0,0.0,0.2894271950142917,0.0,0.5402736078660855,0.0,0.098847821277563,0.0,0.5781584053924063,0.0,0.4153656421616812,0.4339692047868982,0.0,0.0,0.0,0.0,0.0,0.0351586432683538,0.1729913988144708,0.0,0.0155794044227042,0.0288935851421191,0.0,0.0,0.0,0.0,0.0,0.0,0.2646126355476544,0.0,0.0,0.0,0.0,0.1960726635905876,0.0,0.0361995319690314,0.0,0.0,0.0,0.1615859424793491,0.0,0.0621115073264418,0.0,0.6302193800995243
0.0,0.0,0.2660528174378584,0.0,0.2813262105753807,0.0962778521543089,0.0,0.2885323409376608,0.0629133754826652,0.0,0.0777457304448689,0.0,0.2660454912842951,0.2007272250151335,0.0,0.0,0.0,0.0,0.0430870238326137,0.0,0.0,0.0,0.3756213625241027,0.0,0.0,0.0,0.2418844631947695,0.0,0.0,0.0,0.0,0.4440466909945093,0.0,0.1048913995373126,0.4372822619997599,0.6253585940941233,0.0,0.0,0.3638408866564731,0.0,0.46635111604045,0.4153656421616812,0.0,0.7786555251660167,0.0495124521870495,0.0,0.0,0.1767658536768715,0.4132520743653604,0.1940211212504521,0.1836403908330844,0.0331292417684776,0.1278640096350784,0.136416986506082,0.0,0.0792829520018387,0.0,0.3779044290647668,0.2728932316337805,0.2944531911782826,0.0,0.0,0.0,0.0,0.2865349486393054,0.4329453388629266,0.2852981746646066,0.2416997517469311,0.0,0.0,0.0,0.3256008702066055,0.3746168856298194,0.2801711604433976,0.0,0.5222885109056856
0.0,0.0,0.0,0.0,0.0,0.0,0.0,0.0,0.0,0.0,0.0,0.0,0.0,0.0,0.0,0.0,0.0,0.0,0.0,0.0,0.0,0.0,0.0,0.0,0.0,0.0,0.0,0.0,0.0,0.0,0.0,0.33544173488945,0.0,0.0,0.3377783170250365,0.3337963581933892,0.0,0.0,0.365327454731773,0.0,0.6393918716806893,0.4339692047868982,0.7786555251660167,0.0,0.0,0.0,0.0,0.3512287572782669,0.0757116425583648,0.300814241226861,0.2441760572874307,0.0,0.2334582567777735,0.0654531172491215,0.0,0.1877560230511455,0.0,0.2489558177292175,0.0695549993972278,0.0,0.0,0.0,0.0,0.0812503900609226,0.0,0.0,0.0,0.4384171100984163,0.0,0.0,0.0,0.4015664559156575,0.2519811900408589,0.361523628519277,0.0,0.5087965222360423
0.0,0.0,0.0,0.0,0.0,0.0,0.0,0.0,0.0,0.4986326065021552,0.0,0.0064699769388102,0.0,0.0,0.0,0.0,0.0,0.0,0.0,0.0,0.0,0.0,0.0,0.4274024497021517,0.0,0.1639117913338517,0.0,0.0,0.0,0.0,0.0,0.273977131684642,0.3850003356693498,0.2869021237115448,0.3078620023432311,0.0,0.0,0.6097929003499286,0.1162085612841068,0.3407574537003556,0.0844926030620117,0.0,0.0495124521870495,0.0,0.0,0.0816173898037808,0.0,0.0,0.0,0.0,0.0,0.0955677132332574,0.0,0.0,0.6026964706053449,0.0,0.2456037583652814,0.2500521583816019,0.0,0.0,0.0,0.5376935712198955,0.0,0.0,0.0,0.0,0.0,0.0,0.5300515955019592,0.2831048260647656,0.284490322774633,0.0,0.1712192853149231,0.0,0.0,0.1185039550269521
0.790272894112554,0.0604026164256591,0.0,0.0,0.0,0.0,0.0,0.0,0.0,0.0,0.0,0.0,0.0,0.0,0.0,0.3986588740895107,0.0,0.11525620899227,0.0,0.0,0.0,0.0,0.0,0.555329842032104,0.0725002655961119,0.4831151705442247,0.0,0.0,0.0,0.0,0.4495178861698521,0.1870598017252222,0.2195238696340078,0.2093390833919377,0.0,0.0,0.0,0.0,0.0,0.3549886175603595,0.0,0.0,0.0,0.0,0.0816173898037808,0.0,0.5339785038474582,0.0,0.0,0.0,0.0725505269914238,0.0,0.0389323519686496,0.0,0.1693311397025561,0.0,0.217272070880636,0.3772675153245242,0.0,0.0407882745641521,0.0,0.0,0.1441288155147527,0.0,0.0767932589050658,0.0,0.219600793575078,0.0715770448300446,0.3920878767335092,0.4056102004141214,0.5534327469587328,0.0,0.2622185295240348,0.0,0.0,0.0
0.4005135241684334,0.0349536132172465,0.0,0.0,0.0,0.0,0.0,0.0,0.0,0.0,0.0,0.0,0.0,0.0,0.1732958604593153,0.5625476669177499,0.0,0.3373883176064041,0.0,0.0,0.0,0.0102771326835696,0.0448964936406854,0.0,0.2023167824626733,0.5516338743955183,0.0,0.0,0.0,0.0,0.1073231126795166,0.4402755790148039,0.0,0.0,0.090732409261006,0.0,0.0,0.0,0.2752386316945764,0.0501971148736773,0.0,0.0,0.0,0.0,0.0,0.5339785038474582,0.0,0.0,0.0,0.0,0.3850357822813716,0.6290717680249757,0.0,0.3750350304108079,0.1499604081918158,0.0,0.0,0.5996631950188748,0.0,0.0,0.3521769059000232,0.3806953041522374,0.4895830192751322,0.0,0.3728096671046805,0.0,0.507156924349542,0.1982690364224395,0.0,0.3677917311389029,0.5787661604188856,0.1137228043143658,0.5807258036741113,0.2970872080684224,0.0,0.0
0.0,0.0,0.5891689227610067,0.0,0.6485681488465501,0.5224958943712815,0.0,0.3973963880361967,0.5719651527688264,0.0,0.6465686114736156,0.0,0.6717334176161991,0.1163824682784084,0.0,0.0,0.0,0.0,0.6351170276495346,0.0,0.0,0.0,0.5247441590019913,0.0,0.0,0.0,0.5375194161583415,0.0,0.0,0.0,0.0,0.3428035749853924,0.0,0.0,0.0,0.2993488473831526,0.0,0.0,0.3218988170873563,0.0,0.0977156245316538,0.0,0.1767658536768715,0.3512287572782669,0.0,0.0,0.0,0.0,0.1433829216605589,0.3949964479915057,0.4569756979896596,0.3472749471394665,0.2307637130739163,0.4495354191225068,0.0,0.6729043942245565,0.0,0.531094692585218,0.0,0.0,0.0,0.0,0.0,0.6766219102439781,0.0,0.0,0.0,0.6968147124436176,0.0,0.0,0.0,0.5312027143718879,0.4873250290172988,0.4254024059658853,0.3646903946806696,0.1782775698169615
0.0,0.0,0.0,0.0,0.0,0.0,0.0,0.0,0.0,0.0,0.0,0.0,0.0,0.0,0.0,0.0,0.0,0.0,0.0,0.0,0.0,0.0,0.0,0.0,0.0,0.0,0.0,0.0,0.0,0.0,0.0,0.0,0.0,0.0,0.0,0.0,0.0,0.0,0.2928603223363814,0.0,0.0,0.0,0.4132520743653604,0.0757116425583648,0.0,0.0,0.0,0.1433829216605589,0.0,0.2656654730438651,0.094447097894573,0.7199948959743864,0.0,0.15311571201506,0.0,0.0427603511640594,0.0,0.6191769222185679,0.4152684301778089,0.0,0.0,0.0,0.0,0.1949287708028773,0.0,0.0,0.0,0.0,0.0,0.0,0.0,0.0,0.6912614004751434,0.0,0.0,0.3294832546051034
0.0,0.0,0.0444576615647608,0.0,0.0,0.0,0.0,0.3585348613223815,0.0,0.0,0.6245998035435328,0.0,0.0,0.0,0.0,0.0,0.0,0.0,0.0,0.0,0.0,0.0,0.0912424358639698,0.0,0.0,0.0,0.0,0.0,0.0,0.0,0.0,0.0,0.0,0.0,0.0,0.0,0.0,0.0,0.0,0.3227087243246825,0.3317872836492028,0.0351586432683538,0.1940211212504521,0.300814241226861,0.0,0.0,0.0,0.3949964479915057,0.2656654730438651,0.0,0.2004881769827853,0.6356776775953343,0.1287524711484571,0.5000154420329712,0.0,0.7099478308202188,0.0,0.5086050877395305,0.6325528341772162,0.0,0.0,0.0,0.0,0.2802739160631941,0.0,0.0,0.0,0.2814357484158748,0.0,0.0,0.0,0.0,0.1723530877769858,0.0,0.0,0.0635935843498309
0.0,0.0,0.4917177306352613,0.0,0.0,0.493616918686593,0.0,0.3464925174225297,0.6316046920640029,0.0,0.4018430728375942,0.0,0.4411536718494703,0.0,0.5610885632617757,0.0,0.0,0.0,0.5751267634933513,0.1686760106519184,0.5039260281225372,0.4053720403127632,0.622262455325708,0.0,0.0,0.0,0.3646012235312346,0.3055007072607419,0.1771491450841106,0.0,0.0,0.2046593619457258,0.0,0.0,0.0,0.0,0.0,0.0,0.3811645311486755,0.0,0.1294105690844366,0.1729913988144708,0.1836403908330844,0.2441760572874307,0.0,0.0725505269914238,0.3850357822813716,0.4569756979896596,0.094447097894573,0.2004881769827853,0.0,0.1922609910826534,0.0,0.7231085602685573,0.0756092614978332,0.307242285073171,0.0,0.4608115159385643,0.0,0.0323853884900635,0.5735170813431534,0.022428676588967,0.4403622154439608,0.3616596131006196,0.6158733110662562,0.3858772500260771,0.6240241439896094,0.6165377186978256,0.0,0.0365458940656821,0.2821225189038474,0.6052037637241472,0.4024203914459251,0.703398164399103,0.5102474305610786,0.396894308478285
0.0,0.0,0.0,0.0,0.0,0.0,0.0,0.0,0.0,0.0,0.4496731400149967,0.0,0.0,0.0,0.0,0.0,0.0,0.0,0.0,0.0,0.0,0.0,0.0,0.0,0.0,0.0,0.0,0.0,0.0,0.0,0.0,0.0,0.0,0.0,0.0,0.5096167603509175,0.0,0.0,0.0,0.3062472782592592,0.0,0.0,0.0331292417684776,0.0,0.0955677132332574,0.0,0.6290717680249757,0.3472749471394665,0.7199948959743864,0.6356776775953343,0.1922609910826534,0.0,0.0,0.4948288783340132,0.0871774233441539,0.490067559387934,0.0,0.7694302059270052,0.4645120426008746,0.0,0.2577498882669097,0.3394685644236827,0.3254511306439406,0.4117950757579169,0.0807585356980565,0.0,0.3104098715390223,0.0921277767043472,0.0,0.1076572261980902,0.1439488241788777,0.0,0.5600089577667015,0.0477478841914064,0.0,0.0
