0.0,0.45873441752703,0.0,0.0,0.0,0.2051246280975633,0.0,0.1031390260562618,0.0,0.1405284949275627,0.0,0.0,0.0,0.0,0.1698658031944099,0.3280525866424298,0.2915572848102375,0.2349622300631556,0.0,0.1607408540378453,0.4076436112601876,0.346139324406464,0.2679985096652224,0.0176040947336583,0.4658959138911372,0.3262539351975411,0.2767123842566571,0.2825499621165801,0.328806500936976,0.0,0.135390538394634,0.2400184355264831,0.1196601453554597,0.1291110232784014,0.2039293783738585,0.0,0.0,0.0,0.053093579061874,0.2444341293293161,0.0276990195942866,0.0,0.0,0.0,0.0,0.697561058157986,0.1240228491527876,0.0,0.0,0.0,0.0,0.0,0.0,0.0,0.1267908522298315,0.0,0.0,0.0,0.0,0.0,0.3662963921146401,0.0,0.2873447315457419,0.0,0.0,0.3341375291344216,0.2557063515593799,0.0,0.0665316056790326,0.2057871064396855,0.33285289765149,0.0,0.0,0.0,0.0,0.0
0.45873441752703,0.0,0.0,0.0,0.2099855748851724,0.5796022672865002,0.3746215015740917,0.1570003533433497,0.3022980150731827,0.0,0.0,0.0,0.510276036006595,0.0,0.1012621849333888,0.4966585412973459,0.0,0.5218778418454941,0.0,0.3297083811028737,0.3246659419884376,0.4468172023583036,0.4270084802285931,0.0,0.503651165236276,0.7711911837862121,0.355773570518205,0.2720338982173175,0.2717503128613648,0.0,0.1658712736124893,0.2689883268306169,0.1388879481974387,0.0454760758687175,0.1108394315272458,0.0,0.0,0.0,0.0290156861703193,0.2863608801193017,0.1144319451470838,0.0594848402199847,0.0,0.0,0.0,0.3072988433644228,0.5103516058729388,0.0,0.0,0.0,0.0,0.0,0.0,0.0,0.0,0.0,0.0,0.0,0.0,0.0524151406814261,0.1388343743912124,0.0,0.3113767574553214,0.0,0.347049020308482,0.1251379707429558,0.152378367965904,0.4481915802832976,0.0,0.2697757530216426,0.6705055818662455,0.4520406437749187,0.0,0.3254799899704372,0.0,0.0439760016146513
0.0,0.0,0.0,0.0,0.7767272797315173,0.800319784265862,0.7619732629831719,0.6977325237610782,0.8810411081790348,0.6277759866920405,0.8668891840711848,0.0,0.490980518481647,0.4818340223732946,0.0,0.0,0.0,0.0,0.6692071026453427,0.0,0.0,0.0,0.7494074809825522,0.0,0.0,0.0,0.8372609517512839,0.6441477228522406,0.0,0.4860271169115771,0.7252976451903772,0.2672606233729042,0.0,0.3656810852267637,0.0,0.424408112713966,0.0,0.0,0.0,0.0,0.0,0.0,0.1613877705526452,0.0,0.0,0.0,0.0,0.7450485696135875,0.0,0.7535330479523917,0.5613648975977056,0.0,0.7321039106604638,0.7759088281314237,0.0,0.6325274815201313,0.0,0.0,0.2762683811684864,0.0,0.0,0.0,0.0,0.5022308144541539,0.0,0.0,0.0,0.6252034812444671,0.0,0.0,0.0,0.6789634471965849,0.0,0.0,0.0,0.0
0.0,0.0,0.0,0.0,0.3925093883336047,0.5279537018660708,0.6132660992119369,0.3032166374451068,0.4947535892604459,0.3284720283905464,0.3381666426695127,0.0,0.4100092217312742,0.2451913195728985,0.0,0.0,0.0,0.0,0.3571028999891588,0.0,0.0,0.0,0.3369134735956685,0.0,0.0,0.0,0.5098362226781181,0.5579754920286977,0.0,0.0,0.0,0.2491588066445971,0.0,0.1830476142218648,0.0,0.3251329155140838,0.0113382496200233,0.0,0.0,0.0,0.0,0.0,0.0,0.0,0.0,0.0,0.0,0.0,0.0,0.0,0.0,0.0,0.0,0.0,0.0,0.0,0.0,0.0,0.0,0.0,0.0,0.0,0.0,0.0,0.0,0.0,0.0,0.0,0.0,0.0,0.0,0.0,0.0,0.0,0.0,0.0
0.0,0.2099855748851724,0.7767272797315173,0.3925093883336047,0.0,0.6609934752322799,0.7708236053019483,0.5729416956523941,0.8409572695217862,0.4994485316899384,0.7943149209849906,0.0,0.4538586556902806,0.4082603351559501,0.0,0.0,0.0,0.0,0.5099009314737808,0.7298267796894149,0.0,0.6176808457819711,0.5911173035489542,0.0,0.2602194375865093,0.0,0.7501703526586143,0.6124307404064532,0.7272439552038437,0.0,0.6389699722862039,0.173976995253985,0.3099734303187723,0.3881221869260524,0.0,0.375319777574058,0.05300857899286,0.322828759217968,0.0,0.0,0.0,0.0,0.1874871261323991,0.0,0.0,0.0,0.0,0.647282055426936,0.0,0.0,0.0,0.0,0.6466162899962599,0.7290991719384726,0.0,0.6529963175555231,0.0,0.0,0.0,0.0,0.0,0.0,0.0,0.0,0.0,0.0,0.0,0.4761085993277337,0.0,0.0,0.0,0.6115692314149401,0.0,0.0,0.0,0.0
0.2051246280975633,0.5796022672865002,0.800319784265862,0.5279537018660708,0.6609934752322799,0.0,0.7875492576222644,0.6733999341650788,0.8324786329653744,0.5969306181273756,0.6856081774366819,0.0,0.6697995690771636,0.4882768102608844,0.6361409064306286,0.6158015595559574,0.0,0.5735916466574772,0.6636241760420599,0.8165337700553071,0.7259887023706832,0.7099028712715783,0.8050817458920061,0.0,0.306825112940923,0.5314144854188778,0.8181971258487152,0.6121875995222199,0.7593092380376473,0.4266918888497652,0.6165066258195359,0.3486757405160157,0.1842890175179991,0.3043768809497985,0.0,0.3666782458547785,0.0,0.0,0.0,0.0,0.2398476538011041,0.0,0.2842659488528729,0.0,0.0,0.0,0.0,0.7056205482944928,0.0,0.0,0.7714857942014302,0.6576820181714524,0.743007131728912,0.7498996334559932,0.0,0.58626908124475,0.0,0.620590103411254,0.0,0.6055868617124761,0.0,0.0,0.0,0.5545082133823656,0.6765494375485822,0.5669633355812134,0.5354621601438783,0.7366121622132793,0.0,0.0,0.0,0.6960095702841037,0.3363933564213314,0.2568483234241269,0.0,0.0
0.0,0.3746215015740917,0.7619732629831719,0.6132660992119369,0.7708236053019483,0.7875492576222644,0.0,0.5248952753053315,0.8074982003448251,0.6149584247316959,0.7348906820859606,0.0,0.6071076543939125,0.4069083177337074,0.0,0.601850879557224,0.470685659906194,0.4922860720152383,0.5596541274659504,0.7532823739730287,0.0,0.6832376509731923,0.5614512408187292,0.0,0.2553228539764087,0.3131329312230198,0.793465885851703,0.7036714228794533,0.7766455894597053,0.0,0.7005374427458235,0.3231937394261951,0.2610147113175553,0.3248118660035481,0.0,0.4456513132891724,0.0679632454319838,0.2701324646823853,0.0,0.0,0.0,0.0,0.0,0.0,0.0,0.0,0.0,0.0,0.0,0.0,0.5193293886872969,0.0,0.0,0.0,0.0,0.0,0.0,0.0,0.0,0.0,0.0,0.0,0.0,0.0,0.0,0.0,0.0,0.4841295901562034,0.0,0.0,0.0,0.6674923312416421,0.0,0.0,0.0,0.0
0.1031390260562618,0.1570003533433497,0.6977325237610782,0.3032166374451068,0.5729416956523941,0.6733999341650788,0.5248952753053315,0.0,0.6466718469993846,0.3441254899852635,0.7083838716281428,0.0,0.5146830732002472,0.4370507243665543,0.617442582061261,0.2848600955949874,0.0,0.2628619975600649,0.3745342916150638,0.5870026037709802,0.6590132763459483,0.3767265589729153,0.8554483845340572,0.0,0.0860829496591234,0.380432733512216,0.5196285068504238,0.5631709785583586,0.5249288071622965,0.3691511306664755,0.5369467314957396,0.1742017449661091,0.1450695456751654,0.2854545248523236,0.0,0.4115956338299012,0.0,0.0,0.0,0.0,0.1853787535916515,0.0,0.163899298087936,0.0,0.0,0.0,0.0,0.6469507789764544,0.0,0.4280096923180816,0.3958450009762727,0.2703931672931209,0.8642146394456135,0.6099977068976926,0.0,0.5084267729960211,0.0,0.2708611477220258,0.1941369339013999,0.6651392323512326,0.0,0.0,0.0,0.2758945551926491,0.4276234847362076,0.6817110638892248,0.0,0.6596932992896786,0.0,0.0,0.0,0.385957448941585,0.036168795428472,0.0479482633336406,0.0,0.0
0.0,0.3022980150731827,0.8810411081790348,0.4947535892604459,0.8409572695217862,0.8324786329653744,0.8074982003448251,0.6466718469993846,0.0,0.5870454486674456,0.8441923525327647,0.0,0.5462111516316198,0.4172781455015915,0.0,0.5469295938456051,0.0,0.0,0.6340650939426311,0.863451481502395,0.0,0.6853322563505807,0.7103724806502422,0.0,0.0,0.0,0.8570930056407783,0.6605129053032719,0.7675981660917369,0.4752104139284296,0.6774088495373006,0.2368093974149647,0.3191442884215755,0.3439377811857303,0.0,0.4191290433054266,0.0,0.3069462767129137,0.0,0.0,0.0,0.0,0.2119862780499965,0.0,0.0,0.0,0.0,0.7401637694587152,0.0,0.0,0.5773118026259798,0.0,0.7064054301048909,0.8967227465329518,0.0,0.6440626242051798,0.0,0.0,0.2149403870438209,0.0,0.0,0.0,0.0,0.4434827735771274,0.0,0.0,0.0,0.6014357374367957,0.0,0.0,0.0,0.7229541898667868,0.0,0.0,0.0,0.0
0.1405284949275627,0.0,0.6277759866920405,0.3284720283905464,0.4994485316899384,0.5969306181273756,0.6149584247316959,0.3441254899852635,0.5870454486674456,0.0,0.5522739036124085,0.1481907629309585,0.3061685096504564,0.324984065296063,0.0,0.3824160053928662,0.3962385001737973,0.4080342593170357,0.5408387769725708,0.0,0.0,0.5344667924592816,0.3983554441361069,0.0,0.4308363634334981,0.2449142355052403,0.5583296542934638,0.2710334451602958,0.0,0.0,0.4528629439360334,0.213944050309438,0.418491110772267,0.1238939477054494,0.0,0.2703167501417131,0.0,0.0810506642689797,0.0,0.2496786600567738,0.2767997648584503,0.0,0.0,0.0,0.0,0.0,0.0,0.0,0.0,0.0,0.0,0.0,0.0,0.0,0.7419643470624774,0.0,0.0,0.0,0.0,0.0,0.0,0.6795113399288508,0.3036164651042222,0.0,0.0,0.0,0.0,0.0,0.0,0.561001405357408,0.2790264265013607,0.0,0.4559526577581445,0.0,0.0,0.2000134485626657
0.0,0.0,0.8668891840711848,0.3381666426695127,0.7943149209849906,0.6856081774366819,0.7348906820859606,0.7083838716281428,0.8441923525327647,0.5522739036124085,0.0,0.0,0.4109096985442389,0.4882738864266119,0.0,0.0,0.0,0.0,0.5973743109262979,0.0,0.0,0.0,0.6326980026847562,0.0,0.0,0.0,0.7000197300867285,0.5912593188986961,0.0,0.0,0.6848673371676978,0.1638407458490011,0.3203932877831134,0.3829409546517243,0.0,0.445690451971136,0.0176378832958586,0.3545154492577506,0.0,0.0,0.0,0.0,0.2273073004115264,0.0,0.0,0.0,0.0,0.5382020088922377,0.0,0.6675494273431178,0.366653263955269,0.5217925721163481,0.6872340252422168,0.7118651418474844,0.0,0.6755591619508946,0.0,0.2664023890993918,0.2864509959469318,0.0,0.0,0.0,0.0,0.3909723276912002,0.0,0.0,0.0,0.4424268751855026,0.0,0.0,0.0,0.5067160654805627,0.0,0.0,0.0,0.0
0.0,0.0,0.0,0.0,0.0,0.0,0.0,0.0,0.0,0.1481907629309585,0.0,0.0,0.2165370756324343,0.0,0.0,0.0,0.3085870041103548,0.1973374609063175,0.0,0.0,0.0,0.0,0.0,0.6584644320517562,0.1227035086918938,0.4385148308248961,0.0,0.0,0.0,0.0,0.0,0.0,0.227542622304162,0.0,0.0562628851348715,0.0,0.0784960000581886,0.0,0.1725035358621712,0.2917413304383979,0.0,0.0,0.0,0.0,0.0,0.0,0.0,0.0,0.0,0.0,0.0,0.0,0.0,0.0,0.0,0.0,0.2226751594672748,0.0,0.0,0.0,0.0,0.0,0.0,0.0,0.0,0.0,0.0,0.0,0.4159494605102098,0.0,0.3258466477325482,0.0,0.0,0.0,0.0,0.0
0.0,0.510276036006595,0.490980518481647,0.4100092217312742,0.4538586556902806,0.6697995690771636,0.6071076543939125,0.5146830732002472,0.5462111516316198,0.3061685096504564,0.4109096985442389,0.2165370756324343,0.0,0.1223440260291025,0.3050843689130497,0.6101940651550021,0.6072196626723029,0.5815645849251325,0.3637941234375844,0.5292119154625182,0.4795042372421508,0.3991512783552774,0.6292758628585808,0.0,0.0550263247750505,0.6223720262949953,0.4052202909162687,0.776543213177835,0.4608098454416816,0.4307241866551341,0.3925649482451113,0.3156770672679391,0.1365288694599651,0.2112702084645087,0.0,0.2985396170321039,0.0499130189407617,0.1152664839998528,0.0,0.0,0.0,0.0,0.2046901667748127,0.0,0.0,0.0,0.0,0.5849777947599204,0.0,0.0,0.4235202273190147,0.0,0.5337383255491149,0.0,0.0,0.0,0.0,0.0,0.0,0.0,0.0,0.0,0.0,0.0,0.0,0.0,0.0,0.4415390943869114,0.0,0.0,0.0,0.3451010302770082,0.0,0.1107738301538564,0.0,0.0
0.0,0.0,0.4818340223732946,0.2451913195728985,0.4082603351559501,0.4882768102608844,0.4069083177337074,0.4370507243665543,0.4172781455015915,0.324984065296063,0.4882738864266119,0.0,0.1223440260291025,0.0,0.0,0.0,0.0,0.0,0.4378782583037646,0.0,0.29570671573844,0.0,0.3913326050427753,0.0,0.0,0.0,0.3582432931831985,0.1720906909724729,0.0,0.0,0.4017553797869023,0.0814872235133377,0.0,0.139712037732329,0.0,0.2926483057345298,0.1106504261936268,0.0,0.0,0.0,0.0,0.0,0.2291906868170516,0.0,0.0,0.0,0.0,0.1706833724015349,0.0,0.0,0.0,0.0,0.0,0.3032992713960074,0.0,0.376251944290595,0.0,0.0,0.0,0.0,0.0,0.0,0.0,0.0,0.0,0.0,0.0,0.3021344968505899,0.0,0.0,0.0,0.0,0.0,0.0,0.0,0.0
0.1698658031944099,0.1012621849333888,0.0,0.0,0.0,0.6361409064306286,0.0,0.617442582061261,0.0,0.0,0.0,0.0,0.3050843689130497,0.0,0.0,0.5021479219496596,0.0,0.2781955936560025,0.0,0.8383560221062857,0.7756101532438068,0.7067820442334839,0.6263368726093247,0.0,0.1193530882546691,0.1382966369031466,0.8184675575789216,0.6188249373336067,0.7806665913761862,0.0,0.7313138047927842,0.1447404959198872,0.1146475774431631,0.477575122772637,0.0,0.4407016898750478,0.0,0.0,0.0,0.0,0.2513637950496419,0.0,0.0,0.0,0.0,0.0,0.3320321627911256,0.0,0.0,0.0,0.4085366189310646,0.0,0.6420265588100194,0.0,0.0,0.0,0.0,0.0,0.0,0.934245154841861,0.3987399248014163,0.0,0.0,0.0,0.7313941349205939,0.7653536444676526,0.7787230134841361,0.5357802019415528,0.0,0.0,0.0868042785691365,0.6715168312893436,0.120135179397263,0.3016106993309862,0.0,0.0634522304409596
0.3280525866424298,0.4966585412973459,0.0,0.0,0.0,0.6158015595559574,0.601850879557224,0.2848600955949874,0.5469295938456051,0.3824160053928662,0.0,0.0,0.6101940651550021,0.0,0.5021479219496596,0.0,0.5584234682345821,0.6742769091511819,0.0,0.6452798212866059,0.5476050878363415,0.691361325719755,0.4262815985730789,0.0,0.1329278188191095,0.4546152111159419,0.5985673476455157,0.6634915676451082,0.5926038304003155,0.3253827626431083,0.5504220016797305,0.3776526608266555,0.1414601975900373,0.2922606661111255,0.0,0.0,0.0,0.0,0.0,0.0575254693579254,0.177829117812249,0.0,0.0,0.0,0.0,0.3413735860521605,0.4025133067715379,0.0,0.0,0.0,0.0,0.0,0.0,0.0,0.0,0.0,0.0,0.0,0.0,0.4549506867011766,0.3864489526153634,0.0,0.4747881241017363,0.0,0.5372306899971546,0.4312639650717509,0.4243025177263627,0.0,0.0,0.2663167456898218,0.3384833481826882,0.0,0.0,0.0,0.0,0.0
0.2915572848102375,0.0,0.0,0.0,0.0,0.0,0.470685659906194,0.0,0.0,0.3962385001737973,0.0,0.3085870041103548,0.6072196626723029,0.0,0.0,0.5584234682345821,0.0,0.5321470347399117,0.0,0.438021863270027,0.0,0.4425589411079202,0.0,0.021026403757156,0.246461534761108,0.5897779420372482,0.0,0.519377236913877,0.0,0.0,0.3470067829763109,0.252905095508942,0.1801792622990937,0.2704499039202634,0.0,0.0,0.0,0.2326833565177294,0.0,0.0,0.1828959471865799,0.0,0.0,0.0,0.0,0.0,0.0,0.0,0.0,0.0,0.0,0.0,0.0,0.0,0.3622730369496874,0.0,0.3795795747715119,0.0,0.0,0.0,0.0,0.4320635150238753,0.23442943457737,0.0,0.0,0.0,0.0,0.0,0.0123528741493778,0.0738772486535337,0.3389126845367518,0.0,0.0,0.0,0.0,0.0
0.2349622300631556,0.5218778418454941,0.0,0.0,0.0,0.5735916466574772,0.4922860720152383,0.2628619975600649,0.0,0.4080342593170357,0.0,0.1973374609063175,0.5815645849251325,0.0,0.2781955936560025,0.6742769091511819,0.5321470347399117,0.0,0.0,0.4787248765168675,0.3753151605624322,0.5348575297807701,0.3559066714313922,0.0312404445512573,0.3472201565628207,0.4828255436683045,0.4570317352250135,0.4408971964427571,0.4495966260506282,0.0,0.3673366733372807,0.1962153817971482,0.2656156903892599,0.1686317146293683,0.0,0.0,0.0,0.0,0.0,0.2090061118959278,0.1550930450770441,0.0,0.0,0.0,0.0,0.199444064675534,0.2751831890954019,0.0,0.0,0.0,0.0,0.0,0.0,0.0,0.3574075675596881,0.0,0.1673941720479558,0.0,0.0,0.0,0.2294573702422724,0.5386488655445105,0.4343172079627542,0.0,0.0,0.0,0.2524352184390472,0.0,0.0384780585086516,0.2574154081734538,0.3702871395747056,0.0,0.0,0.0,0.0,0.0553245971929897
0.0,0.0,0.6692071026453427,0.3571028999891588,0.5099009314737808,0.6636241760420599,0.5596541274659504,0.3745342916150638,0.6340650939426311,0.5408387769725708,0.5973743109262979,0.0,0.3637941234375844,0.4378782583037646,0.0,0.0,0.0,0.0,0.0,0.0,0.0,0.0,0.4142121144255178,0.0,0.0,0.0,0.5759785067857668,0.421359504198677,0.0,0.0,0.5098556608579043,0.2893239719887042,0.0,0.3393336874320473,0.0,0.3630672940006803,0.1107768732984574,0.0,0.0,0.0,0.0,0.0,0.3554769445760743,0.0,0.0,0.0,0.0,0.4733155533912336,0.0,0.0,0.5442755489847791,0.0,0.4431310096124753,0.5787356895565454,0.0,0.628277794893273,0.0,0.0,0.389213623453585,0.0,0.0,0.0,0.0,0.7725764629265381,0.0,0.0,0.0,0.4355135127585912,0.0,0.0,0.0,0.4840282003991033,0.0,0.0,0.0,0.0
0.1607408540378453,0.3297083811028737,0.0,0.0,0.7298267796894149,0.8165337700553071,0.7532823739730287,0.5870026037709802,0.863451481502395,0.0,0.0,0.0,0.5292119154625182,0.0,0.8383560221062857,0.6452798212866059,0.438021863270027,0.4787248765168675,0.0,0.0,0.7791272753934043,0.8300818443499011,0.6783287868358373,0.0,0.2202892516751706,0.2872989016700536,0.90008608704533,0.7192862149392247,0.8569701706306982,0.549980125087128,0.7768796893740781,0.2903616474906621,0.168090591823403,0.34649831546998,0.0,0.4169770575110041,0.0,0.0,0.0,0.0,0.2987512760930771,0.0,0.0,0.0,0.0,0.0,0.4905329651115197,0.0,0.0,0.0,0.5565682835548553,0.0,0.6796815831288836,0.0,0.0,0.0,0.0,0.0,0.0,0.8328838764555115,0.0,0.0,0.0,0.0,0.8654736737177832,0.6870758976596297,0.7779208495074418,0.600611838015724,0.0,0.0,0.2468006020963138,0.785696578666176,0.341331432853686,0.3555001821144274,0.0,0.0533840854517216
0.4076436112601876,0.3246659419884376,0.0,0.0,0.0,0.7259887023706832,0.0,0.6590132763459483,0.0,0.0,0.0,0.0,0.4795042372421508,0.29570671573844,0.7756101532438068,0.5476050878363415,0.0,0.3753151605624322,0.0,0.7791272753934043,0.0,0.7131953711681082,0.7334479576010431,0.0,0.2907635284659002,0.3106216034530703,0.8300499501670313,0.6677938720820998,0.8451735993645614,0.5319920703042628,0.72541812059518,0.3407378059691063,0.1347163241575809,0.4463813355411978,0.0,0.3665958305868625,0.0,0.0,0.0,0.0,0.284632205309717,0.0,0.0,0.0,0.0,0.3998876571074152,0.4155540554105267,0.0,0.0,0.0,0.5046847488982441,0.0,0.7159914269115629,0.0,0.0,0.0,0.0,0.0,0.0,0.7673636565313017,0.4798128663175814,0.0,0.0,0.0,0.7118836947446152,0.8914459742181006,0.7060217298754826,0.6495676605132853,0.0,0.526300703258999,0.2308436131726462,0.7167250923149833,0.3142589698984316,0.4751594832654584,0.0,0.0730680797001288
0.346139324406464,0.4468172023583036,0.0,0.0,0.6176808457819711,0.7099028712715783,0.6832376509731923,0.3767265589729153,0.6853322563505807,0.5344667924592816,0.0,0.0,0.3991512783552774,0.0,0.7067820442334839,0.691361325719755,0.4425589411079202,0.5348575297807701,0.0,0.8300818443499011,0.7131953711681082,0.0,0.5058931904010022,0.0,0.3328630392666864,0.3069457161538332,0.8495301154308245,0.5720351126588592,0.7674415690786142,0.3977742592542447,0.6367490823337517,0.3190809136038097,0.1791237746990554,0.3233542427800775,0.0,0.2838637039087436,0.0,0.0,0.0,0.0824064969340525,0.2633528937357747,0.0,0.0,0.0,0.0,0.4265268834770621,0.5493964181551992,0.0,0.0,0.0,0.614365049894313,0.0,0.0,0.0,0.0,0.0,0.0,0.0,0.0,0.6877630959040344,0.4781541380204075,0.0,0.440524089954377,0.0,0.7861977501016865,0.5829022192357146,0.7516371048235596,0.5682610174267849,0.0,0.5505478964042214,0.3102008294075289,0.8310170972439886,0.0,0.511999961786181,0.0,0.2003334264247659
0.2679985096652224,0.4270084802285931,0.7494074809825522,0.3369134735956685,0.5911173035489542,0.8050817458920061,0.5614512408187292,0.8554483845340572,0.7103724806502422,0.3983554441361069,0.6326980026847562,0.0,0.6292758628585808,0.3913326050427753,0.6263368726093247,0.4262815985730789,0.0,0.3559066714313922,0.4142121144255178,0.6783287868358373,0.7334479576010431,0.5058931904010022,0.0,0.0,0.2318190384935202,0.551960139267514,0.6539327506258734,0.6089039365933814,0.6308997410109868,0.3646580081534111,0.5512784330556006,0.2692367047416299,0.1517722643462225,0.2932600910571066,0.0,0.3722937408780638,0.0,0.0,0.0,0.033990239393007,0.1802863145463113,0.0,0.1023045579953762,0.0,0.0,0.0,0.3373925930757687,0.7800482803717521,0.0,0.5042116199991687,0.5872227020148844,0.3529087418191805,0.8317960173983981,0.6966311058945973,0.0,0.5418228149711869,0.0,0.4466473405323243,0.1670042562141921,0.6439467019677786,0.0,0.0,0.0,0.3537425463053291,0.5177793918001141,0.6974531437994971,0.436304910788084,0.8206478220161799,0.0,0.0,0.4635975305714387,0.5132123013860316,0.1543678546168474,0.1729635787751381,0.0,0.0
0.0176040947336583,0.0,0.0,0.0,0.0,0.0,0.0,0.0,0.0,0.0,0.0,0.6584644320517562,0.0,0.0,0.0,0.0,0.021026403757156,0.0312404445512573,0.0,0.0,0.0,0.0,0.0,0.0,0.1728933711252278,0.3558656579087111,0.0,0.0,0.0,0.0,0.0,0.0,0.1170936050027161,0.0,0.1347984786400392,0.0,0.0,0.0,0.4364309204899753,0.3609891260012713,0.0,0.0,0.0,0.0,0.1364274040939907,0.0343673009457463,0.0,0.0,0.0,0.0,0.0,0.0,0.0,0.0,0.0,0.0,0.0,0.0,0.0,0.0,0.0,0.0,0.0,0.0,0.0,0.0,0.0,0.0,0.755934813724769,0.0,0.3319528365263796,0.0,0.0,0.0,0.0,0.1032493457834851
0.4658959138911372,0.503651165236276,0.0,0.0,0.2602194375865093,0.306825112940923,0.2553228539764087,0.0860829496591234,0.0,0.4308363634334981,0.0,0.1227035086918938,0.0550263247750505,0.0,0.1193530882546691,0.1329278188191095,0.246461534761108,0.3472201565628207,0.0,0.2202892516751706,0.2907635284659002,0.3328630392666864,0.2318190384935202,0.1728933711252278,0.0,0.3499706753211012,0.2921091104815178,0.0046500646584996,0.3235661188833675,0.0,0.1618242078832739,0.0217213530069612,0.4127956158406508,0.1667625055658025,0.0928018838178538,0.0,0.0,0.0,0.2239897701218849,0.4707859802054743,0.2921452747440398,0.0,0.0,0.0,0.0,0.3243209767610014,0.1939323537920969,0.0,0.0,0.0,0.0,0.0,0.0,0.0,0.1793632586989506,0.0,0.0,0.0,0.0,0.0,0.2283265800747989,0.2741369216467627,0.1543406542399639,0.0,0.2263535484161574,0.3011879274350433,0.2423132520997565,0.0,0.1751443034550703,0.4473244776173071,0.2827241323335042,0.0,0.0,0.0,0.0,0.2879015994570367
0.3262539351975411,0.7711911837862121,0.0,0.0,0.0,0.5314144854188778,0.3131329312230198,0.380432733512216,0.0,0.2449142355052403,0.0,0.4385148308248961,0.6223720262949953,0.0,0.1382966369031466,0.4546152111159419,0.5897779420372482,0.4828255436683045,0.0,0.2872989016700536,0.3106216034530703,0.3069457161538332,0.551960139267514,0.3558656579087111,0.3499706753211012,0.0,0.1952559595530111,0.3545044979477986,0.1583358444501379,0.0,0.1272548277190349,0.2430866143925024,0.2465478243605861,0.1238444336289709,0.012536868398112,0.2386233811359063,0.0,0.161241248191168,0.0,0.2757802979505945,0.1573967693346915,0.0,0.0,0.0,0.0,0.2665116179257317,0.2284280065081749,0.0,0.0,0.0,0.0,0.0,0.0,0.0,0.1036427664853556,0.0,0.4420130754776285,0.0,0.0,0.1087383075531424,0.0207552073715392,0.2517163837906621,0.1448215960887889,0.0,0.2305383096401027,0.2247440406147127,0.0535786160172521,0.3994840156591515,0.2810881319677331,0.0537113322324857,0.724345870633652,0.2591447259497002,0.0,0.0565875752422491,0.0,0.0
0.2767123842566571,0.355773570518205,0.8372609517512839,0.5098362226781181,0.7501703526586143,0.8181971258487152,0.793465885851703,0.5196285068504238,0.8570930056407783,0.5583296542934638,0.7000197300867285,0.0,0.4052202909162687,0.3582432931831985,0.8184675575789216,0.5985673476455157,0.0,0.4570317352250135,0.5759785067857668,0.90008608704533,0.8300499501670313,0.8495301154308245,0.6539327506258734,0.0,0.2921091104815178,0.1952559595530111,0.0,0.5881796814644057,0.8996099610295187,0.4700087434466349,0.7183972561009572,0.2651809991191421,0.1300236861796548,0.3367341052756741,0.0,0.3211608003482803,0.0,0.0,0.0,0.0,0.2627268336352483,0.0,0.1425238189680452,0.0,0.0,0.0,0.5819369583232449,0.730374961972218,0.0,0.0,0.6466757370285282,0.7620843444064748,0.6573054154537097,0.7965133227170498,0.0,0.5011881140875559,0.0,0.4295879353699536,0.2177646620900167,0.7934035749124027,0.0,0.0,0.0,0.4743416039249052,0.8662829037735679,0.7377796307878929,0.8092833096139941,0.6608164222567494,0.0,0.0,0.2481267502617409,0.8921547018879341,0.3519863452728387,0.5093546887459858,0.0,0.1172740804849459
0.2825499621165801,0.2720338982173175,0.6441477228522406,0.5579754920286977,0.6124307404064532,0.6121875995222199,0.7036714228794533,0.5631709785583586,0.6605129053032719,0.2710334451602958,0.5912593188986961,0.0,0.776543213177835,0.1720906909724729,0.6188249373336067,0.6634915676451082,0.519377236913877,0.4408971964427571,0.421359504198677,0.7192862149392247,0.6677938720820998,0.5720351126588592,0.6089039365933814,0.0,0.0046500646584996,0.3545044979477986,0.5881796814644057,0.0,0.669046331548819,0.626863803394928,0.6401119756787518,0.3587820307144551,0.1346383356599516,0.3837983861748403,0.0,0.4211803033315894,0.1201038336558335,0.2803825514360383,0.0,0.0,0.2259767976089437,0.0,0.0657312056275492,0.0,0.0,0.0,0.0,0.0,0.0,0.0,0.2874265766943128,0.0,0.5720674232598223,0.0,0.0,0.0,0.0,0.0,0.0,0.6260456255055615,0.0,0.0,0.0,0.0,0.5152378174848289,0.6216914297679456,0.0,0.431610260115508,0.0,0.0,0.0,0.5040828159735808,0.2558767821297922,0.1885202819825022,0.0,0.0
0.328806500936976,0.2717503128613648,0.0,0.0,0.7272439552038437,0.7593092380376473,0.7766455894597053,0.5249288071622965,0.7675981660917369,0.0,0.0,0.0,0.4608098454416816,0.0,0.7806665913761862,0.5926038304003155,0.0,0.4495966260506282,0.0,0.8569701706306982,0.8451735993645614,0.7674415690786142,0.6308997410109868,0.0,0.3235661188833675,0.1583358444501379,0.8996099610295187,0.669046331548819,0.0,0.5136637417809112,0.7937099101672282,0.2947327825518478,0.1564525066041767,0.4681788424719945,0.0,0.3767457169395392,0.0,0.0,0.0,0.0,0.2839827839115331,0.0,0.0,0.0,0.0,0.0,0.3820268423738966,0.0,0.0,0.0,0.4957354159100048,0.0,0.6021052153363354,0.0,0.0,0.0,0.0,0.318642069971062,0.0,0.7880864219052147,0.0,0.0,0.0,0.0,0.7579426959359027,0.8127089322410244,0.7579036197552845,0.576126922683369,0.0,0.0,0.1611853805917911,0.7731215858051754,0.248903059856432,0.5485075744499674,0.0,0.1330935416322152
0.0,0.0,0.4860271169115771,0.0,0.0,0.4266918888497652,0.0,0.3691511306664755,0.4752104139284296,0.0,0.0,0.0,0.4307241866551341,0.0,0.0,0.3253827626431083,0.0,0.0,0.0,0.549980125087128,0.5319920703042628,0.3977742592542447,0.3646580081534111,0.0,0.0,0.0,0.4700087434466349,0.626863803394928,0.5136637417809112,0.0,0.5442290889019503,0.2754647272718335,0.0,0.3582273955229706,0.0,0.0,0.0,0.0,0.0,0.0,0.0,0.0,0.0,0.0,0.0,0.0,0.0,0.0,0.0,0.0,0.0,0.0,0.0,0.0,0.0,0.0,0.0,0.0,0.0,0.0,0.0,0.0,0.0,0.0,0.4172854269382338,0.0,0.0,0.2592390720038539,0.0,0.0,0.0,0.3171253578505455,0.0,0.0,0.0,0.0
0.135390538394634,0.1658712736124893,0.7252976451903772,0.0,0.6389699722862039,0.6165066258195359,0.7005374427458235,0.5369467314957396,0.6774088495373006,0.4528629439360334,0.6848673371676978,0.0,0.3925649482451113,0.4017553797869023,0.7313138047927842,0.5504220016797305,0.3470067829763109,0.3673366733372807,0.5098556608579043,0.7768796893740781,0.72541812059518,0.6367490823337517,0.5512784330556006,0.0,0.1618242078832739,0.1272548277190349,0.7183972561009572,0.6401119756787518,0.7937099101672282,0.5442290889019503,0.0,0.2601826036114864,0.2443228783663746,0.503893501382079,0.0,0.3701456751508796,0.0,0.2724474556656233,0.0,0.0,0.3579534620142371,0.0,0.0,0.0,0.0,0.2366767420053844,0.3358600286180164,0.0,0.0,0.0,0.3522866062188703,0.0,0.5781565262844318,0.0,0.5593240362421457,0.0,0.1488556579642495,0.0,0.0,0.742996099473986,0.4902443270616315,0.0,0.3577892779939089,0.0,0.6483576953180069,0.7147185758697818,0.6732689363574975,0.4702701604310585,0.0,0.4981514674092843,0.1136167965984532,0.5464888683994398,0.1344794976470021,0.2973794274706613,0.0,0.0875356076833595
0.2400184355264831,0.2689883268306169,0.2672606233729042,0.2491588066445971,0.173976995253985,0.3486757405160157,0.3231937394261951,0.1742017449661091,0.2368093974149647,0.213944050309438,0.1638407458490011,0.0,0.3156770672679391,0.0814872235133377,0.1447404959198872,0.3776526608266555,0.252905095508942,0.1962153817971482,0.2893239719887042,0.2903616474906621,0.3407378059691063,0.3190809136038097,0.2692367047416299,0.0,0.0217213530069612,0.2430866143925024,0.2651809991191421,0.3587820307144551,0.2947327825518478,0.2754647272718335,0.2601826036114864,0.0,0.0,0.2921617898276471,0.0995078913649352,0.2259186252448504,0.0171736091810289,0.0040173241519235,0.0,0.0,0.0672165906721281,0.0,0.0,0.0,0.0,0.1372026498218035,0.2764641659093151,0.2470609729711061,0.0,0.0,0.1789227068462514,0.0,0.1788636182303628,0.1410851142596988,0.3262091025965828,0.2070709131764986,0.4115496702665476,0.2528712714228113,0.0,0.1514388690569673,0.1937704490019203,0.0,0.1710285448852541,0.3361162644064834,0.1557416727005323,0.1877892681398088,0.1790042718711911,0.2458486126126056,0.0,0.0920429896114496,0.1223319823381836,0.1703796297512009,0.1758366602451284,0.0,0.0,0.0
0.1196601453554597,0.1388879481974387,0.0,0.0,0.3099734303187723,0.1842890175179991,0.2610147113175553,0.1450695456751654,0.3191442884215755,0.418491110772267,0.3203932877831134,0.227542622304162,0.1365288694599651,0.0,0.1146475774431631,0.1414601975900373,0.1801792622990937,0.2656156903892599,0.0,0.168090591823403,0.1347163241575809,0.1791237746990554,0.1517722643462225,0.1170936050027161,0.4127956158406508,0.2465478243605861,0.1300236861796548,0.1346383356599516,0.1564525066041767,0.0,0.2443228783663746,0.0,0.0,0.2927709978178275,0.0,0.1727564197190195,0.0,0.2476261161269861,0.0848786497013243,0.480240361819552,0.3162330437385967,0.0314278011743454,0.0,0.0,0.0,0.0961060242194868,0.2014823472309696,0.0,0.0,0.0,0.0,0.0,0.0,0.0,0.2800968729634613,0.0,0.0,0.0,0.0,0.1535867670322717,0.157629437130096,0.125489207573438,0.1261307506062852,0.0,0.1176864614690453,0.2022803518216692,0.2494881663413846,0.0873868069673285,0.1858170024941712,0.3242812473395793,0.3472356135920901,0.0995351250349783,0.0,0.0659334885291115,0.0,0.2312162056334674
0.1291110232784014,0.0454760758687175,0.3656810852267637,0.1830476142218648,0.3881221869260524,0.3043768809497985,0.3248118660035481,0.2854545248523236,0.3439377811857303,0.1238939477054494,0.3829409546517243,0.0,0.2112702084645087,0.139712037732329,0.477575122772637,0.2922606661111255,0.2704499039202634,0.1686317146293683,0.3393336874320473,0.34649831546998,0.4463813355411978,0.3233542427800775,0.2932600910571066,0.0,0.1667625055658025,0.1238444336289709,0.3367341052756741,0.3837983861748403,0.4681788424719945,0.3582273955229706,0.503893501382079,0.2921617898276471,0.2927709978178275,0.0,0.0,0.3571080462038292,0.0,0.1694122676271256,0.0,0.0,0.4159478965445163,0.0,0.047200566265455,0.0,0.0527229652055276,0.1967035702265771,0.0519999999300668,0.0,0.0,0.0,0.0410196752027056,0.0,0.2638115481686383,0.0,0.2153781528732081,0.0,0.1071445669857885,0.0,0.0,0.4321311844044043,0.3332594447221984,0.0,0.0969618829598448,0.0,0.2018154357401064,0.4447904989197919,0.3194245569829949,0.1295696097547442,0.0,0.2766837324389624,0.0431826833835663,0.1515977253021634,0.0,0.0679685425990594,0.0,0.0261795613277208
0.2039293783738585,0.1108394315272458,0.0,0.0,0.0,0.0,0.0,0.0,0.0,0.0,0.0,0.0562628851348715,0.0,0.0,0.0,0.0,0.0,0.0,0.0,0.0,0.0,0.0,0.0,0.1347984786400392,0.0928018838178538,0.012536868398112,0.0,0.0,0.0,0.0,0.0,0.0995078913649352,0.0,0.0,0.0,0.0,0.0245828633011682,0.0,0.2619310603048354,0.1106899340019925,0.0,0.1710816830316887,0.0,0.0484159517615461,0.0570682824563697,0.0,0.0,0.0,0.0,0.0,0.0,0.0,0.0,0.0,0.0,0.0,0.0,0.0,0.0,0.0,0.0,0.0,0.0606733752923263,0.0,0.0,0.0,0.0,0.0,0.0,0.0,0.0,0.0,0.0,0.0634375436325479,0.0,0.0
0.0,0.0,0.424408112713966,0.3251329155140838,0.375319777574058,0.3666782458547785,0.4456513132891724,0.4115956338299012,0.4191290433054266,0.2703167501417131,0.445690451971136,0.0,0.2985396170321039,0.2926483057345298,0.4407016898750478,0.0,0.0,0.0,0.3630672940006803,0.4169770575110041,0.3665958305868625,0.2838637039087436,0.3722937408780638,0.0,0.0,0.2386233811359063,0.3211608003482803,0.4211803033315894,0.3767457169395392,0.0,0.3701456751508796,0.2259186252448504,0.1727564197190195,0.3571080462038292,0.0,0.0,0.0646797021857749,0.2293369007090608,0.0,0.0,0.3317248238921099,0.0,0.2386474718814041,0.0,0.0,0.0,0.0,0.2746020626073766,0.0,0.0,0.1445013018783937,0.2493334187154883,0.3816178381524016,0.3691937946072977,0.0,0.3494285621214951,0.2704541503528253,0.1756423780539408,0.0750577516351396,0.0,0.0,0.0,0.0,0.1736151724602872,0.0,0.0,0.0,0.2637703316988698,0.0,0.0,0.0,0.1717144867081629,0.0585210885908326,0.0,0.0,0.0
0.0,0.0,0.0,0.0113382496200233,0.05300857899286,0.0,0.0679632454319838,0.0,0.0,0.0,0.0176378832958586,0.0784960000581886,0.0499130189407617,0.1106504261936268,0.0,0.0,0.0,0.0,0.1107768732984574,0.0,0.0,0.0,0.0,0.0,0.0,0.0,0.0,0.1201038336558335,0.0,0.0,0.0,0.0171736091810289,0.0,0.0,0.0245828633011682,0.0646797021857749,0.0,0.0448940756091616,0.0182694915168057,0.0,0.0,0.0065177026875279,0.0,0.0,0.0,0.0,0.0,0.0,0.0,0.0,0.0,0.0,0.0,0.0,0.0,0.0,0.0,0.0,0.0,0.0,0.0,0.0,0.0,0.0,0.0,0.0,0.0,0.0,0.0,0.0,0.0,0.0,0.0,0.0,0.0,0.0
0.0,0.0,0.0,0.0,0.322828759217968,0.0,0.2701324646823853,0.0,0.3069462767129137,0.0810506642689797,0.3545154492577506,0.0,0.1152664839998528,0.0,0.0,0.0,0.2326833565177294,0.0,0.0,0.0,0.0,0.0,0.0,0.0,0.0,0.161241248191168,0.0,0.2803825514360383,0.0,0.0,0.2724474556656233,0.0040173241519235,0.2476261161269861,0.1694122676271256,0.0,0.2293369007090608,0.0448940756091616,0.0,0.0,0.0,0.0708529899311923,0.0,0.0,0.0,0.0,0.0,0.0,0.0,0.0,0.0,0.0,0.0,0.0,0.0,0.1421467233445627,0.0,0.1938005543706389,0.0,0.0,0.0,0.0,0.0,0.0,0.0,0.0,0.0,0.0,0.0,0.0,0.0,0.0890723675146726,0.0,0.0,0.0,0.0,0.0
0.053093579061874,0.0290156861703193,0.0,0.0,0.0,0.0,0.0,0.0,0.0,0.0,0.0,0.1725035358621712,0.0,0.0,0.0,0.0,0.0,0.0,0.0,0.0,0.0,0.0,0.0,0.4364309204899753,0.2239897701218849,0.0,0.0,0.0,0.0,0.0,0.0,0.0,0.0848786497013243,0.0,0.2619310603048354,0.0,0.0182694915168057,0.0,0.0,0.3589689021103165,0.0,0.2052724661791788,0.0,0.2241015433755436,0.2459157153006156,0.0726109319663168,0.0,0.0,0.0,0.0,0.0,0.0,0.0,0.0,0.0,0.0,0.0,0.0,0.0,0.0,0.0,0.0,0.0,0.0,0.0,0.0,0.0,0.0,0.3682720778866298,0.0347926079196865,0.2067377340572518,0.0,0.0,0.1414926397337844,0.355033896753993,0.4254454175798752
0.2444341293293161,0.2863608801193017,0.0,0.0,0.0,0.0,0.0,0.0,0.0,0.2496786600567738,0.0,0.2917413304383979,0.0,0.0,0.0,0.0575254693579254,0.0,0.2090061118959278,0.0,0.0,0.0,0.0824064969340525,0.033990239393007,0.3609891260012713,0.4707859802054743,0.2757802979505945,0.0,0.0,0.0,0.0,0.0,0.0,0.480240361819552,0.0,0.1106899340019925,0.0,0.0,0.0,0.3589689021103165,0.0,0.1805034372472602,0.2314603037610558,0.1368725364291322,0.2118316366317048,0.1054797078159592,0.2037044010256333,0.1941637316436803,0.0,0.0,0.0055908375311773,0.234096279283188,0.0422093900141867,0.0,0.1639862294061797,0.0300918704495089,0.1865384834452055,0.0,0.173114374968199,0.0,0.0,0.0937845518753673,0.2151557571201293,0.1568867076166425,0.0,0.0384726961261278,0.0,0.0407853250888015,0.083588327724802,0.3054281492670701,0.2661367762739175,0.4875291973756151,0.1264359522481603,0.1309583576467203,0.1956954455891858,0.2063685391185029,0.2422402049923453
0.0276990195942866,0.1144319451470838,0.0,0.0,0.0,0.2398476538011041,0.0,0.1853787535916515,0.0,0.2767997648584503,0.0,0.0,0.0,0.0,0.2513637950496419,0.177829117812249,0.1828959471865799,0.1550930450770441,0.0,0.2987512760930771,0.284632205309717,0.2633528937357747,0.1802863145463113,0.0,0.2921452747440398,0.1573967693346915,0.2627268336352483,0.2259767976089437,0.2839827839115331,0.0,0.3579534620142371,0.0672165906721281,0.3162330437385967,0.4159478965445163,0.0,0.3317248238921099,0.0,0.0708529899311923,0.0,0.1805034372472602,0.0,0.0817683735951448,0.0,0.0,0.0677628223047718,0.0854953065837741,0.1572576491891246,0.205265742577351,0.1722748585903205,0.1867794536393159,0.1765875725117374,0.240554480352513,0.2265795444910289,0.3006701200455545,0.3007947715036156,0.2535008819005885,0.0,0.099389966922957,0.0,0.2998191962137538,0.2729580794165268,0.2101568481011492,0.127105846568092,0.2030084906125986,0.2811602361508098,0.3006610249845324,0.2903343803569372,0.145897565381448,0.0,0.3178173228387889,0.1105597666030163,0.2179982357121017,0.0604170751506892,0.1737309517913167,0.0835316299784292,0.1814399992605445
0.0,0.0594848402199847,0.0,0.0,0.0,0.0,0.0,0.0,0.0,0.0,0.0,0.0,0.0,0.0,0.0,0.0,0.0,0.0,0.0,0.0,0.0,0.0,0.0,0.0,0.0,0.0,0.0,0.0,0.0,0.0,0.0,0.0,0.0314278011743454,0.0,0.1710816830316887,0.0,0.0065177026875279,0.0,0.2052724661791788,0.2314603037610558,0.0817683735951448,0.0,0.0,0.1564466619888214,0.0,0.0,0.0,0.0,0.0,0.0,0.0,0.0,0.0,0.0,0.0,0.0,0.0,0.0099854903210747,0.0,0.0,0.0,0.0,0.0113850373479992,0.0,0.0,0.0,0.0,0.0,0.2447206121671515,0.0,0.0991003640748713,0.0,0.0669003365668989,0.0,0.1010352839867575,0.1356179176218463
0.0,0.0,0.1613877705526452,0.0,0.1874871261323991,0.2842659488528729,0.0,0.163899298087936,0.2119862780499965,0.0,0.2273073004115264,0.0,0.2046901667748127,0.2291906868170516,0.0,0.0,0.0,0.0,0.3554769445760743,0.0,0.0,0.0,0.1023045579953762,0.0,0.0,0.0,0.1425238189680452,0.0657312056275492,0.0,0.0,0.0,0.0,0.0,0.047200566265455,0.0,0.2386474718814041,0.0,0.0,0.0,0.1368725364291322,0.0,0.0,0.0,0.3676556163800052,0.0,0.0,0.0,0.1169787908415476,0.4608316944281616,0.3619005684480643,0.2611999088358019,0.3434185486801011,0.19877147337869,0.1951576400040505,0.2407781285695354,0.2294976697558556,0.1049408066680924,0.4334661582000806,0.2884647852765982,0.0414765089328866,0.0,0.0990541526094407,0.0,0.3616611007148307,0.190405922246055,0.0384706161009107,0.1405703169111677,0.1248135825539282,0.0508414489096166,0.1442297265716101,0.1988202790174147,0.1320774699228435,0.3674116641596833,0.0415128542991049,0.0,0.1251789086480985
0.0,0.0,0.0,0.0,0.0,0.0,0.0,0.0,0.0,0.0,0.0,0.0,0.0,0.0,0.0,0.0,0.0,0.0,0.0,0.0,0.0,0.0,0.0,0.0,0.0,0.0,0.0,0.0,0.0,0.0,0.0,0.0,0.0,0.0,0.0484159517615461,0.0,0.0,0.0,0.2241015433755436,0.2118316366317048,0.0,0.1564466619888214,0.3676556163800052,0.0,0.0,0.0,0.0,0.0,0.0,0.0,0.0,0.0,0.0,0.0,0.0,0.0,0.0055404030095997,0.1095010794343665,0.147788654743447,0.0,0.0,0.0,0.0,0.0561458444220519,0.0,0.0,0.0,0.0,0.0,0.0,0.0,0.0,0.1095070327015918,0.0,0.0,0.1474626282040004
0.0,0.0,0.0,0.0,0.0,0.0,0.0,0.0,0.0,0.0,0.0,0.0,0.0,0.0,0.0,0.0,0.0,0.0,0.0,0.0,0.0,0.0,0.0,0.1364274040939907,0.0,0.0,0.0,0.0,0.0,0.0,0.0,0.0,0.0,0.0527229652055276,0.0570682824563697,0.0,0.0,0.0,0.2459157153006156,0.1054797078159592,0.0677628223047718,0.0,0.0,0.0,0.0,0.181436203128405,0.0,0.0,0.0,0.0,0.0,0.0,0.0,0.0248990571401748,0.0,0.0,0.0,0.0,0.0,0.0,0.0,0.0,0.0,0.0,0.0,0.0,0.0,0.0,0.1766161109992373,0.0,0.074430095143129,0.0,0.0,0.0,0.0,0.0924186624114494
0.697561058157986,0.3072988433644228,0.0,0.0,0.0,0.0,0.0,0.0,0.0,0.0,0.0,0.0,0.0,0.0,0.0,0.3413735860521605,0.0,0.199444064675534,0.0,0.0,0.3998876571074152,0.4265268834770621,0.0,0.0343673009457463,0.3243209767610014,0.2665116179257317,0.0,0.0,0.0,0.0,0.2366767420053844,0.1372026498218035,0.0961060242194868,0.1967035702265771,0.0,0.0,0.0,0.0,0.0726109319663168,0.2037044010256333,0.0854953065837741,0.0,0.0,0.0,0.181436203128405,0.0,0.1714763266983748,0.0,0.0,0.0,0.2410147209019675,0.0,0.1400800111925472,0.0,0.1355081721195573,0.0,0.0212884803979362,0.0956859456268712,0.0,0.2680660806707319,0.3736586285463835,0.0,0.3340748965446866,0.0,0.279627735855644,0.4003885562672756,0.3308626926561919,0.295357073469263,0.0132858504858048,0.2652977155508778,0.3674509204827905,0.3915025793365174,0.0998611349698873,0.470957310952154,0.0,0.2034762721785388
0.1240228491527876,0.5103516058729388,0.0,0.0,0.0,0.0,0.0,0.0,0.0,0.0,0.0,0.0,0.0,0.0,0.3320321627911256,0.4025133067715379,0.0,0.2751831890954019,0.0,0.4905329651115197,0.4155540554105267,0.5493964181551992,0.3373925930757687,0.0,0.1939323537920969,0.2284280065081749,0.5819369583232449,0.0,0.3820268423738966,0.0,0.3358600286180164,0.2764641659093151,0.2014823472309696,0.0519999999300668,0.0,0.0,0.0,0.0,0.0,0.1941637316436803,0.1572576491891246,0.0,0.0,0.0,0.0,0.1714763266983748,0.0,0.0,0.0,0.0,0.7190101249480508,0.720888237315637,0.2946884751378433,0.5103821386665782,0.6778375023714448,0.0,0.0,0.6761484386877732,0.0,0.2989015463001658,0.3614847636994019,0.64720376774526,0.4346850968431037,0.0,0.4952194449395562,0.2423863309777993,0.4739405792701052,0.5309724860067516,0.0,0.7078047980488003,0.4777963655150425,0.4794273252051401,0.5360335790911539,0.2467739149449064,0.0,0.1342735952686181
0.0,0.0,0.7450485696135875,0.0,0.647282055426936,0.7056205482944928,0.0,0.6469507789764544,0.7401637694587152,0.0,0.5382020088922377,0.0,0.5849777947599204,0.1706833724015349,0.0,0.0,0.0,0.0,0.4733155533912336,0.0,0.0,0.0,0.7800482803717521,0.0,0.0,0.0,0.730374961972218,0.0,0.0,0.0,0.0,0.2470609729711061,0.0,0.0,0.0,0.2746020626073766,0.0,0.0,0.0,0.0,0.205265742577351,0.0,0.1169787908415476,0.0,0.0,0.0,0.0,0.0,0.3959345611309023,0.5645855500817197,0.6222571106438458,0.5198945259726463,0.6885163420606742,0.8094699131862986,0.0,0.6003689639328885,0.0,0.542148228595214,0.0809825819706615,0.0,0.0,0.0,0.0,0.5019563368259496,0.0,0.0,0.0,0.7548716809877132,0.0,0.0,0.0,0.6972076548115584,0.3646484038376787,0.4195917556319743,0.0,0.0865441917614232
