0.0,0.4051973677662326,0.0,0.0,0.0,0.3606300878186712,0.0,0.0546064646357462,0.0,0.4549627852737802,0.0,0.1561339236871941,0.0,0.0,0.4672423269347733,0.5046045228882488,0.3302215486705755,0.4251977357524263,0.0,0.4818274160587648,0.4992337555492906,0.5307416353366416,0.1936571090620666,0.1594141597115525,0.4451697243899185,0.4004014803086768,0.3950595862303864,0.4071500672309082,0.539250707194173,0.0,0.3969521239663319,0.0,0.3774644711635653,0.0,0.0,0.0,0.0,0.0273288816813164,0.0,0.0086835487309053,0.0,0.0,0.0,0.0,0.0,0.5961579990363727,0.2909110783412462,0.0,0.0,0.0,0.0,0.0,0.0,0.0,0.0500173807135368,0.0,0.0,0.0,0.0,0.0,0.0830324454530596,0.0,0.1506962632166067,0.0,0.0,0.4714354788211319,0.2914855119733021,0.1463697290603001,0.0870238269496614,0.3316055194493109,0.3501854409188081,0.0,0.0,0.0,0.0,0.1491805932320698
0.4051973677662326,0.0,0.0,0.0,0.315258372135882,0.5635400031297987,0.3461692540277898,0.2452564200606346,0.3681735200365329,0.0,0.0,0.0,0.5204083637247308,0.0,0.3802876266718745,0.4094075093746148,0.0,0.4236617218297122,0.0,0.440048979210886,0.3382225705459284,0.4844031155121321,0.3021854676126668,0.0,0.4947544048052412,0.5297969525370965,0.3675735961438258,0.3859903962239647,0.4099532094060557,0.0,0.1355324153567567,0.0,0.3792681716163546,0.0,0.0,0.0,0.0,0.0,0.0,0.0,0.0,0.0,0.0,0.0,0.0,0.3209811344484445,0.4567697341407781,0.0,0.0,0.0,0.3121607248609446,0.0,0.0,0.0,0.0,0.0,0.0,0.0,0.0,0.43353139634626,0.0,0.0,0.0136555102645612,0.0,0.295800881173804,0.3093459477545637,0.1897182253447613,0.2437469112117234,0.0,0.338648596496054,0.4061292737182093,0.2914030304582992,0.0,0.1007861463001172,0.0,0.0
0.0,0.0,0.0,0.0,0.3514365808406756,0.42825623654919,0.1450971553394164,0.1934567134899044,0.5188886389903573,0.3879745383156464,0.4756230545535059,0.0,0.3847275986124629,0.0,0.0,0.0,0.0,0.0,0.4534722556157623,0.0,0.0,0.0,0.3201538189384152,0.0,0.0,0.0,0.4941754939268263,0.4055574087103902,0.4467308284981882,0.3946659302581123,0.290316973668467,0.0,0.0,0.0,0.0,0.0,0.0,0.0,0.0,0.0,0.0,0.0,0.2073788686119275,0.0,0.0,0.0,0.0,0.5267042797549849,0.0,0.3039390454774471,0.3349583800083598,0.3711839291810528,0.206594965902761,0.4808091983443983,0.0,0.1396578701565451,0.0,0.349385175195522,0.0540207827539843,0.0,0.0,0.0,0.0,0.4395107173320723,0.0,0.0,0.0,0.2991331793746837,0.0,0.0,0.0,0.4595071031144653,0.0,0.0,0.0,0.0
0.0,0.0,0.0,0.0,0.0,0.0,0.0,0.0166382399131342,0.0,0.0,0.0,0.0657193115925038,0.0,0.0320284469390092,0.0,0.0,0.0,0.0,0.0,0.0,0.0,0.0,0.0,0.0,0.0,0.0,0.0,0.0,0.0,0.0,0.0318307799574321,0.0869373771130471,0.0,0.2005914681150806,0.1583535938799304,0.3887176739729663,0.3217485856303151,0.0,0.0,0.0,0.0,0.0,0.0,0.0,0.0,0.0,0.0,0.0,0.0,0.0,0.0,0.0,0.0,0.0,0.0,0.0,0.0,0.0,0.0,0.0,0.0,0.0,0.0,0.0,0.0,0.0,0.0,0.0,0.0,0.0,0.0,0.0,0.0,0.0,0.0,0.0
0.0,0.315258372135882,0.3514365808406756,0.0,0.0,0.3533012697497776,0.4323973514617655,0.0376071365618058,0.4855593083491489,0.3265675436565947,0.3854884511064831,0.2504782841295436,0.3195927117438408,0.1736601534507916,0.0,0.3253019668166193,0.0,0.0,0.2999112305070756,0.3472488576566054,0.0,0.4020233901412429,0.1556199061728945,0.0,0.3063625090486562,0.2252641309425656,0.4618225980183522,0.2042152847479728,0.3989972310892585,0.0,0.1194355852567227,0.0,0.2816783100842471,0.0,0.0,0.0,0.0,0.0414300886083177,0.0,0.0,0.0,0.0,0.1067425344090162,0.0,0.0,0.0,0.0,0.2119453358824012,0.0,0.0,0.2100962921571684,0.0,0.1282452072166059,0.3697260775988128,0.0,0.0,0.0,0.0,0.0,0.0,0.0,0.0,0.0,0.1208655829566841,0.0,0.0,0.0,0.2287658647402023,0.0,0.0,0.0,0.41763598968171,0.0,0.0,0.0,0.0
0.3606300878186712,0.5635400031297987,0.42825623654919,0.0,0.3533012697497776,0.0,0.3465500411648635,0.3524638100173099,0.4329089997506005,0.3979643186486627,0.3202642020126872,0.3934130371494429,0.5234814541360518,0.1353782582042364,0.445778883765599,0.4113709307723169,0.0,0.3979240791203006,0.2971316077219478,0.4709338185482457,0.4401799406718053,0.4703009538426668,0.4626828737925316,0.0,0.3927109843436349,0.4050196759381045,0.5078084822680554,0.3940563967896875,0.4841792811018381,0.3130479605447606,0.1731159579112939,0.0,0.3920720864414503,0.0,0.0,0.0,0.0,0.0260797380167569,0.0,0.0,0.0,0.0,0.2871474881513693,0.0,0.0,0.0,0.0,0.3114683682901275,0.0,0.2312787167501231,0.4130309823911652,0.3043192166234656,0.3590277842588404,0.3979424846990543,0.0,0.0819738242299586,0.0,0.3020656129568574,0.0,0.4678608529849263,0.0,0.0,0.0,0.2650324372457173,0.276467747576027,0.3894581020489008,0.2121076441229212,0.4406076170578041,0.0,0.0,0.4150052859832944,0.3491064565030222,0.26832613884232,0.1029475557397095,0.0,0.0
0.0,0.3461692540277898,0.1450971553394164,0.0,0.4323973514617655,0.3465500411648635,0.0,0.0,0.2519507600500755,0.256272938566002,0.0984349957275869,0.2550504600798291,0.4119718243244148,0.1602024436428043,0.0,0.2526258857180794,0.2039168411785226,0.193225441535936,0.1330149539101037,0.2804824496446906,0.0,0.2983948296825686,0.0492023601894312,0.0,0.2543047158443236,0.1503731100519281,0.3245253717567799,0.2596169170357109,0.3625269852471499,0.0,0.064073944385866,0.0,0.0877585256307874,0.0,0.0,0.0,0.0,0.1472282427635278,0.0,0.0,0.0,0.0,0.0688911086990019,0.0,0.0,0.0,0.0,0.0,0.0,0.0,0.0992053254561232,0.0,0.0,0.0,0.0,0.0,0.0,0.0,0.0,0.0,0.0,0.0,0.0,0.0,0.0,0.0,0.0,0.0884228600481902,0.0,0.0,0.0,0.1915999459028353,0.0,0.0,0.0,0.0
0.0546064646357462,0.2452564200606346,0.1934567134899044,0.0166382399131342,0.0376071365618058,0.3524638100173099,0.0,0.0,0.164070813931373,0.1655574306033598,0.1658918091985705,0.0,0.1862425825429393,0.1766281188596493,0.2514209023184548,0.0509600134513726,0.0,0.0846528052043712,0.2231375428383411,0.1707781625936896,0.1954780115127329,0.1114474493619623,0.5667134224113871,0.3899187503591373,0.2050411915832486,0.3459737399108182,0.2145446454953753,0.1184958586798311,0.0731927921486425,0.2150036215436117,0.0,0.2143259656132447,0.2304547987219666,0.1377824171546458,0.0223313281682962,0.0962142846490506,0.0964582483442451,0.0,0.0772451379628952,0.0,0.0161205809106025,0.0,0.099320315302774,0.0,0.0,0.0,0.0,0.2795103780454933,0.0,0.0615679857853792,0.3640637997627899,0.0921658810172619,0.5693727879475156,0.2076941734459987,0.0,0.1844594360578577,0.0,0.2890951430626168,0.0878371642707194,0.1636791553738354,0.0,0.0,0.0,0.2235549319116226,0.1525522111098053,0.1243120303590269,0.0778986117002161,0.4861528087225431,0.0,0.0,0.0,0.1485087810965317,0.027125706565119,0.018436984392445,0.0,0.0
0.0,0.3681735200365329,0.5188886389903573,0.0,0.4855593083491489,0.4329089997506005,0.2519507600500755,0.164070813931373,0.0,0.3673228937470283,0.4922381471898813,0.2232251772574751,0.3484238538131301,0.0,0.0,0.3622046589750929,0.0,0.0,0.405103637359844,0.4744971778794147,0.0,0.4683029496388384,0.267719013090742,0.0,0.3700033716965409,0.2939292637780646,0.5240799807554647,0.2987321207847697,0.4212689953675385,0.3516099482125061,0.1633622082882036,0.0,0.435331943126118,0.0,0.0,0.0,0.0,0.0,0.0,0.0,0.0,0.0,0.1010526404822349,0.0,0.0,0.0,0.0,0.4070227439006247,0.0,0.329782012350569,0.2988465959911713,0.3882749898261374,0.2128024393681938,0.5736875730402181,0.0,0.1618307633678636,0.0,0.293511333791472,0.1027113116348499,0.0,0.0,0.0,0.0,0.2652340993378954,0.0,0.0,0.0,0.2905207296646821,0.0,0.0,0.0,0.4947239915734876,0.0,0.0,0.0,0.0
0.4549627852737802,0.0,0.3879745383156464,0.0,0.3265675436565947,0.3979643186486627,0.256272938566002,0.1655574306033598,0.3673228937470283,0.0,0.3178911670123717,0.3335258307330332,0.4339745982494498,0.0296850204453503,0.0,0.4197571823497448,0.4533500474990528,0.3671894266960468,0.3142240138281458,0.0,0.4261443716167606,0.4282477547416505,0.2977090518875718,0.259786064297006,0.4300852721793779,0.3963875344910365,0.3802299733891522,0.4026727573941345,0.0,0.0,0.3765409448082998,0.0310797723430859,0.3931156623586666,0.0347695741586205,0.0318851254840583,0.070529370988791,0.0064510474341888,0.0431993543584194,0.0,0.0086444814376833,0.0,0.0,0.0,0.0,0.0,0.4144125044486082,0.0,0.0,0.0,0.0,0.0,0.0,0.0,0.0,0.1667964402777246,0.0,0.0,0.2760129136944647,0.0,0.0,0.0,0.2142282291132515,0.1320265412487637,0.0,0.0,0.0,0.0,0.0,0.1797734036523061,0.315289732867501,0.3980342041858407,0.0,0.3009023050753601,0.0,0.0,0.0660236546925389
0.0,0.0,0.4756230545535059,0.0,0.3854884511064831,0.3202642020126872,0.0984349957275869,0.1658918091985705,0.4922381471898813,0.3178911670123717,0.0,0.1895565604783256,0.3324658455679624,0.0023780176846887,0.0,0.0,0.0,0.0,0.4249081256161783,0.0,0.0,0.0,0.2503678069067165,0.1922371456083057,0.0,0.0,0.396507162759009,0.3217196402961483,0.0,0.0,0.1583820845756033,0.0,0.3640775109033069,0.0,0.0,0.0,0.0,0.0,0.0,0.0,0.0,0.0,0.1230074824024749,0.0,0.0,0.0,0.0,0.4138028871196921,0.0,0.3890877124248303,0.2850782182542903,0.3130469528608459,0.2161615297864851,0.46986097527864,0.0,0.3304217375637234,0.0,0.3490118937600767,0.0,0.0,0.0,0.0,0.0,0.4030630796392077,0.0,0.0,0.0,0.2513527140548374,0.0,0.0,0.0,0.4134457488273538,0.0,0.0,0.0,0.0
0.1561339236871941,0.0,0.0,0.0657193115925038,0.2504782841295436,0.3934130371494429,0.2550504600798291,0.0,0.2232251772574751,0.3335258307330332,0.1895565604783256,0.0,0.2718158265071438,0.0,0.0,0.0,0.1863805201217237,0.1599086771044342,0.0,0.0,0.1867790634164703,0.0,0.2701215266161826,0.2785068643732916,0.2199394747365738,0.2888630900053375,0.0,0.1700611005046251,0.0,0.0,0.0,0.0,0.239690594048704,0.0,0.0,-0.0135682551623217,0.0,0.0876605450950333,0.0,0.0,0.0,0.0,0.0,0.0,0.0,0.0,0.0,0.0,0.0,0.0,0.0,0.0,0.0,0.0,0.0286199053703071,0.0,0.3152379641227124,0.0,0.0,0.0,0.0,0.1316618995461326,0.0,0.0,0.0,0.0,0.0,0.0,0.1638058667653752,0.1442207229747774,0.2355061259249617,0.0,0.0751120764530332,0.0,0.0,0.0
0.0,0.5204083637247308,0.3847275986124629,0.0,0.3195927117438408,0.5234814541360518,0.4119718243244148,0.1862425825429393,0.3484238538131301,0.4339745982494498,0.3324658455679624,0.2718158265071438,0.0,0.0593031066068948,0.447388882183693,0.4321672207905347,0.3865500040240062,0.4122962682593678,0.2989747774097713,0.4814033096965036,0.4150122422536033,0.4567992598141023,0.2809877116655797,0.1317005654352913,0.3767381521392626,0.3592041332584702,0.3855137643373863,0.5397950675934914,0.5003682520632778,0.3107210450541226,0.2701762459247334,0.0236076178497543,0.3129744294996478,0.0,0.0701194450766889,0.1085745540019354,0.0,0.1166388427035655,0.0,0.0,0.0,0.0,0.2252129758871677,0.0,0.0,0.0,0.0,0.2245156814934506,0.0,0.0,0.294519159142008,0.0,0.1871666434111941,0.0,0.0,0.0,0.0,0.0,0.0,0.0,0.0,0.0,0.0,0.0,0.2714158484796903,0.0,0.0,0.2307321349347616,0.0,0.0,0.0,0.2680619994694732,0.0,0.1420389927745553,0.0,0.0
0.0,0.0,0.0,0.0320284469390092,0.1736601534507916,0.1353782582042364,0.1602024436428043,0.1766281188596493,0.0,0.0296850204453503,0.0023780176846887,0.0,0.0593031066068948,0.0,0.0,0.0,0.0,0.0,0.0164704611075891,0.0,0.0347418282839967,0.0,0.1726521887537336,0.0,0.0,0.0,0.0733754422912356,0.0,0.0,0.0,0.0,0.0527812561098843,0.0,0.0135014096751888,0.0,0.0508962865959179,0.0457864134108446,0.0,0.0246527854075839,0.0,0.0,0.0,0.0188115261258641,0.0,0.0,0.0,0.0,0.0,0.0,0.0,0.0,0.0,0.0,0.0,0.0,0.0,0.0,0.0,0.0,0.0,0.0,0.0,0.0,0.0,0.0,0.0,0.0,0.2164208332604879,0.0,0.0,0.0,-0.0006722171714754,0.0,0.0,0.0,0.0
0.4672423269347733,0.3802876266718745,0.0,0.0,0.0,0.445778883765599,0.0,0.2514209023184548,0.0,0.0,0.0,0.0,0.447388882183693,0.0,0.0,0.4568187005953376,0.0,0.3861297431130526,0.0,0.6278719573462447,0.5215053571278989,0.5516175384144133,0.3739822212033166,0.1179783508071972,0.3835388664231026,0.3391057216415508,0.5168338196424004,0.4942136467499853,0.5406893451740659,0.4512026161726815,0.3592883640428646,0.1015413486319394,0.3963986792220336,0.0584563961004582,0.0530331576036699,0.0717070092016823,0.0,0.0,0.0,0.0818706683738112,0.0,0.0,0.2223273350319374,0.0,0.0,0.4503985963069951,0.4417623554827897,0.0,0.0,0.0,0.3652625562748701,0.0,0.2319602663466057,0.0,0.0,0.0,0.0,0.0,0.0,0.6019833433728985,-0.0053174237231601,0.0,0.0,0.0,0.5014772356310238,0.4826269543060235,0.4197245259916813,0.3270866267664924,0.0,0.3259056409816486,0.3902987123267304,0.4637649169747718,0.3673579033014996,0.3419097017501193,0.0,0.030021877058268
0.5046045228882488,0.4094075093746148,0.0,0.0,0.3253019668166193,0.4113709307723169,0.2526258857180794,0.0509600134513726,0.3622046589750929,0.4197571823497448,0.0,0.0,0.4321672207905347,0.0,0.4568187005953376,0.0,0.3147673362557096,0.5889386987013842,0.0,0.4899103568227384,0.4426909188359998,0.5794406543671895,0.1945450756923855,0.092815033923338,0.3749559740060133,0.3327151047711648,0.4027271026568064,0.4673335692012838,0.5464362279758184,0.3672017435081551,0.4317450073577238,0.0088637690474275,0.435923624684382,0.0,0.0,0.0,0.0,0.0,0.0,0.052409348190613,0.0,0.0,0.0,0.0,0.0,0.4907022672524608,0.4031575031294409,0.0,0.0,0.0,0.0,0.0,0.0,0.0,0.0,0.0,0.0,0.0,0.0,0.4795676002072601,0.1540719352061104,0.0,0.2549369388174687,0.0,0.4231358806206602,0.4225797986283889,0.4054621832769138,0.0,0.0,0.3913914167536525,0.3624648331289671,0.390835997948436,0.0,0.0,0.0,0.180276599988386
0.3302215486705755,0.0,0.0,0.0,0.0,0.0,0.2039168411785226,0.0,0.0,0.4533500474990528,0.0,0.1863805201217237,0.3865500040240062,0.0,0.0,0.3147673362557096,0.0,0.3329336200127611,0.0,0.3054986414997011,0.0,0.3006346320169038,0.0,0.2443492371463063,0.3516980938592202,0.2945039121245329,0.0,0.4233645374164494,0.3000030501858898,0.0,0.3607705084504295,0.1295503523703204,0.2129924914879773,0.1038543608778261,0.038256628486433,0.0,0.0,0.0280355074680006,0.0,0.0482857457015572,0.0,0.0,0.0,0.0,0.0,0.0,0.0,0.0,0.0,0.0,0.0,0.0,0.0,0.0,0.1218041346158832,0.0,0.0,0.0,0.0,0.0,0.0,0.3344933631341927,0.1133894546035668,0.0,0.0,0.0,0.0,0.0,0.1970329337531015,0.1235731031369296,0.2712859367899718,0.0,0.0,0.0,0.0,0.0730597133512524
0.4251977357524263,0.4236617218297122,0.0,0.0,0.0,0.3979240791203006,0.193225441535936,0.0846528052043712,0.0,0.3671894266960468,0.0,0.1599086771044342,0.4122962682593678,0.0,0.3861297431130526,0.5889386987013842,0.3329336200127611,0.0,0.0,0.4089146091262443,0.4087445072784562,0.5317266460213679,0.1874985111338813,0.2143849907306697,0.403730115720379,0.3890247864181212,0.3806974981241741,0.4195519186156098,0.4611624021525979,0.3120634135520824,0.3936801111712928,0.0,0.4559277846584343,0.0,0.0,0.0,0.0,0.0,0.0,0.1779069057358256,0.0457707495797857,0.0,0.0,0.0,0.0,0.4133842300700622,0.4391813780352497,0.0,0.0,0.0,0.0,0.0,0.0,0.0,0.2404245126192052,0.0,0.0835936694711685,0.0,0.0,0.0,0.2245269521146842,0.3979391047213156,0.3532120621913807,0.0,0.0,0.0,0.4179981253944591,0.0,0.1440406366745746,0.4440031764491103,0.4247324811467428,0.0,0.0,0.0,0.0,0.2191631839880273
0.0,0.0,0.4534722556157623,0.0,0.2999112305070756,0.2971316077219478,0.1330149539101037,0.2231375428383411,0.405103637359844,0.3142240138281458,0.4249081256161783,0.0,0.2989747774097713,0.0164704611075891,0.0,0.0,0.0,0.0,0.0,0.0,0.0,0.0,0.2934282542590687,0.0,0.0,0.0,0.4253220447782004,0.2658344501941859,0.0,0.0,0.1515510218995072,0.1352315804435907,0.0,0.1087504454805498,0.0339369393860369,0.0,0.0,0.0235544701598966,0.0,0.0,0.0,0.0,0.0243049974212247,0.0,0.0,0.0,0.0,0.3769237367512501,0.0,0.2595980497339047,0.287214307662769,0.3349587193672956,0.260346744495263,0.4037147032687854,0.0,0.2110642963319483,0.0,0.0,0.0401790864356916,0.0,0.0,0.0,0.0,0.4349817050126061,0.0,0.0,0.0,0.3045548060016688,0.0,0.0,0.0,0.4089571992849516,0.0,0.0,0.0,0.0
0.4818274160587648,0.440048979210886,0.0,0.0,0.3472488576566054,0.4709338185482457,0.2804824496446906,0.1707781625936896,0.4744971778794147,0.0,0.0,0.0,0.4814033096965036,0.0,0.6278719573462447,0.4899103568227384,0.3054986414997011,0.4089146091262443,0.0,0.0,0.5002916973270134,0.6199943140964278,0.3149902157616816,0.0,0.4122393025131384,0.3451784412071314,0.5299132719807849,0.5119438917764572,0.5728295033029698,0.4453111174731038,0.3346426040686291,0.0490228609052942,0.3851903340137369,0.0,0.0163824316826744,0.0125402784140858,0.0,0.0,0.0,0.0069783392782019,0.0,0.0,0.0,0.0,0.0,0.0,0.4347818982895086,0.0,0.0,0.0,0.2941618652739668,0.0,0.1684008075767974,0.0,0.0,0.0,0.0,0.2806519479255167,0.0,0.5952102565111924,0.0,0.0,0.0,0.0,0.4739878448757263,0.4547751998934603,0.3948011163329257,0.2944407310584031,0.0,0.0,0.3942345812970677,0.4354696707082669,0.3975337945344256,0.2871281774060095,0.0,0.0233994480033957
0.4992337555492906,0.3382225705459284,0.0,0.0,0.0,0.4401799406718053,0.0,0.1954780115127329,0.0,0.4261443716167606,0.0,0.1867790634164703,0.4150122422536033,0.0347418282839967,0.5215053571278989,0.4426909188359998,0.0,0.4087445072784562,0.0,0.5002916973270134,0.0,0.5026179478289413,0.3570276227030712,0.1599205593993397,0.3778837182547798,0.3027149359461621,0.4863760524059689,0.448258450933312,0.5604919212199189,0.4071115974217525,0.4177924455721393,0.0698466665481665,0.3542111932966321,0.0438900214384627,0.0582690503627295,0.0421951510542655,0.0,0.0,0.0,0.0485458557782363,0.0,0.0,0.0,0.0,0.0,0.5323123072253058,0.4208360322146731,0.0,0.0,0.0,0.3575874834662572,0.0,0.216301286376673,0.0,0.0,0.0,0.0,0.0,0.0,0.492322637082625,0.0869133848224182,0.0,0.0,0.0,0.3802518441097635,0.6058268367652594,0.3675044272262679,0.3340690979732069,0.0,0.4184920120707054,0.4067718137204024,0.4313629679172496,0.3337149782526143,0.3405924094947687,0.0,0.0714897737377654
0.5307416353366416,0.4844031155121321,0.0,0.0,0.4020233901412429,0.4703009538426668,0.2983948296825686,0.1114474493619623,0.4683029496388384,0.4282477547416505,0.0,0.0,0.4567992598141023,0.0,0.5516175384144133,0.5794406543671895,0.3006346320169038,0.5317266460213679,0.0,0.6199943140964278,0.5026179478289413,0.0,0.2682911799421033,0.0,0.4537034346783058,0.3818047159435389,0.524868755139062,0.4882713530809794,0.5850457010512311,0.39514451413782,0.3756055773067547,-0.005205568705659,0.4438329377397573,0.0,0.0,0.0,0.0,0.0,0.0,0.0465353017247163,0.0,0.0,0.0,0.0,0.0,0.5089694059726588,0.4615544429806397,0.0,0.0,0.0,0.3276021182743768,0.0,0.0,0.0,0.0,0.0,0.0,0.0,0.0,0.5795118871764912,0.1182697319764599,0.0,0.2240621161639273,0.0,0.5099229354842884,0.4929440805300825,0.459079036707808,0.2519026714502201,0.0,0.4572036598557675,0.4189649866759984,0.4992013879655035,0.4563335121574808,0.3786438652562977,0.0,0.1431943266683883
0.1936571090620666,0.3021854676126668,0.3201538189384152,0.0,0.1556199061728945,0.4626828737925316,0.0492023601894312,0.5667134224113871,0.267719013090742,0.2977090518875718,0.2503678069067165,0.2701215266161826,0.2809877116655797,0.1726521887537336,0.3739822212033166,0.1945450756923855,0.0,0.1874985111338813,0.2934282542590687,0.3149902157616816,0.3570276227030712,0.2682911799421033,0.0,0.3657539278945517,0.3171452067654609,0.3939135428742643,0.3568711798959294,0.2035496638210926,0.2573146188134786,0.2904431948700499,0.1236453024833729,0.2051853001366379,0.2994172002156023,0.1259663409864936,0.015320563015005,0.0537152362689253,0.0539812566617939,0.0710211045827406,0.0663977146148764,0.2229833430565421,0.0,0.0,0.1396687840216892,0.0,0.0,0.0,0.3662619056376892,0.3336405012124691,0.0,0.1210660807181829,0.4863759603953927,0.234243436516855,0.5624357173579886,0.2784321707300675,0.0,0.1402026921335151,0.0,0.3697859902512478,0.1769547132924414,0.2877148231717322,0.0,0.0,0.0,0.296066249738057,0.2863263184194028,0.2892406508494732,0.2319554045384015,0.6082599933346396,0.0,0.0,0.3977854554206651,0.2881248754972356,0.1507281259184217,0.1789177977989346,0.1102692263490907,0.0209534972767122
0.1594141597115525,0.0,0.0,0.0,0.0,0.0,0.0,0.3899187503591373,0.0,0.259786064297006,0.1922371456083057,0.2785068643732916,0.1317005654352913,0.0,0.1179783508071972,0.092815033923338,0.2443492371463063,0.2143849907306697,0.0,0.0,0.1599205593993397,0.0,0.3657539278945517,0.0,0.3236274880679766,0.4309640104190588,0.0482553548564203,0.1093669735470801,0.0,0.0,0.1764573711792677,0.0990556580183794,0.2614284086952156,0.179029362217825,0.0,0.0740030048246915,0.0405712910754271,0.0,0.1373674703514528,0.3412943788698684,0.2566046055662991,0.0313899256626709,0.0,0.0,0.1012265540148136,0.0767404254221934,0.1388436178557938,0.0,0.0,0.0,0.0,0.0,0.0,0.0,0.2865935070201013,0.0,0.3653450953507039,0.0,0.0,0.0,0.0843987224694728,0.2319107095077188,0.076293708892148,0.0,0.0,0.0,0.0,0.0,0.4763493935099503,0.1130745017256932,0.3636854593376134,0.0,0.1162516863938486,0.0,0.0,0.1634285318977235
0.4451697243899185,0.4947544048052412,0.0,0.0,0.3063625090486562,0.3927109843436349,0.2543047158443236,0.2050411915832486,0.3700033716965409,0.4300852721793779,0.0,0.2199394747365738,0.3767381521392626,0.0,0.3835388664231026,0.3749559740060133,0.3516980938592202,0.403730115720379,0.0,0.4122393025131384,0.3778837182547798,0.4537034346783058,0.3171452067654609,0.3236274880679766,0.0,0.5578609131448061,0.3599874059393323,0.3045268767246089,0.3702224080678212,0.0,0.2567195940434687,0.0113008007553622,0.4151509628776595,0.0170060490221553,0.0,0.0,0.0,0.015811888240571,0.0,0.1772802116446204,0.0556176567233435,0.0,0.0,0.0,0.0,0.3816453504698648,0.3752476976758122,0.0,0.0,0.0,0.0,0.0,0.0,0.0,0.1405130210584061,0.0,0.0534479987138694,0.0,0.0,0.3519799756604693,0.0327369667733122,0.2344843990861565,0.1618111632689016,0.0,0.3616879985671373,0.3640642170246884,0.2787422628999836,0.0,0.2271309749984432,0.4143099777142333,0.4976103855868168,0.0,0.0,0.2801603897648349,0.0,0.1647465616149008
0.4004014803086768,0.5297969525370965,0.0,0.0,0.2252641309425656,0.4050196759381045,0.1503731100519281,0.3459737399108182,0.2939292637780646,0.3963875344910365,0.0,0.2888630900053375,0.3592041332584702,0.0,0.3391057216415508,0.3327151047711648,0.2945039121245329,0.3890247864181212,0.0,0.3451784412071314,0.3027149359461621,0.3818047159435389,0.3939135428742643,0.4309640104190588,0.5578609131448061,0.0,0.2672549718646192,0.2285278756227643,0.2793249947973452,0.0,0.186676793250848,0.0414882012083825,0.3969545261088738,-0.0018600102972465,0.0,0.0,0.0,-0.0062109470111253,0.056877465671886,0.2243237465240773,0.1012485179383362,0.0,0.0,0.0,0.0,0.2962002942003107,0.3490815449409905,0.0,0.0,0.0,0.3727739043272358,0.0,0.0,0.0,0.089506150178789,0.0,0.1388480341946274,0.0,0.0,0.3061098514249676,0.0237200104330923,0.2431663139462883,0.0952843753320034,0.0,0.3442107560238366,0.2731536131191437,0.2201832646150226,0.2683498545108016,0.2812262851853259,0.3161837860112257,0.5111988673664346,0.2945135204231439,0.0,0.2126111308955618,0.0,0.1602801527042247
0.3950595862303864,0.3675735961438258,0.4941754939268263,0.0,0.4618225980183522,0.5078084822680554,0.3245253717567799,0.2145446454953753,0.5240799807554647,0.3802299733891522,0.396507162759009,0.0,0.3855137643373863,0.0733754422912356,0.5168338196424004,0.4027271026568064,0.0,0.3806974981241741,0.4253220447782004,0.5299132719807849,0.4863760524059689,0.524868755139062,0.3568711798959294,0.0482553548564203,0.3599874059393323,0.2672549718646192,0.0,0.365345537857252,0.5360139997253517,0.393416856803235,0.2204456984450569,0.006061210497112,0.375280802622727,0.0,0.0273521282558009,0.0,0.0,0.0,0.0,0.0082593842130803,0.0,0.0,0.1209025582121076,0.0,0.0,0.0,0.4864209570342384,0.3744633274045711,0.0,0.3211635636198244,0.3408308178193674,0.4365928718400882,0.2558224866118475,0.4866710015675982,0.0,0.1005279920840614,0.0,0.2607682590113961,0.1825869000337845,0.5343661815202503,0.0,0.0,0.0,0.3206503868255235,0.3819381216969563,0.4828591073391716,0.3721760043931619,0.3849108856203508,0.0,0.0,0.391023259090671,0.5565065279047278,0.1848843088218414,0.2346994391381874,0.0,0.0
0.4071500672309082,0.3859903962239647,0.4055574087103902,0.0,0.2042152847479728,0.3940563967896875,0.2596169170357109,0.1184958586798311,0.2987321207847697,0.4026727573941345,0.3217196402961483,0.1700611005046251,0.5397950675934914,0.0,0.4942136467499853,0.4673335692012838,0.4233645374164494,0.4195519186156098,0.2658344501941859,0.5119438917764572,0.448258450933312,0.4882713530809794,0.2035496638210926,0.1093669735470801,0.3045268767246089,0.2285278756227643,0.365345537857252,0.0,0.505803869589506,0.4425344373520074,0.4129154104216555,0.07546476898143,0.3389263769922672,0.0717550450965291,0.0999514878533924,0.2044559368372388,0.0164247220723037,0.0440792745967237,0.0,0.0313703615124658,0.0,0.0,0.2836611830018414,0.0,0.0,0.0,0.0,0.2541849646808206,0.0,0.0,0.2491256987686916,0.0,0.109608427890236,0.0,0.0,0.0,0.0,0.0,0.0,0.4697953540335194,0.0,0.0,0.0,0.0,0.3240490476671329,0.3981117457699192,0.2930908988127529,0.1681858719837826,0.0,0.0,0.0,0.2855755057740671,0.4721962690501878,0.2191437481585953,0.0,0.0
0.539250707194173,0.4099532094060557,0.4467308284981882,0.0,0.3989972310892585,0.4841792811018381,0.3625269852471499,0.0731927921486425,0.4212689953675385,0.0,0.0,0.0,0.5003682520632778,0.0,0.5406893451740659,0.5464362279758184,0.3000030501858898,0.4611624021525979,0.0,0.5728295033029698,0.5604919212199189,0.5850457010512311,0.2573146188134786,0.0,0.3702224080678212,0.2793249947973452,0.5360139997253517,0.505803869589506,0.0,0.4284412411343299,0.399067837933322,0.0188384469185742,0.3825601852953297,0.0,0.0524328156503135,0.0,0.0,0.0,0.0,0.0,0.0,0.0,0.2389958387338233,0.0,0.0,0.0,0.4591685277259155,0.0,0.0,0.0,0.2985929956048633,0.0,0.0979463270108298,0.0,0.0,0.0,0.0,0.2681595811754259,0.0,0.5510111314514093,0.0,0.0,0.0,0.0,0.4010249377230296,0.5406513430814698,0.3865234021471855,0.2523335905264793,0.0,0.0,0.3712806551082722,0.4536139316293459,0.3870352997328294,0.3455711856928889,0.0,0.0285152556336147
0.0,0.0,0.3946659302581123,0.0,0.0,0.3130479605447606,0.0,0.2150036215436117,0.3516099482125061,0.0,0.0,0.0,0.3107210450541226,0.0,0.4512026161726815,0.3672017435081551,0.0,0.3120634135520824,0.0,0.4453111174731038,0.4071115974217525,0.39514451413782,0.2904431948700499,0.0,0.0,0.0,0.393416856803235,0.4425344373520074,0.4284412411343299,0.0,0.3368415066132672,0.1741170497970305,0.3925351275600117,0.0840686454478132,0.0437395266799283,0.0,0.0,0.0,-0.002806082082551,0.0,0.0,0.0,0.0,0.0,0.0,0.0,0.0,0.0,0.0,0.0,0.2596879652205106,0.0,0.0,0.0,0.0,0.0,0.0,0.0,0.0,0.0,0.0,0.0,0.0,0.0,0.3772112393651976,0.0,0.0,0.2883748688244907,0.0,0.0,0.0,0.3482500611552425,0.0,0.2826284915338949,0.0,0.0
0.3969521239663319,0.1355324153567567,0.290316973668467,0.0318307799574321,0.1194355852567227,0.1731159579112939,0.064073944385866,0.0,0.1633622082882036,0.3765409448082998,0.1583820845756033,0.0,0.2701762459247334,0.0,0.3592883640428646,0.4317450073577238,0.3607705084504295,0.3936801111712928,0.1515510218995072,0.3346426040686291,0.4177924455721393,0.3756055773067547,0.1236453024833729,0.1764573711792677,0.2567195940434687,0.186676793250848,0.2204456984450569,0.4129154104216555,0.399067837933322,0.3368415066132672,0.0,0.1215322489944508,0.2946206106801919,0.2020798831898535,0.0922149640162308,0.1095967309222388,0.0247491090452616,0.0,0.0,0.1518333989148425,0.0011902585504419,0.0,0.0,0.0,0.0,0.4278698172579232,0.2108603670411055,0.0,0.0,0.0,0.2045316248960619,0.0,0.0,0.0,0.2090955872440488,0.0,0.0,0.0,0.0,0.2874580894518079,0.2446660241827826,0.3229942494939838,0.2722914826766958,0.0,0.3103635145633577,0.3867334879706265,0.33067495848942,0.082277724002101,0.1545527983164269,0.2561265883731013,0.2565311689413059,0.2368073069814824,0.330428289726284,0.3590146067614733,0.0,0.2446124041612937
0.0,0.0,0.0,0.0869373771130471,0.0,0.0,0.0,0.2143259656132447,0.0,0.0310797723430859,0.0,0.0,0.0236076178497543,0.0527812561098843,0.1015413486319394,0.0088637690474275,0.1295503523703204,0.0,0.1352315804435907,0.0490228609052942,0.0698466665481665,-0.005205568705659,0.2051853001366379,0.0990556580183794,0.0113008007553622,0.0414882012083825,0.006061210497112,0.07546476898143,0.0188384469185742,0.1741170497970305,0.1215322489944508,0.0,0.0632954633110962,0.460480771532794,0.3342450938538861,0.1981661953955769,0.3224263441022675,0.1687997390563324,0.3813893744873187,0.2635381147119032,0.0601816907682915,0.1466972431911788,0.0,0.0,0.2744825720002722,0.0108392749483216,0.0398424111840994,-0.0044861242022762,0.0,0.0,0.1556946884581367,0.1267883846386016,0.1773971553158988,0.0558748936210177,0.1612896708806982,0.1694984316937692,0.0629259149976732,0.1572537012656414,0.0,-0.0032233776512024,0.0264625904611484,0.0,0.0,0.1451036445593498,0.0691579457210814,0.0,0.0857089048950618,0.1521636477386263,0.2193361250351561,0.0,0.109207265365851,0.0464344300585097,0.0,0.1525394009449598,0.1358752361241225,0.0382746868974522
0.3774644711635653,0.3792681716163546,0.0,0.0,0.2816783100842471,0.3920720864414503,0.0877585256307874,0.2304547987219666,0.435331943126118,0.3931156623586666,0.3640775109033069,0.239690594048704,0.3129744294996478,0.0,0.3963986792220336,0.435923624684382,0.2129924914879773,0.4559277846584343,0.0,0.3851903340137369,0.3542111932966321,0.4438329377397573,0.2994172002156023,0.2614284086952156,0.4151509628776595,0.3969545261088738,0.375280802622727,0.3389263769922672,0.3825601852953297,0.3925351275600117,0.2946206106801919,0.0632954633110962,0.0,0.045697485644422,0.0,0.0,0.0,0.0,0.0,0.2057936811188797,0.0,0.0,0.0,0.0,0.0125653788459662,0.3619457372820265,0.4097758630006167,0.0,0.0,0.0,0.0,0.0,0.0,0.0,0.1995366553350978,0.0,0.1171669265428649,0.0,0.0,0.3553050246411121,0.0865434805404141,0.1724064758030086,0.1262695654384143,0.0,0.3516926043359401,0.3636653504423464,0.3314474301487731,0.2797690425294711,0.2524397240649463,0.3436043709465089,0.4358188062649898,0.359109289159641,0.2497389807224137,0.2270411766444204,0.0,0.0646960041845661
0.0,0.0,0.0,0.2005914681150806,0.0,0.0,0.0,0.1377824171546458,0.0,0.0347695741586205,0.0,0.0,0.0,0.0135014096751888,0.0584563961004582,0.0,0.1038543608778261,0.0,0.1087504454805498,0.0,0.0438900214384627,0.0,0.1259663409864936,0.179029362217825,0.0170060490221553,-0.0018600102972465,0.0,0.0717550450965291,0.0,0.0840686454478132,0.2020798831898535,0.460480771532794,0.045697485644422,0.0,0.3181106799917524,0.3038609018703935,0.3419103187238642,0.1666120818571927,0.2340012636807173,0.2942980071041587,0.0847036720792644,0.0767986966747251,0.0,0.0,0.3470318731530658,-0.0001510703915018,0.0,0.0,0.0,0.0,0.1080820983417799,0.0,0.0547367980545242,0.0,0.1390580506593498,0.0,0.0494375861693568,0.1409315893796056,0.0,0.0,0.0366597568449536,0.0,0.0,0.0,0.0188313142288358,0.0,0.0532062484323936,0.0458547259435056,0.1987189405316011,0.0,0.0485310218654859,0.0273931192398829,0.0,0.1170553824293465,0.0,0.0005950191618651
0.0,0.0,0.0,0.1583535938799304,0.0,0.0,0.0,0.0223313281682962,0.0,0.0318851254840583,0.0,0.0,0.0701194450766889,0.0,0.0530331576036699,0.0,0.038256628486433,0.0,0.0339369393860369,0.0163824316826744,0.0582690503627295,0.0,0.015320563015005,0.0,0.0,0.0,0.0273521282558009,0.0999514878533924,0.0524328156503135,0.0437395266799283,0.0922149640162308,0.3342450938538861,0.0,0.3181106799917524,0.0,0.2778353643627821,0.3790745595865323,0.2994494102073396,0.0261492499556044,0.0,0.0,0.0,0.0,0.0928261119783627,0.3576372465682797,0.0341768474027538,0.0,0.0,0.0,0.0,0.0,0.0,0.0,0.0,0.0,0.0,0.0,0.0,0.0,0.0,0.0,0.0,0.0,0.0,0.0,0.0,0.0,0.0046358452793267,0.0,0.0,0.0,0.0073436841451684,0.0,0.0396736141036698,0.0,0.0
0.0,0.0,0.0,0.3887176739729663,0.0,0.0,0.0,0.0962142846490506,0.0,0.070529370988791,0.0,-0.0135682551623217,0.1085745540019354,0.0508962865959179,0.0717070092016823,0.0,0.0,0.0,0.0,0.0125402784140858,0.0421951510542655,0.0,0.0537152362689253,0.0740030048246915,0.0,0.0,0.0,0.2044559368372388,0.0,0.0,0.1095967309222388,0.1981661953955769,0.0,0.3038609018703935,0.2778353643627821,0.0,0.3951978417655681,0.1890437950416811,0.0,0.0085807347909768,0.0,0.013986005625333,0.0890290668043248,0.2064448358690647,0.0,0.0,0.0,0.0,0.0,0.0169187982690206,0.0033582101483948,0.0420861828401383,0.046417614163867,0.0137239891229371,0.0,0.0684186979341461,0.0,0.0,0.0164444957665755,0.0,0.0,0.0,0.0,0.0895043612820029,0.0,0.0,0.0,-0.0049902701382425,0.0,0.0,0.0,0.0,0.0,0.0,0.0,0.0
0.0,0.0,0.0,0.3217485856303151,0.0,0.0,0.0,0.0964582483442451,0.0,0.0064510474341888,0.0,0.0,0.0,0.0457864134108446,0.0,0.0,0.0,0.0,0.0,0.0,0.0,0.0,0.0539812566617939,0.0405712910754271,0.0,0.0,0.0,0.0164247220723037,0.0,0.0,0.0247491090452616,0.3224263441022675,0.0,0.3419103187238642,0.3790745595865323,0.3951978417655681,0.0,0.2332649920898136,0.0969741338061806,0.0,0.0,0.1169137552005001,0.0,0.0614446931203752,0.0,0.0,0.0,0.0,0.0,0.0,0.0,0.0,0.0,0.0,0.0,0.0,0.0,0.0,0.0,0.0,0.0,0.0,0.0,0.0,0.0,0.0,0.0,0.0,0.0,0.0,0.0,0.0,0.0,0.0,0.0,0.0
0.0273288816813164,0.0,0.0,0.0,0.0414300886083177,0.0260797380167569,0.1472282427635278,0.0,0.0,0.0431993543584194,0.0,0.0876605450950333,0.1166388427035655,0.0,0.0,0.0,0.0280355074680006,0.0,0.0235544701598966,0.0,0.0,0.0,0.0710211045827406,0.0,0.015811888240571,-0.0062109470111253,0.0,0.0440792745967237,0.0,0.0,0.0,0.1687997390563324,0.0,0.1666120818571927,0.2994494102073396,0.1890437950416811,0.2332649920898136,0.0,0.0,0.0,0.0,0.0,0.0,0.0,0.2742996380122217,0.0,0.0,0.0,0.0,0.0,0.0,0.0,0.0,0.0,0.0,0.0,0.0,0.0,0.0,0.0,0.0,0.0,0.0,0.0,0.0,0.0,0.0,0.0,0.0,0.0,0.0,0.0,0.0,0.0,0.0,0.0
0.0,0.0,0.0,0.0,0.0,0.0,0.0,0.0772451379628952,0.0,0.0,0.0,0.0,0.0,0.0246527854075839,0.0,0.0,0.0,0.0,0.0,0.0,0.0,0.0,0.0663977146148764,0.1373674703514528,0.0,0.056877465671886,0.0,0.0,0.0,-0.002806082082551,0.0,0.3813893744873187,0.0,0.2340012636807173,0.0261492499556044,0.0,0.0969741338061806,0.0,0.0,0.3558808788158229,0.3377247397892541,0.2249313499159033,0.0,0.0,0.1084582426969018,0.0,0.0,0.0,0.1484236627799447,0.0,0.1160024906295778,0.0,0.0736127633189558,0.0,0.2890773623568893,0.0783625489992607,0.2944979935831025,0.1354450431728244,0.092458970833956,0.0,0.2929679939696575,0.0808376329348123,0.1561408277951495,0.008793778506147,0.0454497223304421,0.0,0.0978578840029256,0.027264503390832,0.2123685063621786,0.0,0.0304839294512542,0.0,0.0,0.1920828047793128,0.2990663480434809,0.3164702401388103
0.0086835487309053,0.0,0.0,0.0,0.0,0.0,0.0,0.0,0.0,0.0086444814376833,0.0,0.0,0.0,0.0,0.0818706683738112,0.052409348190613,0.0482857457015572,0.1779069057358256,0.0,0.0069783392782019,0.0485458557782363,0.0465353017247163,0.2229833430565421,0.3412943788698684,0.1772802116446204,0.2243237465240773,0.0082593842130803,0.0313703615124658,0.0,0.0,0.1518333989148425,0.2635381147119032,0.2057936811188797,0.2942980071041587,0.0,0.0085807347909768,0.0,0.0,0.3558808788158229,0.0,0.3422812012874878,0.1020809964552977,0.118178564248631,0.0,0.179061346799845,0.0446347812030349,0.1295905848475008,0.0,0.0,0.1088731299353536,0.2774055688005489,0.1141790099012682,0.1559424105215113,0.089132251416434,0.4333271535850013,0.1988518871431416,0.3488900838951364,0.3637587665039158,0.0,0.0068020268481874,0.3543848894152145,0.2005702221543875,0.179284616232001,0.0,0.2584936717142063,0.0859333791690957,0.3096153954952798,0.1434832080504502,0.3621281439110168,0.1242416513111462,0.2761895716269163,0.1317251032249558,0.0969541445514401,0.3140863347715266,0.3912569383127884,0.3171870770439539
0.0,0.0,0.0,0.0,0.0,0.0,0.0,0.0161205809106025,0.0,0.0,0.0,0.0,0.0,0.0,0.0,0.0,0.0,0.0457707495797857,0.0,0.0,0.0,0.0,0.0,0.2566046055662991,0.0556176567233435,0.1012485179383362,0.0,0.0,0.0,0.0,0.0011902585504419,0.0601816907682915,0.0,0.0847036720792644,0.0,0.0,0.0,0.0,0.3377247397892541,0.3422812012874878,0.0,0.2125298730858272,0.0888670628594069,0.0,0.0,0.0,0.0,-0.0010265426755347,0.0420439991064939,0.0,0.0583599880483806,0.0,0.0,0.0,0.2375638073162825,0.0248180128049221,0.2922023253044786,0.0778595798461331,0.0,0.0,0.2697682464229188,0.1397340989384569,0.1331242066213148,0.0054015883786045,0.0459319347365002,0.0,0.0712687106793345,0.0,0.1980053832398831,-0.0130731454509845,0.0502899149712064,0.0,0.0714143598641952,0.1284043449397628,0.3329517576857611,0.3664001998293674
0.0,0.0,0.0,0.0,0.0,0.0,0.0,0.0,0.0,0.0,0.0,0.0,0.0,0.0,0.0,0.0,0.0,0.0,0.0,0.0,0.0,0.0,0.0,0.0313899256626709,0.0,0.0,0.0,0.0,0.0,0.0,0.0,0.1466972431911788,0.0,0.0767986966747251,0.0,0.013986005625333,0.1169137552005001,0.0,0.2249313499159033,0.1020809964552977,0.2125298730858272,0.0,0.0,0.0,0.0471481577824756,0.0,0.0,0.0,0.08398658026016,0.0,0.0,0.0,0.0,0.0,0.0,0.0052564645650468,0.0277378899158853,0.0,0.0,0.0,0.0177558856599308,0.0,0.0,0.0,0.0,0.0,0.0,0.0,0.016778337017572,0.0,0.0,0.0,0.0,0.0,0.1196736188205478,0.1152887473838081
0.0,0.0,0.2073788686119275,0.0,0.1067425344090162,0.2871474881513693,0.0688911086990019,0.099320315302774,0.1010526404822349,0.0,0.1230074824024749,0.0,0.2252129758871677,0.0188115261258641,0.2223273350319374,0.0,0.0,0.0,0.0243049974212247,0.0,0.0,0.0,0.1396687840216892,0.0,0.0,0.0,0.1209025582121076,0.2836611830018414,0.2389958387338233,0.0,0.0,0.0,0.0,0.0,0.0,0.0890290668043248,0.0,0.0,0.0,0.118178564248631,0.0888670628594069,0.0,0.0,0.3530942026831128,0.0,0.0,0.0,0.1070545802186084,0.1494293143425617,0.0919225553048751,0.2108034288591994,0.1291809751702678,0.0816042799356313,0.0896450351961441,0.0351177667733902,0.0,0.0798715001854557,0.1780308954558265,0.0417883794913168,0.1803946712670004,0.0,0.3194153822679182,0.0,0.1791979674252719,0.1067326403586914,0.3024400924328956,0.0995832052380766,0.1068387983872359,0.0753374107784173,0.1551927827687088,0.1980700604931738,0.0758740704398798,0.2900027465655738,0.1230045468986107,0.0,0.1241148074161162
0.0,0.0,0.0,0.0,0.0,0.0,0.0,0.0,0.0,0.0,0.0,0.0,0.0,0.0,0.0,0.0,0.0,0.0,0.0,0.0,0.0,0.0,0.0,0.0,0.0,0.0,0.0,0.0,0.0,0.0,0.0,0.0,0.0,0.0,0.0928261119783627,0.2064448358690647,0.0614446931203752,0.0,0.0,0.0,0.0,0.0,0.3530942026831128,0.0,0.0,0.0,0.0,0.0350086024794699,0.1909970314835688,0.1224658035520928,0.1151107934875423,0.2439423024780838,0.0207225872268447,0.1329098500749049,0.0,0.0,0.0,0.0359740186334256,0.1413383842651447,0.0,0.0,0.0,0.0,0.1056928331047608,0.0,0.0,0.0,0.101428740418385,0.0,0.0,0.0,0.1147381002661488,0.195395263678495,0.0157374291277604,0.0,0.0
0.0,0.0,0.0,0.0,0.0,0.0,0.0,0.0,0.0,0.0,0.0,0.0,0.0,0.0,0.0,0.0,0.0,0.0,0.0,0.0,0.0,0.0,0.0,0.1012265540148136,0.0,0.0,0.0,0.0,0.0,0.0,0.0,0.2744825720002722,0.0125653788459662,0.3470318731530658,0.3576372465682797,0.0,0.0,0.2742996380122217,0.1084582426969018,0.179061346799845,0.0,0.0471481577824756,0.0,0.0,0.0,0.0,0.0,0.0,0.0451014443830914,0.0541994670698616,0.0,0.0697235080263929,0.0,0.0234117795227579,0.1246537096223248,0.1230273260164477,0.1343865615731567,0.0674289795992304,0.0,0.0,0.0,0.0,0.0,0.0,0.0,0.0,0.0,0.0,0.19236837947209,0.0,-0.0139936725017345,0.0,0.0,0.0,0.0,0.0
0.5961579990363727,0.3209811344484445,0.0,0.0,0.0,0.0,0.0,0.0,0.0,0.4144125044486082,0.0,0.0,0.0,0.0,0.4503985963069951,0.4907022672524608,0.0,0.4133842300700622,0.0,0.0,0.5323123072253058,0.5089694059726588,0.0,0.0767404254221934,0.3816453504698648,0.2962002942003107,0.0,0.0,0.0,0.0,0.4278698172579232,0.0108392749483216,0.3619457372820265,-0.0001510703915018,0.0341768474027538,0.0,0.0,0.0,0.0,0.0446347812030349,0.0,0.0,0.0,0.0,0.0,0.0,0.3562690360261336,0.0,0.0,0.0,0.2376116105103033,0.0,0.0095200313605128,0.0,0.1385338972554312,0.0,0.0,0.2386605321763734,0.0570699679104519,0.4371591900950515,0.1765342532734018,0.285056891828777,0.2357758920924142,0.0,0.3649429765159477,0.5558198318845143,0.3697563501786992,0.1482474972753523,0.0637886911710787,0.4099497955327051,0.3908808668101571,0.3738334030412053,0.3577819767790488,0.3805398037694236,0.0,0.1939295593283133
0.2909110783412462,0.4567697341407781,0.0,0.0,0.0,0.0,0.0,0.0,0.0,0.0,0.0,0.0,0.0,0.0,0.4417623554827897,0.4031575031294409,0.0,0.4391813780352497,0.0,0.4347818982895086,0.4208360322146731,0.4615544429806397,0.3662619056376892,0.1388436178557938,0.3752476976758122,0.3490815449409905,0.4864209570342384,0.0,0.4591685277259155,0.0,0.2108603670411055,0.0398424111840994,0.4097758630006167,0.0,0.0,0.0,0.0,0.0,0.0,0.1295905848475008,0.0,0.0,0.0,0.0,0.0,0.3562690360261336,0.0,0.0,0.0,0.0,0.4778245208640027,0.4257091048876397,0.306719097645223,0.4571117541841129,0.2148063749656521,0.0,0.0,0.4565492467483857,0.0,0.4791102255554529,0.0512257436275284,0.2266660138971657,0.1992794250256759,0.0,0.4104048902410075,0.4380919071354651,0.4262515982042565,0.3863200555173315,0.0,0.5074339022328489,0.5202193113885533,0.4275036021946332,0.294921510698083,0.2807980056568633,0.0,0.0
