0.0,0.3667191259117279,0.0,0.0,0.0,0.6828747147374262,0.0,0.4227590886309112,0.0,0.3655364433299842,0.0,0.1499588649046813,0.0,0.0,0.7443148342951778,0.6395260996183328,0.4433850057103849,0.4869489692536242,0.0,0.6580974927844954,0.73472477076471,0.6278769174671792,0.5702388563706098,0.3155506518570493,0.4415375066967394,0.44911186730618,0.6494662574755576,0.6294178199589557,0.7595357568467638,0.0,0.7662470487300277,0.4007787232943783,0.6290889825295841,0.7861532420593363,0.3990726949087799,0.0,0.0,0.0,0.5929473588303146,0.404788215876057,0.0,0.0,0.0,0.0,0.0,0.7505394254431599,0.4807102096208331,0.0,0.0,0.0,0.0,0.0,0.0,0.0,0.4931574292867842,0.0,0.0,0.0,0.0,0.0,0.5276123869276392,0.0,0.5440275774771807,0.0,0.0,0.7312097543843274,0.5310232564588542,0.0,0.5403183102734109,0.4640120438057295,0.626511929737162,0.0,0.0,0.0,0.0,0.0
0.3667191259117279,0.0,0.0,0.0,0.4519002346702184,0.5767111941626427,0.5665060599888099,0.4750867685331388,0.5037972884469594,0.0,0.0,0.0,0.6143842162640931,0.0,0.527779338779568,0.817847128466212,0.0,0.6647134638722962,0.0,0.696491162885857,0.63354685515733,0.801389621913074,0.4428695058516051,0.0,0.8726964103007265,0.8098951887939851,0.5620977708969643,0.5110697689799485,0.1792972323744792,0.0,0.5263520358742556,0.1588892290035663,0.5298511028986882,0.2385111056244759,0.0,0.0,0.0,0.0,0.0,0.3506116350388282,0.4234654227551771,0.2496269495147585,0.0,0.0,0.0,0.0,0.8429998505598763,0.0,0.0,0.0,0.0,0.0,0.0,0.0,0.0,0.0,0.0,0.0,0.0,0.6277676844750292,0.5472784231680725,0.0,0.5459231062770434,0.0,0.6942307442573425,0.5090842113660589,0.7517974005086115,0.5787367394107729,0.0,0.7414132491299458,0.8108472518332314,0.6259103273881098,0.0,0.4196683925197476,0.0,0.4237480618229804
0.0,0.0,0.0,0.0,0.7965941575446541,0.7229816687286906,0.4083363288640685,0.6879827954950607,0.895173321292646,0.2871300935227347,0.8113261601272719,0.0,0.7233122809710647,0.4372883670498142,0.0,0.0,0.0,0.0,0.836327523457004,0.0,0.0,0.0,0.7132564358309182,0.0,0.0,0.0,0.8728323026241003,0.6796353426599139,0.0,0.5398249094786535,0.6611919673717005,0.0737519450612163,0.0,0.5786635422876584,0.146253368731227,0.3880509683357893,0.1017955459895709,0.0,0.1167087440408981,0.0,0.0,0.0,0.4496669818792,0.0,0.0,0.0,0.0,0.8771425657072618,0.0,0.7683737512094964,0.5818944452797997,0.0,0.768067900170365,0.8841475865286184,0.0,0.868725948656938,0.0,0.0,0.3085766626172474,0.0,0.0,0.0,0.0,0.8331858247583216,0.0,0.0,0.0,0.7484983690268513,0.0,0.0,0.0,0.5807059144918749,0.0,0.0,0.0,0.0
0.0,0.0,0.0,0.0,0.3221276111817506,0.4075096614359092,0.1702113563904065,0.2512636841742452,0.1432219737894293,0.0,0.2937193370419352,0.0,0.2357968913721911,0.2222101608528134,0.0,0.0,0.0,0.0,0.0,0.0,0.0,0.0,0.2138283051520591,0.0,0.0,0.0,0.0756480025920236,0.2997179911409737,0.0,0.0,0.0,0.0693139955736185,0.0,0.4925018794931518,0.6434804743232365,0.3025811969732833,0.139554455147846,0.0,0.0,0.0,0.0,0.0,0.0,0.0,0.0,0.0,0.0,0.0,0.0,0.0,0.0,0.0,0.0,0.0,0.0,0.0,0.0,0.0,0.0,0.0,0.0,0.0,0.0,0.0,0.0,0.0,0.0,0.0,0.0,0.0,0.0,0.0,0.0,0.0,0.0,0.0
0.0,0.4519002346702184,0.7965941575446541,0.3221276111817506,0.0,0.7714385609085861,0.7222834538909177,0.7063434062439669,0.8984504931166892,0.4775860732731577,0.8072308869809784,0.3657795599712314,0.7884981572237436,0.5709848877600229,0.0,0.0,0.0,0.0,0.6034188673412603,0.8356603395949159,0.0,0.7668239308750693,0.7389399410378837,0.0,0.4271646217304679,0.0,0.8887619509157129,0.7747493652655444,0.6955592343175273,0.0,0.7997613046256998,0.1957713534203015,0.448764269636109,0.7306176244690777,0.3813345721400236,0.2844479510503369,0.1044152962091718,0.4453555562033924,0.0,0.0,0.0,0.0,0.4280621164996458,0.0,0.0,0.0,0.0,0.8025013086889379,0.0,0.0,0.0,0.0,0.7602180538221126,0.9100965341540438,0.0,0.8500302874271093,0.0,0.0,0.0,0.0,0.0,0.0,0.0,0.0,0.0,0.0,0.0,0.7536563950830432,0.0,0.0,0.0,0.5350042309447692,0.0,0.0,0.0,0.0
0.6828747147374262,0.5767111941626427,0.7229816687286906,0.4075096614359092,0.7714385609085861,0.0,0.5544001779273936,0.6772245699785893,0.7123785578961973,0.2574754427894916,0.5657942305866924,0.0,0.7735398297083961,0.470088904558198,0.6858652090307207,0.616671549863447,0.0,0.5668777954655385,0.5062490651404686,0.6464640633699621,0.69608918392928,0.6541385771634256,0.6308982069190501,0.0,0.4914733005972513,0.6198591798107062,0.7264695843742911,0.585696475331148,0.787584226184661,0.3563159748697507,0.6296567390896524,0.2091123605017455,0.6056219465379904,0.6958036453411127,0.3385965763224663,0.3708316207594032,0.1064327674412359,0.0,0.313308028884195,0.0,0.0,0.0,0.4182527062298566,0.0,0.0,0.0,0.0,0.6178653211749883,0.0,0.0,0.6563757003458978,0.3360819389510298,0.7597822959885022,0.703864130384833,0.0,0.6235559216434119,0.0,0.4570314672196805,0.0,0.2915135368506609,0.0,0.0,0.0,0.4839823624963157,0.4358393295401686,0.6367231068300016,0.4943904390348943,0.6133685936920599,0.0,0.0,0.0,0.2927247799247418,0.4210749566595696,0.1892774372649322,0.0,0.0821485136750052
0.0,0.5665060599888099,0.4083363288640685,0.1702113563904065,0.7222834538909177,0.5544001779273936,0.0,0.4713840866975539,0.5570383674000746,0.6917492004652723,0.4848991273135579,0.5253856617653229,0.7067880724245983,0.2338698843130638,0.0,0.5794705529039841,0.6129950364045429,0.4083048114769979,0.364212904545167,0.6780099634037263,0.0,0.6350278505798967,0.5446468142319114,0.4632319442105074,0.60306388661935,0.3303326742339439,0.5771157063105236,0.6539519124086448,0.423717382465503,0.0,0.7366594513106761,0.3619166572725746,0.4201321456758878,0.5684502896534683,0.2181009863690864,0.0,0.0499807642901129,0.4130087649119052,0.0,0.0,0.0,0.0,0.0,0.0,0.0,0.0,0.0,0.0,0.0,0.0,0.5343030425521614,0.0,0.0,0.0,0.0,0.0,0.0,0.0,0.0,0.0,0.0,0.0,0.0,0.0,0.0,0.0,0.0,0.567706471685293,0.0,0.0,0.0,0.4397353693649956,0.0,0.0,0.0,0.0
0.4227590886309112,0.4750867685331388,0.6879827954950607,0.2512636841742452,0.7063434062439669,0.6772245699785893,0.4713840866975539,0.0,0.6614947848545805,0.3544935777634059,0.6815282297051645,0.0,0.6390728841139859,0.4829619222319832,0.6451531464401479,0.3526818280553178,0.0,0.1765684759211205,0.6276134301508682,0.6664078266406966,0.7217590822675746,0.6244578803452451,0.8442327676509312,0.5239026555543888,0.2778160384066629,0.4951074737142452,0.6502566328295044,0.6380378231105852,0.4224485934101293,0.456650289421281,0.5175404053903009,0.1546639687348087,0.3686246609377501,0.5321586019530271,0.149245252482056,0.3016140763469205,0.0853078339272824,0.0,0.0599001261260861,0.0,0.0,0.0,0.3516760838172358,0.0,0.0,0.0,0.0,0.6175650347999148,0.0,0.7009312770043719,0.4354812174687251,0.4125839881214582,0.8974480383210612,0.6171040528702835,0.0,0.6686247295917054,0.0,0.3950236854655757,0.4099538384137691,0.392280132661046,0.0,0.0,0.0,0.6064326672662551,0.5208243163173653,0.5232381807893269,0.0,0.6717275628500644,0.0,0.0,0.0,0.3921218570935373,0.4035231668866507,0.016526729832039,0.0,0.0
0.0,0.5037972884469594,0.895173321292646,0.1432219737894293,0.8984504931166892,0.7123785578961973,0.5570383674000746,0.6614947848545805,0.0,0.4319056411893651,0.8606931927513224,0.3386646418285388,0.7850474674372752,0.543404405367335,0.0,0.62004677467322,0.0,0.0,0.7173764066379595,0.8672579705272409,0.0,0.7805589906550406,0.7118745923598141,0.0,0.0,0.0,0.940968447034388,0.6550805648590069,0.620657956430602,0.4023682243083751,0.6935740741936192,0.243673610575016,0.4756657131328274,0.6394751485406395,0.0932757514909047,0.3887915918165884,0.0830843989425135,0.4006698475727827,0.2583067176353718,0.0,0.0,0.0,0.3271299569447945,0.0,0.0,0.0,0.0,0.8884073546028417,0.0,0.0,0.6498755964818855,0.0,0.7388580264994438,0.9870240258090136,0.0,0.9141062602460724,0.0,0.0,0.300188991062678,0.0,0.0,0.0,0.0,0.7299571049300624,0.0,0.0,0.0,0.7727026704411155,0.0,0.0,0.0,0.6994146512294892,0.0,0.0,0.0,0.0
0.3655364433299842,0.0,0.2871300935227347,0.0,0.4775860732731577,0.2574754427894916,0.6917492004652723,0.3544935777634059,0.4319056411893651,0.0,0.3613998114527607,0.8868710674025562,0.5639206111580777,0.125914581806372,0.0,0.6469978799937555,0.8775133659466309,0.3876095808690104,0.4945600539276903,0.0,0.0,0.6529334017105962,0.4286416046286788,0.7570590230503426,0.761864525901072,0.3716279231544965,0.4209844554564017,0.6366972187434138,0.0,0.0,0.7250534302495485,0.2762572274837271,0.3078830997333023,0.2214827763690824,0.0,0.0,0.1991307113216182,0.1752139865310166,0.0,0.1522520423543203,0.4024546410081274,0.0,0.0,0.0,0.5871464473960087,0.0,0.0,0.0,0.0,0.0,0.0,0.0,0.0,0.0,0.9497409764658244,0.0,0.8947680012317365,0.0,0.0,0.0,0.0,0.8578130005224808,0.4065111596168497,0.0,0.0,0.0,0.0,0.0,0.8136813521097289,0.745342364240008,0.5924995533845913,0.0,0.7170146014937736,0.0,0.0,0.5511718977769461
0.0,0.0,0.8113261601272719,0.2937193370419352,0.8072308869809784,0.5657942305866924,0.4848991273135579,0.6815282297051645,0.8606931927513224,0.3613998114527607,0.0,0.3370788052313136,0.7036293388338005,0.5649841171824712,0.0,0.0,0.0,0.0,0.6503920896251808,0.0,0.0,0.0,0.6681586169326525,0.0,0.0,0.0,0.7413361243513473,0.7317764019161105,0.0,0.0,0.5512164361069909,0.1127074907636219,0.3533940873957263,0.4505166705541114,0.0531713390571222,0.463670902292448,0.1991153229617407,0.3903360619808295,0.069357709971498,0.0,0.0,0.0,0.5582464337551136,0.0,0.0,0.0,0.0,0.7797621217332611,0.0,0.767872645649437,0.4917799034640643,0.4526283937194321,0.7295284418911872,0.8598232548492424,0.0,0.8995234657813368,0.0,0.5793216260461538,0.2909795662957838,0.0,0.0,0.0,0.0,0.6963249869934953,0.0,0.0,0.0,0.6468096213950181,0.0,0.0,0.0,0.5361310637276815,0.0,0.0,0.0,0.0
0.1499588649046813,0.0,0.0,0.0,0.3657795599712314,0.0,0.5253856617653229,0.0,0.3386646418285388,0.8868710674025562,0.3370788052313136,0.0,0.4617614138034679,0.0,0.0,0.0,0.8083290902729148,0.3308484533718259,0.0,0.0,0.0,0.0,0.0,0.8190219808553245,0.6981278577047013,0.4771051724243939,0.0,0.5502879202493223,0.0,0.0,0.5398401463117467,0.1790595546372526,0.2430898253876984,0.0,0.0,0.0703764530503175,0.2061119251272112,0.0375838129464377,0.0,0.1537669658382288,0.4335381208996424,0.0,0.0,0.0,0.5721392590377832,0.0,0.0,0.0,0.0,0.0,0.0,0.0,0.0,0.0,0.7861778614836955,0.0,0.9081976589108748,0.0,0.0,0.0,0.0,0.7480949665472122,0.3534216297251051,0.0,0.0,0.0,0.0,0.0,0.7724848232307084,0.6558968463136277,0.5622524387545587,0.0,0.0,0.0,0.0,0.5169568921577486
0.0,0.6143842162640931,0.7233122809710647,0.2357968913721911,0.7884981572237436,0.7735398297083961,0.7067880724245983,0.6390728841139859,0.7850474674372752,0.5639206111580777,0.7036293388338005,0.4617614138034679,0.0,0.4523655825475371,0.6912979592928618,0.7200679754026162,0.7165943617084317,0.582407737904267,0.663611963531026,0.7817212273013056,0.8655887960377819,0.7247457271114032,0.7019698942825229,0.6605069776918837,0.6220966562549539,0.6239511900492101,0.7408787684878325,0.8314355858854044,0.6060308432751105,0.5461706899195884,0.7366006170266818,0.3510121162921911,0.5114680688138769,0.6122414422047021,0.0837453735227444,0.4273568773445996,0.3496408902624971,0.4729665145806573,0.2270144122912145,0.0,0.0,0.0,0.4463580273933079,0.0,0.0,0.0,0.0,0.7598451681639913,0.0,0.0,0.6724618121018031,0.0,0.6667191434661575,0.0,0.0,0.0,0.0,0.0,0.0,0.0,0.0,0.0,0.0,0.0,0.0,0.0,0.0,0.7145614137945067,0.0,0.0,0.0,0.559214324898664,0.0,0.4725105991134065,0.0,0.0
0.0,0.0,0.4372883670498142,0.2222101608528134,0.5709848877600229,0.470088904558198,0.2338698843130638,0.4829619222319832,0.543404405367335,0.125914581806372,0.5649841171824712,0.0,0.4523655825475371,0.0,0.0,0.0,0.0,0.0,0.3233633890571474,0.0,0.4580447915047614,0.0,0.4425517701281248,0.0,0.0,0.0,0.4913863413114321,0.5227506916218819,0.0,0.0,0.3048313812006193,0.0158863001222318,0.0,0.3093882214614404,0.0,0.4832994911489945,0.1653526652397638,0.0,0.0,0.0,0.0,0.0,0.3900731569864778,0.0,0.0,0.0,0.0,0.4062684236564709,0.0,0.0,0.0,0.0,0.0,0.4967384358786362,0.0,0.552847824065657,0.0,0.0,0.0,0.0,0.0,0.0,0.0,0.0,0.0,0.0,0.0,0.4510188251528089,0.0,0.0,0.0,0.0,0.0,0.0,0.0,0.0
0.7443148342951778,0.527779338779568,0.0,0.0,0.0,0.6858652090307207,0.0,0.6451531464401479,0.0,0.0,0.0,0.0,0.6912979592928618,0.0,0.0,0.5648833988395887,0.0,0.4298608603962624,0.0,0.8050320080128744,0.7749480751197733,0.8337505247916924,0.6483214254970386,0.4051668084260683,0.4391961507463743,0.5508923253564466,0.796936390798241,0.7220367946120725,0.658943631727199,0.0,0.7098738604084213,0.1837681998111965,0.6028087506851216,0.6713787105710457,0.2673771858724423,0.2974747702430358,0.0,0.0,0.2665726044771853,0.3197424922679992,0.0,0.0,0.0,0.0,0.0,0.0,0.6889304879528764,0.0,0.0,0.0,0.4898787309750333,0.0,0.7238830177331939,0.0,0.0,0.0,0.0,0.0,0.0,0.458743769117335,0.5274574758586252,0.0,0.0,0.0,0.6288571448487161,0.6606610763249418,0.7071968730974629,0.666705341227326,0.0,0.0,0.7348933730189867,0.5136429466428607,0.5695608592689312,0.312155679646764,0.0,0.2304698123181197
0.6395260996183328,0.817847128466212,0.0,0.0,0.0,0.616671549863447,0.5794705529039841,0.3526818280553178,0.62004677467322,0.6469978799937555,0.0,0.0,0.7200679754026162,0.0,0.5648833988395887,0.0,0.8205020384657211,0.8923842461862554,0.0,0.7023106268320704,0.6842734501309002,0.7927250697850652,0.4192119269368948,0.7046585271704973,0.8330412833914906,0.7606945744747876,0.6167669710157907,0.6009648548476275,0.4049328039783301,0.2936263863121238,0.6885246850480783,0.3581680735928786,0.6541397399096056,0.4390748619748249,0.0,0.0,0.0,0.0,0.1830618568190584,0.4145932709090127,0.3601610593902815,0.0174097734540565,0.0,0.0,0.0,0.4211523832245256,0.7417960847472901,0.0,0.0,0.0,0.0,0.0,0.0,0.0,0.0,0.0,0.0,0.0,0.0,0.5748712139858112,0.4897872037609656,0.0,0.7598704461903593,0.0,0.6070733798922769,0.6251629308219271,0.6396694479322053,0.0,0.0,0.7121882291297604,0.839999518731004,0.0,0.0,0.0,0.0,0.5173273376145654
0.4433850057103849,0.0,0.0,0.0,0.0,0.0,0.6129950364045429,0.0,0.0,0.8775133659466309,0.0,0.8083290902729148,0.7165943617084317,0.0,0.0,0.8205020384657211,0.0,0.5791769555785671,0.0,0.6291276677029388,0.0,0.6310751237750573,0.0,0.789345536371221,0.7423693596234564,0.6059612575514957,0.0,0.7002629891909409,0.0,0.0,0.7034098087621322,0.2580907053624754,0.4266846495787086,0.2406952881045399,0.0,0.0,0.0,0.2853116198874221,0.0,0.2179669611469765,0.420988923125359,0.0,0.0,0.0,0.0,0.0,0.0,0.0,0.0,0.0,0.0,0.0,0.0,0.0,0.8495809948232338,0.0,0.8484511168188322,0.0,0.0,0.0,0.0,0.8341554093797223,0.5980631615702546,0.0,0.0,0.0,0.0,0.0,0.8282654357689051,0.6436755807154455,0.6714260711219687,0.0,0.0,0.0,0.0,0.0
0.4869489692536242,0.6647134638722962,0.0,0.0,0.0,0.5668777954655385,0.4083048114769979,0.1765684759211205,0.0,0.3876095808690104,0.0,0.3308484533718259,0.582407737904267,0.0,0.4298608603962624,0.8923842461862554,0.5791769555785671,0.0,0.0,0.4976415025280579,0.4590596579702987,0.6383583734394398,0.2123444929241685,0.5333290132153343,0.7269946795586391,0.6797165169911678,0.4767919986809509,0.378675621981666,0.4135811995092191,0.0,0.5035802506984073,0.2764203185911063,0.5808936523122421,0.3605777584394458,0.0,0.0,0.0,0.0,0.1983001707654166,0.364312416529028,0.3207094414106418,0.0,0.0,0.0,0.0,0.3339831051905413,0.5402748267245636,0.0,0.0,0.0,0.0,0.0,0.0,0.0,0.4880407274128732,0.0,0.4029381281185524,0.0,0.0,0.0,0.4408236241966979,0.5293104735412139,0.7942137960844246,0.0,0.0,0.0,0.4786168885842203,0.0,0.5662154990947547,0.6149314975146442,0.6994435213091,0.0,0.0,0.0,0.0,0.3959536615926538
0.0,0.0,0.836327523457004,0.0,0.6034188673412603,0.5062490651404686,0.364212904545167,0.6276134301508682,0.7173764066379595,0.4945600539276903,0.6503920896251808,0.0,0.663611963531026,0.3233633890571474,0.0,0.0,0.0,0.0,0.0,0.0,0.0,0.0,0.6722187172920917,0.0,0.0,0.0,0.7342310000646562,0.622172604037644,0.0,0.0,0.6088846749068968,0.139383853060285,0.0,0.3571502436099019,0.0,0.3266922083020908,0.0895085890594364,0.0,0.0,0.0,0.0,0.0,0.2448085952543757,0.0,0.0,0.0,0.0,0.862273152812342,0.0,0.0,0.5923435099909197,0.0,0.648554399802177,0.675727874896106,0.0,0.8064711780930511,0.0,0.0,0.2874573689593305,0.0,0.0,0.0,0.0,0.9643942768792698,0.0,0.0,0.0,0.7540429285288253,0.0,0.0,0.0,0.717721778060047,0.0,0.0,0.0,0.0
0.6580974927844954,0.696491162885857,0.0,0.0,0.8356603395949159,0.6464640633699621,0.6780099634037263,0.6664078266406966,0.8672579705272409,0.0,0.0,0.0,0.7817212273013056,0.0,0.8050320080128744,0.7023106268320704,0.6291276677029388,0.4976415025280579,0.0,0.0,0.8625207388410469,0.9387128753186093,0.7449171242343722,0.0,0.7231505712316706,0.5418462721021157,0.9000839117790368,0.7435979511056693,0.4685057575365219,0.4577980250157516,0.818341199403145,0.3049089683650541,0.5433553903737507,0.6600941644538798,0.0204748691529094,0.238390984452514,0.0675023945782303,0.0,0.1981709856239127,0.4700940202136562,0.0775832998227297,0.0,0.0,0.0,0.0,0.0,0.8407489694244048,0.0,0.0,0.0,0.6995810412255572,0.0,0.7113929921520693,0.0,0.0,0.0,0.0,0.0,0.0,0.7479565504541347,0.0,0.0,0.0,0.0,0.9096634743119412,0.8060124655566648,0.9092457218317028,0.8548083529765712,0.0,0.0,0.8213107424939108,0.81237189748253,0.6874848259226207,0.6093435841813734,0.0,0.3869041481394722
0.73472477076471,0.63354685515733,0.0,0.0,0.0,0.69608918392928,0.0,0.7217590822675746,0.0,0.0,0.0,0.0,0.8655887960377819,0.4580447915047614,0.7749480751197733,0.6842734501309002,0.0,0.4590596579702987,0.0,0.8625207388410469,0.0,0.817745131448652,0.8013457304108956,0.663441123004121,0.600773438463252,0.5369722396962342,0.7358803686467423,0.853780582758717,0.5799756195174182,0.4707834066880182,0.8483577109590815,0.4020734520473167,0.549977398959289,0.6628399582424133,0.1661695376298478,0.2194715849775433,0.0,0.0,0.3411821154770887,0.386093344648318,0.0,0.0,0.0,0.0,0.0,0.4651410550980437,0.7318421932327167,0.0,0.0,0.0,0.5690036116695854,0.0,0.7302837509566059,0.0,0.0,0.0,0.0,0.0,0.0,0.5416244134949286,0.3727817372380439,0.0,0.0,0.0,0.6892722066457442,0.8711753623332,0.6898144107908807,0.7704051664043547,0.0,0.568852372745816,0.7417994354741807,0.5664428134389377,0.7584103268106364,0.4647274994656941,0.0,0.3248850441859383
0.6278769174671792,0.801389621913074,0.0,0.0,0.7668239308750693,0.6541385771634256,0.6350278505798967,0.6244578803452451,0.7805589906550406,0.6529334017105962,0.0,0.0,0.7247457271114032,0.0,0.8337505247916924,0.7927250697850652,0.6310751237750573,0.6383583734394398,0.0,0.9387128753186093,0.817745131448652,0.0,0.6324427205246184,0.0,0.7556419574920764,0.6528524322829008,0.8344061040560592,0.6954497640091707,0.4599085831235367,0.3679054531892237,0.7821169586688145,0.2512099848645827,0.6025370966608666,0.6317455270910924,0.0,0.2200611780836576,0.1012306516406301,0.0,0.1196545599306317,0.4216230571459122,0.1064409973557987,0.0,0.0,0.0,0.0,0.2873721965948542,0.9007126713733707,0.0,0.0,0.0,0.6902308910061514,0.0,0.0,0.0,0.0,0.0,0.0,0.0,0.0,0.7070705747327557,0.617687598437288,0.0,0.6179465457340156,0.0,0.8377175035856868,0.7510186195763073,0.9212495465764589,0.787828587738786,0.0,0.7637999420385655,0.8862061665903632,0.7211309629070075,0.0,0.5295451893224726,0.0,0.3834044055316574
0.5702388563706098,0.4428695058516051,0.7132564358309182,0.2138283051520591,0.7389399410378837,0.6308982069190501,0.5446468142319114,0.8442327676509312,0.7118745923598141,0.4286416046286788,0.6681586169326525,0.0,0.7019698942825229,0.4425517701281248,0.6483214254970386,0.4192119269368948,0.0,0.2123444929241685,0.6722187172920917,0.7449171242343722,0.8013457304108956,0.6324427205246184,0.0,0.5103209446927973,0.4199091079048143,0.4262134458864233,0.7462063385073734,0.6791621068469934,0.5629723206199925,0.5896741915887203,0.6669124492872275,0.3231966203899087,0.3264209853415327,0.5607075157993515,0.1467367954237041,0.3164552718431961,0.0629111881130288,0.0,0.2308819516676803,0.3996930734640911,0.0,0.0,0.3095647484203876,0.0,0.0,0.0,0.539465346016352,0.7262909395172656,0.0,0.7590431195631873,0.55173883227801,0.5482629997541612,0.8085434596883271,0.6821471353050078,0.0,0.7283732652722986,0.0,0.5035618366139851,0.3789191306826405,0.4641257681481712,0.0,0.0,0.0,0.6411669938550689,0.6392493378283853,0.6717824023219622,0.5989964004471354,0.8608768068376914,0.0,0.0,0.5539137111638137,0.5572682827534302,0.5631196871319275,0.3093001286357934,0.592749962140747,0.2048456022790367
0.3155506518570493,0.0,0.0,0.0,0.0,0.0,0.4632319442105074,0.5239026555543888,0.0,0.7570590230503426,0.0,0.8190219808553245,0.6605069776918837,0.0,0.4051668084260683,0.7046585271704973,0.789345536371221,0.5333290132153343,0.0,0.0,0.663441123004121,0.0,0.5103209446927973,0.0,0.7422395347056323,0.6860900359355905,0.5032115665734181,0.598688415677296,0.0,0.0,0.5863053808398102,0.2357303678658618,0.4336026760131558,0.1932861500444636,0.0,0.2873421450851143,0.0,0.1532601117506916,0.0,0.3254834512113541,0.3753159841623046,0.0,0.0,0.0,0.4134987804301331,0.2230877564597471,0.0,0.0,0.0,0.0,0.0,0.0,0.0,0.0,0.7261567153561268,0.0,0.79894002559328,0.0,0.0,0.0,0.3672375672504301,0.7533694417230726,0.5273634970573954,0.0,0.0,0.0,0.0,0.0,0.8603206513930872,0.6710621820686142,0.7354099168225979,0.0,0.0,0.0,0.0,0.5591630908029958
0.4415375066967394,0.8726964103007265,0.0,0.0,0.4271646217304679,0.4914733005972513,0.60306388661935,0.2778160384066629,0.0,0.761864525901072,0.0,0.6981278577047013,0.6220966562549539,0.0,0.4391961507463743,0.8330412833914906,0.7423693596234564,0.7269946795586391,0.0,0.7231505712316706,0.600773438463252,0.7556419574920764,0.4199091079048143,0.7422395347056323,0.0,0.7028735548263456,0.561929036212015,0.456862874264233,0.1814059751394366,0.0,0.5564106870350743,0.3243753362129429,0.4330552986344497,0.2076717022550318,0.0,0.0,0.0,0.149540762708425,0.0200727999177499,0.4003300476928448,0.5626029182455968,0.3534256815817531,0.0,0.0,0.0,0.1475087336164963,0.7574534740643127,0.0,0.0,0.0,0.0,0.0,0.0,0.0,0.7971999684972263,0.0,0.6960456234022341,0.0,0.0,0.0,0.5935668504833687,0.7127930258005006,0.5828994348384515,0.0,0.7826103198329545,0.6172312081661799,0.7793755872708051,0.0,0.7369539218172012,0.8731558221315996,0.80061078734145,0.0,0.0,0.0,0.0,0.6209545968571906
0.44911186730618,0.8098951887939851,0.0,0.0,0.0,0.6198591798107062,0.3303326742339439,0.4951074737142452,0.0,0.3716279231544965,0.0,0.4771051724243939,0.6239511900492101,0.0,0.5508923253564466,0.7606945744747876,0.6059612575514957,0.6797165169911678,0.0,0.5418462721021157,0.5369722396962342,0.6528524322829008,0.4262134458864233,0.6860900359355905,0.7028735548263456,0.0,0.5107349811580073,0.4428359372742925,0.3315992091501727,0.0,0.3006095453388017,0.1398629715681859,0.613170552618017,0.2219382272249557,0.0,0.3596680151150188,0.0,0.2778861998963355,0.0,0.4229994135414688,0.3170957738918428,0.0427717720680438,0.0,0.0,0.1213827859583291,0.1361074541005393,0.6170108880031303,0.0,0.0,0.0,0.0,0.0,0.0,0.0,0.3963980235375641,0.0,0.531581634198205,0.0,0.0,0.5480434519936415,0.4496941089905767,0.3844246983791459,0.5550685090051132,0.0,0.5581796541613433,0.3699660932105064,0.6025021636751545,0.4267920208788099,0.6036984316800699,0.5044221848497201,0.8095637211922513,0.4778423424442646,0.0,0.3038734842026135,0.0,0.3611456523584216
0.6494662574755576,0.5620977708969643,0.8728323026241003,0.0756480025920236,0.8887619509157129,0.7264695843742911,0.5771157063105236,0.6502566328295044,0.940968447034388,0.4209844554564017,0.7413361243513473,0.0,0.7408787684878325,0.4913863413114321,0.796936390798241,0.6167669710157907,0.0,0.4767919986809509,0.7342310000646562,0.9000839117790368,0.7358803686467423,0.8344061040560592,0.7462063385073734,0.5032115665734181,0.561929036212015,0.5107349811580073,0.0,0.6480657806135797,0.6711261218660568,0.3766325141990781,0.69381263995157,0.2467857389619066,0.5313380207007767,0.6530687276687112,0.1568222154522842,0.2807744835473333,0.0673330916913044,0.0,0.2619770730704433,0.0,0.0,0.0,0.2761714193396075,0.0,0.0,0.0,0.6957956071502972,0.8808916938515083,0.0,0.0,0.6239949361282608,0.5497305230002834,0.7377712351875196,0.923310732060015,0.0,0.8342716136074299,0.0,0.5818905277653396,0.4563989644002315,0.5852701079253633,0.0,0.0,0.0,0.7134820734518349,0.7311472345303868,0.6965030502823517,0.7335081174676636,0.8031793462855508,0.0,0.0,0.7156715546687611,0.7379462102518354,0.5308262675916702,0.4799703867280902,0.4870241248212321,0.1952532902527053
0.6294178199589557,0.5110697689799485,0.6796353426599139,0.2997179911409737,0.7747493652655444,0.585696475331148,0.6539519124086448,0.6380378231105852,0.6550805648590069,0.6366972187434138,0.7317764019161105,0.5502879202493223,0.8314355858854044,0.5227506916218819,0.7220367946120725,0.6009648548476275,0.7002629891909409,0.378675621981666,0.622172604037644,0.7435979511056693,0.853780582758717,0.6954497640091707,0.6791621068469934,0.598688415677296,0.456862874264233,0.4428359372742925,0.6480657806135797,0.0,0.5268546662524423,0.710913669048504,0.8286862042843255,0.126038170015287,0.4598904548790842,0.5588574504084397,0.1592887319496634,0.3991779085490011,0.4285498014193239,0.4917359274272299,0.0551913545068037,0.0,0.0,0.0,0.6427792045678618,0.0,0.0,0.0,0.0,0.0,0.0,0.0,0.5872156409249316,0.0,0.6895772420287817,0.0,0.0,0.0,0.0,0.0,0.0,0.3349830951111076,0.0,0.0,0.0,0.0,0.5593785843881722,0.6604492041648841,0.0,0.6778590586427301,0.0,0.0,0.0,0.471065099363424,0.8276528691275516,0.3382140670992383,0.0,0.3843701252791549
0.7595357568467638,0.1792972323744792,0.0,0.0,0.6955592343175273,0.787584226184661,0.423717382465503,0.4224485934101293,0.620657956430602,0.0,0.0,0.0,0.6060308432751105,0.0,0.658943631727199,0.4049328039783301,0.0,0.4135811995092191,0.0,0.4685057575365219,0.5799756195174182,0.4599085831235367,0.5629723206199925,0.0,0.1814059751394366,0.3315992091501727,0.6711261218660568,0.5268546662524423,0.0,0.4198002526595236,0.6069699737422909,0.153126629573229,0.5269509064465487,0.7625091688419877,0.5677949150572609,0.3375180747365448,0.0491270166384258,0.0,0.5253510736937446,0.0,0.0,0.0,0.0,0.0,0.0,0.0,0.2969498424981308,0.0,0.0,0.0,0.3428243661592542,0.0,0.5614401362372347,0.0,0.0,0.0,0.0,0.257979930182375,0.0,0.0316904773675211,0.0,0.0,0.0,0.0,0.2195646932744304,0.5418038675550092,0.2998725718828591,0.4549135021254533,0.0,0.0,0.4587564647726819,0.0952344126525635,0.3245308069151446,0.1674170430907871,0.0,0.0
0.0,0.0,0.5398249094786535,0.0,0.0,0.3563159748697507,0.0,0.456650289421281,0.4023682243083751,0.0,0.0,0.0,0.5461706899195884,0.0,0.0,0.2936263863121238,0.0,0.0,0.0,0.4577980250157516,0.4707834066880182,0.3679054531892237,0.5896741915887203,0.0,0.0,0.0,0.3766325141990781,0.710913669048504,0.4198002526595236,0.0,0.6143635997754355,0.0672058054867963,0.0,0.3692608150782222,0.2391375315149195,0.0,0.0,0.0,0.0,0.0,0.0,0.0,0.0,0.0,0.0,0.0,0.0,0.0,0.0,0.0,0.0,0.0,0.0,0.0,0.0,0.0,0.0,0.0,0.0,0.0,0.0,0.0,0.0,0.0,0.3411349667458284,0.0,0.0,0.5197554575776179,0.0,0.0,0.0,0.2610685695717249,0.0,0.0,0.0,0.0
0.7662470487300277,0.5263520358742556,0.6611919673717005,0.0,0.7997613046256998,0.6296567390896524,0.7366594513106761,0.5175404053903009,0.6935740741936192,0.7250534302495485,0.5512164361069909,0.5398401463117467,0.7366006170266818,0.3048313812006193,0.7098738604084213,0.6885246850480783,0.7034098087621322,0.5035802506984073,0.6088846749068968,0.818341199403145,0.8483577109590815,0.7821169586688145,0.6669124492872275,0.5863053808398102,0.5564106870350743,0.3006095453388017,0.69381263995157,0.8286862042843255,0.6069699737422909,0.6143635997754355,0.0,0.258508275342692,0.5027628439520382,0.7225834419973433,0.3038265779976669,0.1932011319315543,0.2025939158258548,0.5348908292591095,0.3082189603502148,0.2718186026862262,0.0,0.0,0.0,0.0,0.0,0.6322968432793699,0.7197371523578723,0.0,0.0,0.0,0.5942900412314039,0.0,0.6173657852842378,0.0,0.7798152765389957,0.0,0.6536228249413567,0.0,0.0,0.3918318509195507,0.444656124166893,0.0,0.646040098277164,0.0,0.6108306661988193,0.8187426325822613,0.6244132875711361,0.7415974857349862,0.7371357626091652,0.6684477420096845,0.6947226076468422,0.4668558337164151,0.8067811112777331,0.4833898143950818,0.0,0.4082146775863621
0.4007787232943783,0.1588892290035663,0.0737519450612163,0.0693139955736185,0.1957713534203015,0.2091123605017455,0.3619166572725746,0.1546639687348087,0.243673610575016,0.2762572274837271,0.1127074907636219,0.1790595546372526,0.3510121162921911,0.0158863001222318,0.1837681998111965,0.3581680735928786,0.2580907053624754,0.2764203185911063,0.139383853060285,0.3049089683650541,0.4020734520473167,0.2512099848645827,0.3231966203899087,0.2357303678658618,0.3243753362129429,0.1398629715681859,0.2467857389619066,0.126038170015287,0.153126629573229,0.0672058054867963,0.258508275342692,0.0,0.2903368170490617,0.2935143381119157,0.0712101351022514,0.1201433370321996,0.0558147303286431,0.3273797733754582,0.6463511554345499,0.4104602091337903,0.2582155127524844,0.0,0.0,0.0,0.177858058518724,0.2538651057010119,0.16083200877928,0.2487514191293972,0.0,0.0,0.2654676276556225,0.0,0.1476145060884863,0.2397659971696592,0.3621976185424044,0.1792054565365926,0.1853867850793875,0.3029732472717356,0.0,0.3293340224325816,0.0853534305720328,0.0,0.1179405054418744,0.119244882750761,0.301232432735928,0.4782152416331797,0.2168308323319763,0.361266468125462,0.3411407320298583,0.201577361311622,0.1795487220057164,0.315362890296926,0.294504266976401,0.4154737950255237,0.0,0.3403503414355643
0.6290889825295841,0.5298511028986882,0.0,0.0,0.448764269636109,0.6056219465379904,0.4201321456758878,0.3686246609377501,0.4756657131328274,0.3078830997333023,0.3533940873957263,0.2430898253876984,0.5114680688138769,0.0,0.6028087506851216,0.6541397399096056,0.4266846495787086,0.5808936523122421,0.0,0.5433553903737507,0.549977398959289,0.6025370966608666,0.3264209853415327,0.4336026760131558,0.4330552986344497,0.613170552618017,0.5313380207007767,0.4598904548790842,0.5269509064465487,0.0,0.5027628439520382,0.2903368170490617,0.0,0.6090162606306138,0.128485536749564,0.270027368095608,0.0849058634929478,0.4727325167163608,0.3462123024103136,0.4977294265586721,0.0120956963372751,0.0,0.0,0.0,0.0104679501115789,0.3689286280450645,0.4531604211324863,0.0,0.0,0.0,0.0,0.0,0.0,0.0,0.3553212605398986,0.0,0.343879123447489,0.0,0.0,0.3050854898864119,0.4441750149934562,0.361077187108881,0.5361500642885791,0.0,0.3811349889275186,0.4912666418532931,0.4647908934537562,0.3799924937677824,0.5003662726039896,0.4150432599366928,0.6084536268981889,0.2425781038501528,0.0,0.2246191413676534,0.0,0.2267953688773706
0.7861532420593363,0.2385111056244759,0.5786635422876584,0.4925018794931518,0.7306176244690777,0.6958036453411127,0.5684502896534683,0.5321586019530271,0.6394751485406395,0.2214827763690824,0.4505166705541114,0.0,0.6122414422047021,0.3093882214614404,0.6713787105710457,0.4390748619748249,0.2406952881045399,0.3605777584394458,0.3571502436099019,0.6600941644538798,0.6628399582424133,0.6317455270910924,0.5607075157993515,0.1932861500444636,0.2076717022550318,0.2219382272249557,0.6530687276687112,0.5588574504084397,0.7625091688419877,0.3692608150782222,0.7225834419973433,0.2935143381119157,0.6090162606306138,0.0,0.5905118398101652,0.2442312250560698,0.0452171088274211,0.6315266587028214,0.5606556034584137,0.4375736443878694,0.0,0.0,0.3683711605804337,0.0,0.0,0.6464017291258365,0.4103553595920383,0.0,0.0,0.0,0.3201220196669268,0.0,0.657764090463162,0.0,0.3402881395460427,0.0,0.2209131767796934,0.0,0.0,0.2173441760704236,0.3252466986219258,0.0,0.3975240727224046,0.0,0.3514765094649758,0.6710604244932137,0.4268846277462959,0.5571793970046093,0.350160600348523,0.2720821276069126,0.4972820479926261,0.1602206426795036,0.4093956215980627,0.1685585934823806,0.0,0.0
0.3990726949087799,0.0,0.146253368731227,0.6434804743232365,0.3813345721400236,0.3385965763224663,0.2181009863690864,0.149245252482056,0.0932757514909047,0.0,0.0531713390571222,0.0,0.0837453735227444,0.0,0.2673771858724423,0.0,0.0,0.0,0.0,0.0204748691529094,0.1661695376298478,0.0,0.1467367954237041,0.0,0.0,0.0,0.1568222154522842,0.1592887319496634,0.5677949150572609,0.2391375315149195,0.3038265779976669,0.0712101351022514,0.128485536749564,0.5905118398101652,0.0,0.0,0.0,0.3084733650478847,0.4635295820940447,0.0,0.0,0.0,0.2272899717984874,0.0,0.0,0.0,0.0,0.0,0.0,0.0,0.0,0.0,0.0,0.0,0.0,0.0,0.0,0.0,0.0,0.0,0.0152018249471012,0.0,0.0,0.0,0.0,0.2164646000638135,0.0,0.040294438612461,0.0,0.0,0.0,0.0,0.0,0.0,0.0,0.0
0.0,0.0,0.3880509683357893,0.3025811969732833,0.2844479510503369,0.3708316207594032,0.0,0.3016140763469205,0.3887915918165884,0.0,0.463670902292448,0.0703764530503175,0.4273568773445996,0.4832994911489945,0.2974747702430358,0.0,0.0,0.0,0.3266922083020908,0.238390984452514,0.2194715849775433,0.2200611780836576,0.3164552718431961,0.2873421450851143,0.0,0.3596680151150188,0.2807744835473333,0.3991779085490011,0.3375180747365448,0.0,0.1932011319315543,0.1201433370321996,0.270027368095608,0.2442312250560698,0.0,0.0,0.4508700415981506,0.3448551151569368,0.0536771986639227,0.3195543774621016,0.0,0.0,0.4853904190345095,0.2637227853100305,0.0,0.0,0.0,0.339573721899454,0.0,0.0,0.248009807001589,0.0,0.3501374367559868,0.3245759289099486,0.0,0.4626545300302039,0.1449061804282517,0.249710019081348,0.0396986824266962,0.0,0.0,0.0,0.0,0.3888701219037135,0.0,0.0,0.0,0.2941442487102996,0.0,0.0,0.0,0.1375380538697661,0.379486783375257,0.0523519619006905,0.0,0.0
0.0,0.0,0.1017955459895709,0.139554455147846,0.1044152962091718,0.1064327674412359,0.0499807642901129,0.0853078339272824,0.0830843989425135,0.1991307113216182,0.1991153229617407,0.2061119251272112,0.3496408902624971,0.1653526652397638,0.0,0.0,0.0,0.0,0.0895085890594364,0.0675023945782303,0.0,0.1012306516406301,0.0629111881130288,0.0,0.0,0.0,0.0673330916913044,0.4285498014193239,0.0491270166384258,0.0,0.2025939158258548,0.0558147303286431,0.0849058634929478,0.0452171088274211,0.0,0.4508700415981506,0.0,0.3287484235232399,0.0,0.0,0.0385737463837681,0.0,0.0,0.0,0.0,0.0,0.0,0.0,0.0,0.0,0.0,0.0,0.0,0.0,0.0,0.0,0.0,0.0,0.0,0.0,0.0,0.0,0.0,0.0,0.0,0.0,0.0,0.0,0.0,0.0,0.0,0.0,0.0,0.0,0.0,0.0
0.0,0.0,0.0,0.0,0.4453555562033924,0.0,0.4130087649119052,0.0,0.4006698475727827,0.1752139865310166,0.3903360619808295,0.0375838129464377,0.4729665145806573,0.0,0.0,0.0,0.2853116198874221,0.0,0.0,0.0,0.0,0.0,0.0,0.1532601117506916,0.149540762708425,0.2778861998963355,0.0,0.4917359274272299,0.0,0.0,0.5348908292591095,0.3273797733754582,0.4727325167163608,0.6315266587028214,0.3084733650478847,0.3448551151569368,0.3287484235232399,0.0,0.4374328294176604,0.2776285664941393,0.0,0.0,0.0,0.0,0.0,0.0,0.0,0.0,0.0,0.0,0.0,0.0,0.0,0.0,0.24098262419637,0.0,0.1945340899035967,0.0,0.0,0.0,0.0,0.0,0.0,0.0,0.0,0.0,0.0,0.0,0.3856010444276328,0.0,0.3533923284588536,0.0,0.0,0.0,0.0,0.0
0.5929473588303146,0.0,0.1167087440408981,0.0,0.0,0.313308028884195,0.0,0.0599001261260861,0.2583067176353718,0.0,0.069357709971498,0.0,0.2270144122912145,0.0,0.2665726044771853,0.1830618568190584,0.0,0.1983001707654166,0.0,0.1981709856239127,0.3411821154770887,0.1196545599306317,0.2308819516676803,0.0,0.0200727999177499,0.0,0.2619770730704433,0.0551913545068037,0.5253510736937446,0.0,0.3082189603502148,0.6463511554345499,0.3462123024103136,0.5606556034584137,0.4635295820940447,0.0536771986639227,0.0,0.4374328294176604,0.0,0.3320223452181758,0.0,0.0,0.056160286777821,0.0,0.0,0.4793389308651078,0.0,0.0867287669926361,0.0,0.1243025981433317,0.0244793021501498,0.1168065561628742,0.1514504373908256,0.3052612987489256,0.108203505589274,0.065996648692662,0.0,0.0260539064049302,0.0,0.0,0.1192083825042119,0.0288214585394041,0.0820188999546388,0.0,0.0290082804316426,0.4517248123080181,0.0340936724022667,0.1844771605734171,0.0574160159799135,0.0,0.0774856043980897,0.0,0.0934498957875236,0.2130902650508613,0.1830203337570282,0.0570986420579428
0.404788215876057,0.3506116350388282,0.0,0.0,0.0,0.0,0.0,0.0,0.0,0.1522520423543203,0.0,0.1537669658382288,0.0,0.0,0.3197424922679992,0.4145932709090127,0.2179669611469765,0.364312416529028,0.0,0.4700940202136562,0.386093344648318,0.4216230571459122,0.3996930734640911,0.3254834512113541,0.4003300476928448,0.4229994135414688,0.0,0.0,0.0,0.0,0.2718186026862262,0.4104602091337903,0.4977294265586721,0.4375736443878694,0.0,0.3195543774621016,0.0,0.2776285664941393,0.3320223452181758,0.0,0.2874012254432587,0.0,0.0215096618500447,0.0454201894475095,0.1094427336840168,0.3348988595173595,0.2322253298289643,0.0,0.0,0.2097456943507786,0.2860103053815933,0.1519595710945715,0.3546445083710243,0.3298988917575838,0.2161039341622122,0.3007755807036111,0.1524282286231641,0.2176792205683933,0.0,0.4428528141956506,0.4439187696377943,0.2373869885222121,0.2416254750730705,0.0,0.4272620458678362,0.4310819355044414,0.435226859566212,0.3971473098198378,0.3385777970343405,0.2674639346990689,0.4063656357795786,0.340325069165822,0.2560109590148709,0.3421493449845667,0.3296852925521789,0.2557901199190989
0.0,0.4234654227551771,0.0,0.0,0.0,0.0,0.0,0.0,0.0,0.4024546410081274,0.0,0.4335381208996424,0.0,0.0,0.0,0.3601610593902815,0.420988923125359,0.3207094414106418,0.0,0.0775832998227297,0.0,0.1064409973557987,0.0,0.3753159841623046,0.5626029182455968,0.3170957738918428,0.0,0.0,0.0,0.0,0.0,0.2582155127524844,0.0120956963372751,0.0,0.0,0.0,0.0385737463837681,0.0,0.0,0.2874012254432587,0.0,0.7286796794347202,0.0,0.0981302373283611,0.4820627222612272,0.0,0.1405438151054092,0.0855818871196119,0.2886890919411705,0.0,0.2863259989285538,0.1632671520213098,0.0,0.0,0.3706651053103844,0.0,0.3043713625109845,0.3934616637139998,0.0,0.5357879765157367,0.2850599240804359,0.235475553141519,0.1946602757760804,0.1771391345823846,0.3652334216397411,0.0,0.2863815890177428,0.0895969068305245,0.3387491012608231,0.3897543647774491,0.1934876883518731,0.5088702253642323,0.2648966362021626,0.5540781429622426,0.0,0.6757679764451952
0.0,0.2496269495147585,0.0,0.0,0.0,0.0,0.0,0.0,0.0,0.0,0.0,0.0,0.0,0.0,0.0,0.0174097734540565,0.0,0.0,0.0,0.0,0.0,0.0,0.0,0.0,0.3534256815817531,0.0427717720680438,0.0,0.0,0.0,0.0,0.0,0.0,0.0,0.0,0.0,0.0,0.0,0.0,0.0,0.0,0.7286796794347202,0.0,0.0,0.0343625729897563,0.4258955468793753,0.0,0.0,0.0,0.2131161829431598,0.0,0.0678220572293636,0.1257367108188602,0.0,0.0,0.184756978142891,0.0,0.1893609282730943,0.1033170773203556,0.0,0.2904606945556834,0.0440283226434481,0.0692439332624398,0.0,0.0,0.1880833365794,0.0,0.0967215803413899,0.0,0.0815536997459964,0.2116479369995051,0.0,0.3490001974225358,0.0,0.3146206803610734,0.0,0.3839851556442491
0.0,0.0,0.4496669818792,0.0,0.4280621164996458,0.4182527062298566,0.0,0.3516760838172358,0.3271299569447945,0.0,0.5582464337551136,0.0,0.4463580273933079,0.3900731569864778,0.0,0.0,0.0,0.0,0.2448085952543757,0.0,0.0,0.0,0.3095647484203876,0.0,0.0,0.0,0.2761714193396075,0.6427792045678618,0.0,0.0,0.0,0.0,0.0,0.3683711605804337,0.2272899717984874,0.4853904190345095,0.0,0.0,0.056160286777821,0.0215096618500447,0.0,0.0,0.0,0.6007107019297463,0.0083720079880259,0.0,0.0,0.2227778711075429,0.0305822614216828,0.415117082447201,0.2427446572321064,0.1205652067961483,0.4586421947731576,0.2977507449813145,0.1846142678926032,0.3951313451303341,0.281337118561395,0.4158817143724206,0.3327764116491272,0.0,0.0,0.2493105156255003,0.0,0.3444026313405512,0.0629206378341736,0.2514720583469366,0.0843487111743583,0.2569201116223268,0.3632459805584357,0.1036868325924863,0.3526809081988326,0.0,0.5601075334296716,0.0,0.0,0.1188779566437766
0.0,0.0,0.0,0.0,0.0,0.0,0.0,0.0,0.0,0.0,0.0,0.0,0.0,0.0,0.0,0.0,0.0,0.0,0.0,0.0,0.0,0.0,0.0,0.0,0.0,0.0,0.0,0.0,0.0,0.0,0.0,0.0,0.0,0.0,0.0,0.2637227853100305,0.0,0.0,0.0,0.0454201894475095,0.0981302373283611,0.0343625729897563,0.6007107019297463,0.0,0.2822387806870799,0.0,0.0,0.2302955897472755,0.2428197771336992,0.3171710142829149,0.3217100514082374,0.2494648810691525,0.2427317856442835,0.0894946601383025,0.3756938270805435,0.2702260099782067,0.5036900688307767,0.4948705204966551,0.2823033809343822,0.0,0.0,0.0,0.0,0.4130926010959477,0.0,0.0,0.0,0.2694153076637609,0.0,0.0,0.0,0.2303527943711028,0.5566255795742533,0.0841147612210274,0.0,0.2943468806954001
