0.0,0.2555501542638009,0.0,0.0,0.0,0.2314728028439112,0.0,0.0,0.0,0.3270025330719092,0.0,0.0763035680508765,0.0,0.0,0.3597974071420198,0.4603963903911184,0.1698696654302845,0.3736156302437664,0.0,0.3883933834734306,0.423718337105729,0.3536490492746587,0.1584377606616901,0.3126481851756229,0.4473259790705277,0.4261043237989232,0.3975508425379692,0.335654706585352,0.5077703407812181,0.0,0.4149301965189543,0.0070408934569298,0.0438586890573785,0.0,0.0,0.0,0.0,0.0,0.0,0.0,0.0,0.0,0.0,0.0,0.0,0.5770383320682066,0.3245362312587135,0.0,0.0,0.0,0.0,0.0,0.0,0.0,0.0682449933940235,0.0,0.0,0.0,0.0,0.0,0.3503789510265579,0.0,0.33536847915321,0.0,0.0,0.4682762219505071,0.4258083083116474,0.0,0.3465860603455414,0.4468449649521566,0.4470713606954999,0.0,0.0,0.0,0.0,0.0
0.2555501542638009,0.0,0.0,0.0,0.0,0.3521481414920628,0.0,0.0467757894192392,0.1225406877625644,0.0,0.0,0.0,0.3331274565586514,0.0,0.1677084412435411,0.2777019766328029,0.0,0.3547050857904232,0.0,0.1612816706414366,0.1898636558594067,0.1210121209597737,0.2445958573596311,0.0,0.3996777379127593,0.508704163027508,0.1806859474287282,0.2321094741614841,0.2678711813250383,0.0,0.1099404785150199,0.0640045244725375,-0.0005725623302517,0.0,0.0,0.0,0.0,0.0,0.0835417626947114,0.0508671358064875,0.0312797614849281,0.0,0.0,0.0,0.0,0.1698811274375112,0.2988287255458639,0.0,0.0,0.0,0.0,0.0,0.0,0.0,0.0,0.0,0.0,0.0,0.0,0.263352637806142,0.1841471248196914,0.0,0.3902686169860171,0.0,0.274465132196606,0.1873221509568015,0.2966977501170295,0.2433684663654937,0.0,0.2994311396596993,0.3593813683392589,0.1870123022588526,0.0,0.2307727624721293,0.0,0.1191972680156501
0.0,0.0,0.0,0.0,0.0,0.4877487895732162,0.0,0.0,0.3988396137923185,0.1255364662011337,0.0,0.0,0.0,0.0,0.0,0.0,0.0,0.0,0.3978305881816192,0.0,0.0,0.0,0.4132162336048152,0.0,0.0,0.0,0.2440353607078227,0.1874254597170161,0.0,0.0,0.0,0.0,0.0,0.0,0.0,0.0,0.173839515040849,0.0,0.0,0.0,0.0,0.0,0.1141663112031898,0.0,0.0,0.0,0.0,0.3854077190247442,0.0,0.0,0.5248834427846849,0.0,0.0,0.299317212506314,0.0,0.0,0.0,0.0,0.0,0.0,0.0,0.0,0.0,0.2663385464320728,0.0,0.0,0.0,0.2527410699281288,0.0,0.0,0.0,0.2836298514586856,0.0,0.0,0.0,0.0
0.0,0.0,0.0,0.0,0.4366366935319677,0.0,0.5224616021013868,0.1275087311384374,0.0,0.1687036863022392,0.215302529837825,0.0,0.2024282346068893,0.0,0.0,0.0,0.0,0.0,0.0,0.0,0.0,0.0,0.0,0.0,0.0,0.0,0.0771475024378715,0.1047360892096057,0.0,0.0,0.0,0.0209783341001485,0.0,0.2445175096227797,0.3917200843386527,0.0045375021293673,0.0,0.0,0.0,0.0,0.0,0.0,0.0,0.0,0.0,0.0,0.0,0.0,0.0,0.0,0.0,0.0,0.0,0.0,0.0,0.0,0.0,0.0,0.0,0.0,0.0,0.0,0.0,0.0,0.0,0.0,0.0,0.0,0.0,0.0,0.0,0.0,0.0,0.0,0.0,0.0
0.0,0.0,0.0,0.4366366935319677,0.0,0.0,0.5253753609338161,0.1866512249856365,0.0,0.0,0.344930662141522,0.0,0.1135038924557396,0.2260793503049554,0.0,0.0,0.0,0.0,0.0,0.0783838865725386,0.0,0.2339790901774653,0.0,0.0,0.0,0.0,0.0,0.0,0.0,0.0,0.1637705099600244,0.0261578520941544,0.2192447834136926,0.3549382396186278,0.3370666365773279,0.1266193349967081,0.0,0.0,0.0,0.0,0.0,0.0,0.0,0.0,0.0,0.0,0.0,0.0,0.0,0.0,0.0,0.0,0.204850810946313,0.0,0.0,0.2751111445671336,0.0,0.0,0.0,0.0,0.0,0.0,0.0,0.0,0.0,0.0,0.0,0.0,0.0,0.0,0.0,0.0,0.0,0.0,0.0,0.0
0.2314728028439112,0.3521481414920628,0.4877487895732162,0.0,0.0,0.0,0.0,0.0,0.4146423788213415,0.1885323202123862,0.0,0.0,0.1395149736804891,0.0,0.0954086401837239,0.1505832828440524,0.0,0.433477795212708,0.3880808652552868,0.1400858957483967,0.1509764066622175,0.0,0.4665627420020026,0.0,0.5018139088534826,0.3157475477741877,0.3608231184929045,0.3445760819524222,0.335213381571175,0.0,0.0,0.0,0.0,0.0,0.0,0.0,0.2452787778304773,0.0,0.0,0.0,0.0762637169658043,0.0,0.1455152222357304,0.0,0.0,0.0,0.0,0.3985210688206251,0.0,0.0,0.5580024470544758,0.0,0.0,0.3530387519115561,0.0,0.0,0.0,0.2625901335643079,0.0,0.3105189035677827,0.0,0.0,0.0,0.3281226552186488,0.4259041286513203,0.1606797245437536,0.2715649775833089,0.3640956707570022,0.0,0.0,0.0,0.3674428455005586,0.4632464803099939,0.3753047869939396,0.0,0.2319373833916972
0.0,0.0,0.0,0.5224616021013868,0.5253753609338161,0.0,0.0,0.1747027200370045,0.0,0.090037847710376,0.3131939422633355,0.0,0.2588717013297877,0.0285584659660567,0.0,0.2105180652946092,0.0,0.0,0.0,0.210051599077059,0.0,0.3383558160214138,0.0,0.0,0.0,0.0596092029772188,0.0263724686928218,0.0,0.08437082874479,0.0,0.3362309133227482,0.082133276214742,0.2370455387117786,0.2646003620362381,0.3405627871737902,0.0945768597661351,0.0,-0.0023758185401515,0.0,0.0,0.0,0.0,0.0,0.0,0.0,0.0,0.0,0.0,0.0,0.0,0.0,0.0,0.0,0.0,0.0,0.0,0.0,0.0,0.0,0.0,0.0,0.0,0.0,0.0,0.0,0.0,0.0,0.0,0.0,0.0,0.0,0.0,0.0,0.0,0.0,0.0
0.0,0.0467757894192392,0.0,0.1275087311384374,0.1866512249856365,0.0,0.1747027200370045,0.0,0.0,0.0,0.1555358404469478,0.0,0.1319406204573029,0.1475203435871577,0.039027716909795,0.0,0.0,0.0,0.0,0.0,0.1388135339460003,0.0,0.178933984249168,0.0600193126956792,0.0,0.051325772695846,0.0,0.0,0.0,0.1148871211625391,0.0,0.1514400645284532,0.1148303803083745,0.1246145594903028,0.1089287573117174,0.1069686999291351,0.0,0.0,0.1322512774003012,0.0,0.0,0.0,0.0238641371676657,0.0,0.0,0.0,0.0,0.0,0.0,0.0807512102710815,0.0,0.0749977253656656,0.3817558327368076,0.0,0.0,0.1548565394932682,0.0,0.0105624460759476,0.1044466259819377,0.0,0.0,0.0,0.0,0.0,0.0,0.0467283876057939,0.0,0.1268818261828704,0.0,0.0,0.0,0.0,0.0,0.0,0.0,0.0
0.0,0.1225406877625644,0.3988396137923185,0.0,0.0,0.4146423788213415,0.0,0.0,0.0,0.2732053492392234,-0.0268125625445826,0.3407531292536891,0.0457122531837018,0.0,0.0,0.1309710103663381,0.0,0.0,0.4096736221130088,0.2157667606733356,0.0,0.0295192771251223,0.1769428132395296,0.0,0.0,0.0,0.3657824637377534,0.3556941269085178,0.2109223392746748,0.0153907961413005,0.054911004788717,0.0,0.0,0.0,0.0,0.0,0.2438207396351353,0.1244765086669223,0.0,0.0,0.0,0.0,0.0617322109019355,0.0,0.0,0.0,0.0,0.3654110583524899,0.0,0.0,0.2933622990623062,0.0,0.0503086690415751,0.5787219115308421,0.0,0.113337068732563,0.0,0.0,0.0,0.0,0.0,0.0,0.0,0.3148615813297911,0.0,0.0,0.0,0.165283172657532,0.0,0.0,0.0,0.3876767063380451,0.0,0.0,0.0,0.0
0.3270025330719092,0.0,0.1255364662011337,0.1687036863022392,0.0,0.1885323202123862,0.090037847710376,0.0,0.2732053492392234,0.0,0.0686805086977921,0.3153817686092426,0.1241823996014976,0.0,0.0,0.3315640825522082,0.4700967109572366,0.363605073903375,0.2586402204631535,0.0,0.0,0.2723341068755193,0.0524047114399431,0.4421819324574091,0.3886539986430204,0.3937758262526427,0.2811969221791427,0.3418031860464704,0.0,0.0,0.3790174646996246,0.0,0.1422270996183684,0.0,0.0933867230170375,0.0,0.1963087643707663,0.2238745033059703,0.0,0.0,0.0,0.0,0.0,0.0,0.2396217072927438,0.0,0.0,0.0,0.0,0.0,0.0,0.0,0.0,0.0,0.4468724237336473,0.0,0.3847671509232138,0.0,0.0,0.0,0.0,0.4225182274382796,0.3379568927509216,0.0,0.0,0.0,0.0,0.0,0.3811888473526065,0.4373682741957856,0.3975763159628735,0.0,0.0850468265943625,0.0,0.0,0.1322910904773103
0.0,0.0,0.0,0.215302529837825,0.344930662141522,0.0,0.3131939422633355,0.1555358404469478,-0.0268125625445826,0.0686805086977921,0.0,0.0,0.1225887841213447,0.0543296897522679,0.0,0.0,0.0,0.0,0.0342093343191863,0.0,0.0,0.0,0.0,0.0,0.0,0.0,0.0357910172266436,0.0085660555371365,0.0,0.0,0.1529510655538969,0.0255675792719138,0.1112814438147875,0.1033447345014693,0.1775451153640258,0.0462173047883367,0.0,0.0495037292617951,0.0,0.0,0.0,0.0,0.0,0.0,0.0,0.0,0.0,0.0267688282629932,0.0,0.2114147402869942,0.0,0.1761584554148165,0.2336828209126694,0.0708975421864405,0.0,0.4140517036807639,0.0,0.0,0.077702027110915,0.0,0.0,0.0,0.0,0.0684042165926573,0.0,0.0,0.0,0.0138317056249518,0.0,0.0,0.0,0.0136166428186413,0.0,0.0,0.0,0.0
0.0763035680508765,0.0,0.0,0.0,0.0,0.0,0.0,0.0,0.3407531292536891,0.3153817686092426,0.0,0.0,0.0481088338724726,0.0,0.0,0.0,0.4077899843913436,0.308015064002708,0.0,0.0,0.0,0.0,0.0,0.4037465673786481,0.1925292509403599,0.3391176008478979,0.0,0.336786275065279,0.0,0.0,0.114237018863894,0.0,0.0997636106770046,0.0,0.0323972198746994,0.0485755221247907,0.2734606736914776,0.2354704221191119,0.0,0.0,0.0,0.0,0.0,0.0,0.1924048558442009,0.0,0.0,0.0,0.0,0.0,0.0,0.0,0.0,0.0,0.1435872620182437,0.0,0.5844131481262197,0.0,0.0,0.0,0.0,0.2740213026079717,0.2055921973412325,0.0,0.0,0.0,0.0,0.0,0.3164574484486501,0.101495094026135,0.2111325934338667,0.0,0.0,0.0,0.0,0.0
0.0,0.3331274565586514,0.0,0.2024282346068893,0.1135038924557396,0.1395149736804891,0.2588717013297877,0.1319406204573029,0.0457122531837018,0.1241823996014976,0.1225887841213447,0.0481088338724726,0.0,0.0,0.1959515648430292,0.2189551992451435,0.0429925101187823,0.2287791975225303,0.0856562687149129,0.2163276422317817,0.2620947427886106,0.2323052663065007,0.0803842348003883,0.0166492789107217,0.1238831428862771,0.2531036959859003,0.091578220109558,0.2199931949703741,0.2656914374969992,0.1184576020078793,0.1329825441040948,0.1073011122707656,-0.0005612406932219,-0.0167477403348279,0.0993767016112985,0.0,0.0,0.0,0.0840341820886675,0.0,0.0,0.0,0.0,0.0,0.0,0.0,0.0,0.072901899974591,0.0,0.0,0.010607443320465,0.0,0.1814583017700823,0.0,0.0,0.0,0.0,0.0,0.0,0.0,0.0,0.0,0.0,0.0,0.0,0.0,0.0,0.1258476640735415,0.0,0.0,0.0,0.0293028001794083,0.0,0.091957563926307,0.0,0.0
0.0,0.0,0.0,0.0,0.2260793503049554,0.0,0.0285584659660567,0.1475203435871577,0.0,0.0,0.0543296897522679,0.0,0.0,0.0,0.0,0.0,0.0,0.0,0.0,0.0,0.0,0.0,0.0,0.0,0.0,0.0,0.0,0.0,0.0,0.0,0.0,0.1745823905109673,0.0,0.2579521576541845,0.0,0.1315544497225514,0.0,0.0,0.0,0.0,0.0,0.0,0.0,0.0,0.0,0.0,0.0,0.0,0.0,0.0,0.0,0.0,0.0,0.0,0.0,0.0,0.0,0.0,0.0,0.0,0.0,0.0,0.0,0.0,0.0,0.0,0.0,0.0,0.0,0.0,0.0,0.0,0.0,0.0,0.0,0.0
0.3597974071420198,0.1677084412435411,0.0,0.0,0.0,0.0954086401837239,0.0,0.039027716909795,0.0,0.0,0.0,0.0,0.1959515648430292,0.0,0.0,0.394307076369648,0.0,0.2665519016695612,0.0,0.5545452658799889,0.4237455549095585,0.5105826891518742,0.0120063185014499,0.1716384488162877,0.2331332852721252,0.2937125727259069,0.3946193692004844,0.3674033734084701,0.4720287176945112,0.0,0.4442329803234534,0.0093877072910181,0.0986883243806265,0.0,0.1367610000921977,0.0,0.0,0.0,0.0,0.0,0.0,0.0,0.0,0.0,0.0,0.0,0.4288967263458942,0.0,0.0,0.0,0.0,0.0,0.2768103156099218,0.0,0.0,0.0,0.0,0.0,0.0,0.5320498721458775,0.2358166467530373,0.0,0.0,0.0,0.3527870196023027,0.4581043879784325,0.5210752528302894,0.2319479814802097,0.0,0.0,0.3601807100548705,0.3364193527538628,0.0,0.2759330390235336,0.0,0.0257533179737165
0.4603963903911184,0.2777019766328029,0.0,0.0,0.0,0.1505832828440524,0.2105180652946092,0.0,0.1309710103663381,0.3315640825522082,0.0,0.0,0.2189551992451435,0.0,0.394307076369648,0.0,0.1718436332867298,0.4806070819709209,0.0,0.4723458615850391,0.3464519977905944,0.4880317582993662,0.05328350202267,0.2762200533459724,0.3617007801964164,0.4181810415224168,0.3736229599693902,0.3755890872690695,0.458254177120118,0.0997233575043484,0.4955835678404336,0.0,0.1367922527939267,0.0,0.0812710457800073,0.0,0.0,0.0,0.0,0.0,0.0,0.0,0.0,0.0,0.0,0.4392730874662419,0.3614932221439175,0.0,0.0,0.0,0.0,0.0,0.0,0.0,0.0,0.0,0.0,0.0,0.0,0.3226130409748639,0.2438558329107441,0.0,0.3563457551878486,0.0,0.2355237032064091,0.3825050258991947,0.4091907690789803,0.0,0.0,0.3871111078252495,0.396144056017373,0.0,0.0,0.0,0.0,0.0238141450990735
0.1698696654302845,0.0,0.0,0.0,0.0,0.0,0.0,0.0,0.0,0.4700967109572366,0.0,0.4077899843913436,0.0429925101187823,0.0,0.0,0.1718436332867298,0.0,0.3636116480889683,0.0,0.2081357811155709,0.0,0.1246376259899726,0.0,0.4096047262353497,0.3084854885833286,0.3661847464453113,0.0,0.289353734588744,0.0,0.0,0.1681180216731078,0.0,0.1195145530152031,0.0077666192570362,0.0322455941516006,0.0,0.0,0.2181392023347621,0.0,0.0,0.0,0.0,0.0,0.0,0.0,0.0,0.0,0.0,0.0,0.0,0.0,0.0,0.0,0.0,0.3930577095666503,0.0,0.4250194129790732,0.0,0.0,0.0,0.0,0.3840105313445158,0.328015366077359,0.0,0.0,0.0,0.0,0.0,0.3545961966675558,0.3102799292108746,0.2929150083663382,0.0,0.0,0.0,0.0,0.0
0.3736156302437664,0.3547050857904232,0.0,0.0,0.0,0.433477795212708,0.0,0.0,0.0,0.363605073903375,0.0,0.308015064002708,0.2287791975225303,0.0,0.2665519016695612,0.4806070819709209,0.3636116480889683,0.0,0.0,0.3728711740844092,0.2856955799923114,0.2587281696679224,0.1882475796555257,0.4235039999404693,0.5111425206301615,0.4713455816703263,0.3830534892060447,0.4574110685943721,0.4179366526313479,0.0,0.2582921993116812,0.0,0.021230837337316,0.0,0.0,0.0,0.0,0.0,0.0,0.0,0.0,0.0,0.0,0.0,0.0,0.344950144817987,0.2067184995115273,0.0,0.0,0.0,0.0,0.0,0.0,0.0,0.0604221470187582,0.0,0.3947664482678722,0.0,0.0,0.0,0.1344575724631947,0.3586408532936754,0.482418076993742,0.0,0.0,0.0,0.35935942414836,0.0,0.4296084798942123,0.4011538585468937,0.3544387053130078,0.0,0.0,0.0,0.0,0.0933275318752954
0.0,0.0,0.3978305881816192,0.0,0.0,0.3880808652552868,0.0,0.0,0.4096736221130088,0.2586402204631535,0.0342093343191863,0.0,0.0856562687149129,0.0,0.0,0.0,0.0,0.0,0.0,0.0,0.0,0.0,0.2649958605131988,0.0,0.0,0.0,0.2354120875558038,0.2309014570639873,0.0,0.0,0.0287632371357779,0.0,0.0,0.0,0.0,0.0,0.2039063795277349,0.0,0.0,0.0,0.0,0.0,0.0,0.0,0.0,0.0,0.0,0.4761561706716086,0.0,0.0,0.380091242444267,0.0,0.0048223668379301,0.3856818431037805,0.0,0.0932602211515059,0.0,0.0,0.0,0.0,0.0,0.0,0.0,0.4596797324616078,0.0,0.0,0.0,0.2574714338194566,0.0,0.0,0.0,0.3215733104548937,0.0,0.0,0.0,0.0
0.3883933834734306,0.1612816706414366,0.0,0.0,0.0783838865725386,0.1400858957483967,0.210051599077059,0.0,0.2157667606733356,0.0,0.0,0.0,0.2163276422317817,0.0,0.5545452658799889,0.4723458615850391,0.2081357811155709,0.3728711740844092,0.0,0.0,0.3878789817573621,0.5967459098810494,0.0052908172045937,0.0,0.2805816729851471,0.3388921039573344,0.4664923023783054,0.4952703664741566,0.515171460572146,0.1820742690880727,0.4387400682987666,0.0,0.0546502444518638,0.0,0.1068729224299727,0.0,0.1666647871583251,0.0,0.0,0.0,0.0,0.0,0.0,0.0,0.0,0.0,0.3776368668556464,0.0,0.0,0.0,0.0,0.0,0.2404771248284938,0.0,0.0,0.0,0.0,0.0,0.0,0.4755567961286635,0.0,0.0,0.0,0.0,0.4204311641986877,0.4304974539654964,0.5530018129006908,0.1972129894146432,0.0,0.0,0.3659879813334049,0.3635699541240225,0.0,0.2702714137661203,0.0,0.0331698224045152
0.423718337105729,0.1898636558594067,0.0,0.0,0.0,0.1509764066622175,0.0,0.1388135339460003,0.0,0.0,0.0,0.0,0.2620947427886106,0.0,0.4237455549095585,0.3464519977905944,0.0,0.2856955799923114,0.0,0.3878789817573621,0.0,0.3418602127579568,0.157889262266151,0.1977655010751585,0.3069113024198186,0.2942855469221979,0.3216721636991641,0.2766935373206224,0.4660302881488968,0.119514412411177,0.3577559677668929,0.0961961908538725,0.0533800643179132,0.0,0.0262463342387947,0.0,0.0,0.0,0.0026408393296247,0.0,0.0,0.0,0.0,0.0,0.0,0.3573218679572294,0.3366732117780218,0.0,0.0,0.0,0.0351231889368584,0.0,0.2795131249789122,0.0,0.0,0.0,0.0,0.0,0.0,0.3595374864250364,0.2765327327839554,0.0,0.0,0.0,0.2231701657301548,0.517420572769603,0.3938173668900703,0.2983603272165273,0.0,0.3488391521715246,0.3440677572141119,0.2427845499323459,0.0,0.3011659859447281,0.0,0.0713856189741581
0.3536490492746587,0.1210121209597737,0.0,0.0,0.2339790901774653,0.0,0.3383558160214138,0.0,0.0295192771251223,0.2723341068755193,0.0,0.0,0.2323052663065007,0.0,0.5105826891518742,0.4880317582993662,0.1246376259899726,0.2587281696679224,0.0,0.5967459098810494,0.3418602127579568,0.0,0.0,0.0,0.1555503107320841,0.2723551486916162,0.324759556441218,0.3470209470095293,0.4462510232302466,0.2045119197126881,0.4544749103115227,0.0,0.125673699180037,0.0861192604618366,0.1826432451974152,0.0,0.0443619305656652,0.0,0.0,0.0,0.0,0.0,0.0,0.0,0.0,0.3884952240831377,0.3917056323385381,0.0,0.0,0.0,0.0,0.0,0.0,0.0,0.0,0.0,0.0,0.0,0.0,0.3653399557683029,0.2557818313128611,0.0,0.1990953018146809,0.0,0.2347347040750026,0.4142502878686406,0.48941075794806,0.1386958336500715,0.0,0.3187019553674532,0.3546341258327717,0.2629502704354692,0.0,0.196786000630935,0.0,0.0087031005503869
0.1584377606616901,0.2445958573596311,0.4132162336048152,0.0,0.0,0.4665627420020026,0.0,0.178933984249168,0.1769428132395296,0.0524047114399431,0.0,0.0,0.0803842348003883,0.0,0.0120063185014499,0.05328350202267,0.0,0.1882475796555257,0.2649958605131988,0.0052908172045937,0.157889262266151,0.0,0.0,0.2118803486856705,0.2925992930675247,0.1860688825475915,0.2026676953866071,0.1141850322018821,0.2231926280482432,0.0,0.0,0.0769391093874081,0.0,0.0,0.0,0.0,0.0625363175381459,0.0,0.1193358987250338,0.062269753232477,0.0953652274870032,0.0,0.0961648587474128,0.0,0.0,0.0,0.0242890725587807,0.3211137921824042,0.0,0.0,0.4729363968493423,0.0,0.116986298215436,0.1302867021437135,0.0,0.0,0.0,0.2499689386005776,0.0,0.1486130988488545,0.0,0.0,0.0,0.1976761481010167,0.2654837757089286,0.1737873663455299,0.1644559640411473,0.529908079895382,0.0,0.0,0.2126239654009615,0.2119661397688017,0.3298686588422331,0.3099846413944234,0.2993849548833927,0.202359512526318
0.3126481851756229,0.0,0.0,0.0,0.0,0.0,0.0,0.0600193126956792,0.0,0.4421819324574091,0.0,0.4037465673786481,0.0166492789107217,0.0,0.1716384488162877,0.2762200533459724,0.4096047262353497,0.4235039999404693,0.0,0.0,0.1977655010751585,0.0,0.2118803486856705,0.0,0.4594730586544441,0.4669017014181609,0.2591165839256811,0.3211279892086026,0.0,0.0,0.2365601182382524,0.0,0.0777645352117327,0.0,0.0,0.0,0.0,0.3093251374575203,0.0,0.0,0.0,0.0,0.0,0.0,0.2452867438180073,0.3145603814810024,0.0,0.0,0.0,0.0,0.0,0.0,0.0,0.0,0.1790582301567547,0.0,0.4442133065839581,0.0,0.0,0.0,0.0293424093271841,0.3673253279769762,0.3293382760779644,0.0,0.0,0.0,0.0,0.0,0.5578611958832788,0.3080240252782552,0.3541616597892615,0.0,0.0,0.0,0.0,0.0286074335442982
0.4473259790705277,0.3996777379127593,0.0,0.0,0.0,0.5018139088534826,0.0,0.0,0.0,0.3886539986430204,0.0,0.1925292509403599,0.1238831428862771,0.0,0.2331332852721252,0.3617007801964164,0.3084854885833286,0.5111425206301615,0.0,0.2805816729851471,0.3069113024198186,0.1555503107320841,0.2925992930675247,0.4594730586544441,0.0,0.4670671925018452,0.4371012416681852,0.3889985442533546,0.4466069911209947,0.0,0.2040809210776463,0.0,0.0,0.0,0.0,0.0,0.0,0.1858110687291942,0.0,0.0,0.0,0.0,0.0,0.0,0.0,0.3981709897403969,0.2288824437188897,0.0,0.0,0.0,0.0,0.0,0.0,0.0,0.1375545102729654,0.0,0.3137459499585058,0.0,0.0,0.0,0.2712797714661673,0.3970269523989744,0.4193633907684541,0.0,0.4254565633926272,0.3036933176366108,0.4054603474292848,0.0,0.435714218057341,0.4764137337959019,0.3484586884535131,0.0,0.0,0.0,0.0,0.2504656572690525
0.4261043237989232,0.508704163027508,0.0,0.0,0.0,0.3157475477741877,0.0596092029772188,0.051325772695846,0.0,0.3937758262526427,0.0,0.3391176008478979,0.2531036959859003,0.0,0.2937125727259069,0.4181810415224168,0.3661847464453113,0.4713455816703263,0.0,0.3388921039573344,0.2942855469221979,0.2723551486916162,0.1860688825475915,0.4669017014181609,0.4670671925018452,0.0,0.3031797243655495,0.371190480784859,0.3478372669524472,0.0,0.3018011872738514,0.0,0.1002829203235239,0.0,0.0263480709389338,0.0,0.0,0.2472237908346071,0.0,0.0,0.0,0.0,0.0,0.0,0.1880156574750976,0.3937562647551397,0.4276483078987408,0.0,0.0,0.0,0.0,0.0,0.0,0.0,0.1071592259537679,0.0,0.3533161221763098,0.0,0.0,0.3792858122810233,0.1563145578010751,0.3565181296922919,0.4109367183064128,0.0,0.297831008263891,0.2809987990135499,0.3892464807725583,0.2401662076904715,0.4128396734748593,0.3843233246706839,0.5313554499998672,0.2311380689143079,0.0,0.2075734522895994,0.0,0.0193040599209708
0.3975508425379692,0.1806859474287282,0.2440353607078227,0.0771475024378715,0.0,0.3608231184929045,0.0263724686928218,0.0,0.3657824637377534,0.2811969221791427,0.0357910172266436,0.0,0.091578220109558,0.0,0.3946193692004844,0.3736229599693902,0.0,0.3830534892060447,0.2354120875558038,0.4664923023783054,0.3216721636991641,0.324759556441218,0.2026676953866071,0.2591165839256811,0.4371012416681852,0.3031797243655495,0.0,0.4288400797543226,0.5076859957422758,0.0413292397571018,0.3150516310195413,0.0,0.0,0.0,0.0,0.0,0.209468156784869,0.0,0.0,0.0,0.0,0.0,-0.007752410808118,0.0,0.0,0.0,0.3187352405981822,0.3622226406027872,0.0,0.0,0.1785474045834756,0.035817428064074,0.0916899523695372,0.4186495184393328,0.0,0.2770852672693293,0.0,0.0,0.0,0.4255088450201431,0.0,0.0,0.0,0.2333247421931436,0.4314569048927009,0.3333988132471374,0.4499976738564099,0.284499448196932,0.0,0.0,0.3115684439749617,0.52757702887932,0.1233947452795853,0.3680042274257016,0.0586792475378004,0.0876670318727134
0.335654706585352,0.2321094741614841,0.1874254597170161,0.1047360892096057,0.0,0.3445760819524222,0.0,0.0,0.3556941269085178,0.3418031860464704,0.0085660555371365,0.336786275065279,0.2199931949703741,0.0,0.3674033734084701,0.3755890872690695,0.289353734588744,0.4574110685943721,0.2309014570639873,0.4952703664741566,0.2766935373206224,0.3470209470095293,0.1141850322018821,0.3211279892086026,0.3889985442533546,0.371190480784859,0.4288400797543226,0.0,0.4385599309509139,0.2094495998618987,0.3147501189592888,0.0,0.0,0.0,0.0,0.0166524407476439,0.3246166119871936,0.1566849823176859,0.0,0.0,0.0,0.0,0.1134467122491442,0.0,0.0,0.0,0.0,0.0,0.0,0.0,0.09684879556046,0.0,0.14100095986279,0.0,0.0,0.0,0.0,0.0,0.0,0.4513881343211084,0.0,0.0,0.0,0.0,0.4577930417157355,0.2854593269405428,0.0,0.1610263294304687,0.0,0.0,0.0,0.3376863830727492,0.2228553191404519,0.2706008653187299,0.0,0.0865474131429687
0.5077703407812181,0.2678711813250383,0.0,0.0,0.0,0.335213381571175,0.08437082874479,0.0,0.2109223392746748,0.0,0.0,0.0,0.2656914374969992,0.0,0.4720287176945112,0.458254177120118,0.0,0.4179366526313479,0.0,0.515171460572146,0.4660302881488968,0.4462510232302466,0.2231926280482432,0.0,0.4466069911209947,0.3478372669524472,0.5076859957422758,0.4385599309509139,0.0,0.0748612419370502,0.3964589530321662,0.0083623506080303,0.0,0.0,0.0,0.0,0.2097264975608039,0.0,0.0,0.0,0.0,0.0,0.0,0.0,0.0,0.0,0.337358931773904,0.0,0.0,0.0,0.1575720532674532,0.0,0.1328527001084734,0.0,0.0,0.0,0.0,0.0860452153798295,0.0,0.4802870831259719,0.0,0.0,0.0,0.0,0.4362951492580197,0.5233902711169187,0.5419092220251388,0.3645165124890754,0.0,0.0,0.3911205709148757,0.4291694360808892,0.0944213755449932,0.5003026387285197,0.0,0.2171347882705126
0.0,0.0,0.0,0.0,0.0,0.0,0.0,0.1148871211625391,0.0153907961413005,0.0,0.0,0.0,0.1184576020078793,0.0,0.0,0.0997233575043484,0.0,0.0,0.0,0.1820742690880727,0.119514412411177,0.2045119197126881,0.0,0.0,0.0,0.0,0.0413292397571018,0.2094495998618987,0.0748612419370502,0.0,0.2849528982650563,0.0,0.0,0.2272082664974873,0.2245211637204094,0.0,0.0,0.0,0.0,0.0,0.0,0.0,0.0,0.0,0.0,0.0,0.0,0.0,0.0,0.0,0.0,0.0,0.0,0.0,0.0,0.0,0.0,0.0,0.0,0.0,0.0,0.0,0.0,0.0,0.0232195843546221,0.0,0.0,0.0,0.0,0.0,0.0,0.0,0.0,0.0,0.0,0.0
0.4149301965189543,0.1099404785150199,0.0,0.0,0.1637705099600244,0.0,0.3362309133227482,0.0,0.054911004788717,0.3790174646996246,0.1529510655538969,0.114237018863894,0.1329825441040948,0.0,0.4442329803234534,0.4955835678404336,0.1681180216731078,0.2582921993116812,0.0287632371357779,0.4387400682987666,0.3577559677668929,0.4544749103115227,0.0,0.2365601182382524,0.2040809210776463,0.3018011872738514,0.3150516310195413,0.3147501189592888,0.3964589530321662,0.2849528982650563,0.0,0.0,0.2061969874089602,0.1375376907927359,0.2789637724361374,0.0,0.1731937249649822,0.1917770643737235,0.0,0.0,0.0,0.0,0.0,0.0,0.0,0.4210881611057817,0.3951458367613348,0.0,0.0,0.0,0.0,0.0,0.245732498879301,0.0,0.040404768931149,0.0,0.1746515558449023,0.0,0.0,0.3084191709868162,0.1832199560062269,0.0,0.2235328900096256,0.0,0.108818777295716,0.3656972465392301,0.333204781085097,0.0954103106976606,0.1934700888280988,0.2891312874845564,0.3368733400327625,0.1894277758171985,0.0,0.1237895078939138,0.0,0.0
0.0070408934569298,0.0640045244725375,0.0,0.0209783341001485,0.0261578520941544,0.0,0.082133276214742,0.1514400645284532,0.0,0.0,0.0255675792719138,0.0,0.1073011122707656,0.1745823905109673,0.0093877072910181,0.0,0.0,0.0,0.0,0.0,0.0961961908538725,0.0,0.0769391093874081,0.0,0.0,0.0,0.0,0.0,0.0083623506080303,0.0,0.0,0.0,0.1009275197394316,0.0552889522599794,0.0,0.0414164997094613,0.0,0.0,0.447937991926498,0.2548891082157007,0.2508674889313967,0.0,0.0,0.0,0.0,0.0,0.0267927233411809,0.0169893959199443,0.0,0.0,0.0255348533862813,0.0,0.0,0.0,0.0247779996031704,0.0,0.0,0.1626076881169189,0.0,0.0258834158671098,0.1811186313051727,0.0,0.0,0.0345762451749906,0.0066761064672623,0.1105548173203716,0.0426146278221703,0.0746506270111974,0.0,0.0,0.0,0.0,0.0,0.0306109867223707,0.0,0.1424144779758945
0.0438586890573785,-0.0005725623302517,0.0,0.0,0.2192447834136926,0.0,0.2370455387117786,0.1148303803083745,0.0,0.1422270996183684,0.1112814438147875,0.0997636106770046,-0.0005612406932219,0.0,0.0986883243806265,0.1367922527939267,0.1195145530152031,0.021230837337316,0.0,0.0546502444518638,0.0533800643179132,0.125673699180037,0.0,0.0777645352117327,0.0,0.1002829203235239,0.0,0.0,0.0,0.0,0.2061969874089602,0.1009275197394316,0.0,0.4031993887325721,0.2404301998725654,0.1173705063722429,0.0,0.187134065880173,0.0,0.1691094085186108,0.0,0.1103579047731532,0.0,0.0,0.1788200398832041,0.0150418478209895,0.179167707818516,0.0,0.0,0.0,0.0,0.0,0.0,0.0,0.0237710237754393,0.0,0.1073122483593888,0.0,0.0,0.0066781965520609,0.0,0.0291682681154912,0.0572377044877805,0.0,0.0,0.0266932292748783,0.0,0.0,0.0,0.0828677792975383,0.1096520544423116,0.0,0.0,0.0,0.0,0.0
0.0,0.0,0.0,0.2445175096227797,0.3549382396186278,0.0,0.2646003620362381,0.1246145594903028,0.0,0.0,0.1033447345014693,0.0,-0.0167477403348279,0.2579521576541845,0.0,0.0,0.0077666192570362,0.0,0.0,0.0,0.0,0.0861192604618366,0.0,0.0,0.0,0.0,0.0,0.0,0.0,0.2272082664974873,0.1375376907927359,0.0552889522599794,0.4031993887325721,0.0,0.3363195182793595,0.1534395062331915,0.0,0.098897140414262,0.0,0.0383387631201158,0.0114859905409931,0.2572948568719292,0.0,0.0,0.1033076739188897,0.0,0.0519503940365083,0.0,0.0,0.0,0.0,0.0,0.1161963232867082,0.0,0.0,0.0,0.0,0.0,0.0,0.0,0.0,0.0,0.0,0.0,0.0,0.0,0.0,0.0,0.0,0.0,0.0,0.0,0.0,0.0,0.0,0.0
0.0,0.0,0.0,0.3917200843386527,0.3370666365773279,0.0,0.3405627871737902,0.1089287573117174,0.0,0.0933867230170375,0.1775451153640258,0.0323972198746994,0.0993767016112985,0.0,0.1367610000921977,0.0812710457800073,0.0322455941516006,0.0,0.0,0.1068729224299727,0.0262463342387947,0.1826432451974152,0.0,0.0,0.0,0.0263480709389338,0.0,0.0,0.0,0.2245211637204094,0.2789637724361374,0.0,0.2404301998725654,0.3363195182793595,0.0,0.0,0.0,0.0808383697350765,0.0,0.0,0.0,0.1088350300591947,0.0,0.0,0.0,0.0,0.2382241627831833,0.0,0.0,0.0,0.0,0.0,0.0,0.0,0.0,0.0,0.0,0.0,0.0,0.0,0.0,0.0,0.0,0.0,0.0,0.0,0.0114383151184743,0.0,0.0,0.0,0.0899413594309408,0.0,0.0,0.0,0.0,0.0
0.0,0.0,0.0,0.0045375021293673,0.1266193349967081,0.0,0.0945768597661351,0.1069686999291351,0.0,0.0,0.0462173047883367,0.0485755221247907,0.0,0.1315544497225514,0.0,0.0,0.0,0.0,0.0,0.0,0.0,0.0,0.0,0.0,0.0,0.0,0.0,0.0166524407476439,0.0,0.0,0.0,0.0414164997094613,0.1173705063722429,0.1534395062331915,0.0,0.0,0.064873573103302,0.0081308649555693,0.0259412309554961,0.0296852662424835,0.0781399615415449,0.0788594249591998,0.2817005655621549,0.0,0.0,0.0,0.0,0.0,0.0,0.0,0.0,0.0,0.0598248000360854,0.0,0.0,0.0,0.0486334855405947,0.0,0.0363932855150284,0.0,0.0,0.0,0.0,0.0,0.0,0.0,0.0,0.0,0.0,0.0,0.0,0.0,0.0,0.0,0.0,0.0
0.0,0.0,0.173839515040849,0.0,0.0,0.2452787778304773,0.0,0.0,0.2438207396351353,0.1963087643707663,0.0,0.2734606736914776,0.0,0.0,0.0,0.0,0.0,0.0,0.2039063795277349,0.1666647871583251,0.0,0.0443619305656652,0.0625363175381459,0.0,0.0,0.0,0.209468156784869,0.3246166119871936,0.2097264975608039,0.0,0.1731937249649822,0.0,0.0,0.0,0.0,0.064873573103302,0.0,0.0973327605619688,0.0,0.0,0.0,0.0,0.0,0.0,0.0,0.0,0.0,0.0,0.0,0.0,0.0,0.0,0.0,0.0,0.0,0.0,0.0,0.0,0.0,0.0,0.0,0.0,0.0,0.0,0.0,0.0,0.0,0.0,0.0,0.0,0.0,0.0,0.0,0.0,0.0,0.0
0.0,0.0,0.0,0.0,0.0,0.0,-0.0023758185401515,0.0,0.1244765086669223,0.2238745033059703,0.0495037292617951,0.2354704221191119,0.0,0.0,0.0,0.0,0.2181392023347621,0.0,0.0,0.0,0.0,0.0,0.0,0.3093251374575203,0.1858110687291942,0.2472237908346071,0.0,0.1566849823176859,0.0,0.0,0.1917770643737235,0.0,0.187134065880173,0.098897140414262,0.0808383697350765,0.0081308649555693,0.0973327605619688,0.0,0.0,0.0454859100954013,0.0,0.0,0.0,0.0,0.2381930105045543,0.0,0.0,0.0,0.0,0.0,0.0,0.0,0.0,0.0,0.0258908525922139,0.0,0.2127276009284161,0.0,0.0,0.0,0.0,0.0,0.0,0.0,0.0,0.0,0.0,0.0,0.2442554044582313,0.0,0.1737628194086836,0.0,0.0,0.0,0.0,0.0
0.0,0.0835417626947114,0.0,0.0,0.0,0.0,0.0,0.1322512774003012,0.0,0.0,0.0,0.0,0.0840341820886675,0.0,0.0,0.0,0.0,0.0,0.0,0.0,0.0026408393296247,0.0,0.1193358987250338,0.0,0.0,0.0,0.0,0.0,0.0,0.0,0.0,0.447937991926498,0.0,0.0,0.0,0.0259412309554961,0.0,0.0,0.0,0.2776037017334796,0.3180082110109526,0.0204078072284495,0.0,0.0050375995663731,0.0,0.0,0.0,0.0350399363964065,0.0,0.0,0.1024361236703724,0.0,0.0,0.0,0.0277888261066483,0.0,0.0,0.2325685003052941,0.0770285038971534,0.0,0.1360268237685791,0.0565474832543538,0.0,0.0700619790061033,0.0387652592984458,0.0119292419781122,0.0129844560944436,0.0922414094250199,0.0,0.0,0.0,0.0,0.0547225694281206,0.0593019137916145,0.2665408656179259,0.1761718914629627
0.0,0.0508671358064875,0.0,0.0,0.0,0.0,0.0,0.0,0.0,0.0,0.0,0.0,0.0,0.0,0.0,0.0,0.0,0.0,0.0,0.0,0.0,0.0,0.062269753232477,0.0,0.0,0.0,0.0,0.0,0.0,0.0,0.0,0.2548891082157007,0.1691094085186108,0.0383387631201158,0.0,0.0296852662424835,0.0,0.0454859100954013,0.2776037017334796,0.0,0.4416763869940232,0.0782421467813372,0.067979753780156,0.2021505966695933,0.0273304946151049,0.0,0.0,0.0,0.0,0.0,0.1417929785017641,0.0,0.0,0.0,0.1165525822317662,0.0,0.0,0.1700349292513036,0.0,0.0,0.0559405412107882,0.130649281894493,0.0070158710445359,0.0,0.0,0.0,0.0,0.0,0.0,0.0,0.0,0.0,0.1335368794713324,0.0,0.2002237531907042,0.1097652454816734
0.0,0.0312797614849281,0.0,0.0,0.0,0.0762637169658043,0.0,0.0,0.0,0.0,0.0,0.0,0.0,0.0,0.0,0.0,0.0,0.0,0.0,0.0,0.0,0.0,0.0953652274870032,0.0,0.0,0.0,0.0,0.0,0.0,0.0,0.0,0.2508674889313967,0.0,0.0114859905409931,0.0,0.0781399615415449,0.0,0.0,0.3180082110109526,0.4416763869940232,0.0,0.1137972513483753,0.0908534817630987,0.2135600292233193,0.0,0.0,0.0,0.0,0.0,0.0,0.1984686393921475,0.0,0.0,0.0,0.0,0.0,0.0,0.1644101266307985,0.1189497936121878,0.0,0.0788808061143847,0.0,0.0,0.0,0.0,0.0,0.0,0.0,0.0,0.0,0.0,0.0,0.2073765239866355,0.0,0.1704067762105317,0.2038686036829592
0.0,0.0,0.0,0.0,0.0,0.0,0.0,0.0,0.0,0.0,0.0,0.0,0.0,0.0,0.0,0.0,0.0,0.0,0.0,0.0,0.0,0.0,0.0,0.0,0.0,0.0,0.0,0.0,0.0,0.0,0.0,0.0,0.1103579047731532,0.2572948568719292,0.1088350300591947,0.0788594249591998,0.0,0.0,0.0204078072284495,0.0782421467813372,0.1137972513483753,0.0,0.0,0.0710164607884259,0.0,0.0,0.0,0.0,0.0176511700755222,0.1809473468690972,0.0,0.0330810253419265,0.0,0.0,0.0,0.0,0.0,0.0,0.0,0.0,0.0,0.0,0.0,0.0,0.0,0.0,0.0,0.0,0.0,0.0,0.0,0.0,0.0,0.0,0.0,0.0
0.0,0.0,0.1141663112031898,0.0,0.0,0.1455152222357304,0.0,0.0238641371676657,0.0617322109019355,0.0,0.0,0.0,0.0,0.0,0.0,0.0,0.0,0.0,0.0,0.0,0.0,0.0,0.0961648587474128,0.0,0.0,0.0,-0.007752410808118,0.1134467122491442,0.0,0.0,0.0,0.0,0.0,0.0,0.0,0.2817005655621549,0.0,0.0,0.0,0.067979753780156,0.0908534817630987,0.0,0.0,0.0465722344282418,0.018561729299007,0.0,0.0,0.0056704137376268,0.0,0.0,0.0752419539436631,0.0,0.0,0.0007313457526287,0.0,0.0,0.1361844744428413,0.0,0.0322416047387102,0.0268762597504949,0.0,0.0,0.0,0.0242718761832372,0.0687178302984264,0.0,0.0,0.0,0.1162973275259301,0.0,0.0,0.0,0.1427861340119544,0.0,0.0,-0.0016128001994505
0.0,0.0,0.0,0.0,0.0,0.0,0.0,0.0,0.0,0.0,0.0,0.0,0.0,0.0,0.0,0.0,0.0,0.0,0.0,0.0,0.0,0.0,0.0,0.0,0.0,0.0,0.0,0.0,0.0,0.0,0.0,0.0,0.0,0.0,0.0,0.0,0.0,0.0,0.0050375995663731,0.2021505966695933,0.2135600292233193,0.0710164607884259,0.0465722344282418,0.0,0.0,0.0,0.0,0.0,0.1278630463114777,0.1127514232299367,0.1014056654025897,0.0563845602025089,0.0,0.0,0.0870069719390613,0.0,0.0,0.0998229976492825,0.2110479075030492,0.0,0.0,0.0,0.0,0.0,0.0,0.0,0.0,0.0,0.0,0.0,0.0,0.0,0.149187448999828,0.0,0.0,0.0
0.0,0.0,0.0,0.0,0.0,0.0,0.0,0.0,0.0,0.2396217072927438,0.0,0.1924048558442009,0.0,0.0,0.0,0.0,0.0,0.0,0.0,0.0,0.0,0.0,0.0,0.2452867438180073,0.0,0.1880156574750976,0.0,0.0,0.0,0.0,0.0,0.0,0.1788200398832041,0.1033076739188897,0.0,0.0,0.0,0.2381930105045543,0.0,0.0273304946151049,0.0,0.0,0.018561729299007,0.0,0.0,0.1307919995655511,0.0,0.0,0.0,0.0,0.0,0.0,0.0,0.1306710656979161,0.0927113795223655,0.0372540217284798,0.1937545204808965,0.0,0.0,0.0,0.0,0.169334681573127,0.0,0.0,0.0,0.0,0.0,0.0,0.2031174929496761,0.1510863034666701,0.1461758883278447,0.0,0.0269146632085272,0.0,0.0,0.0
0.5770383320682066,0.1698811274375112,0.0,0.0,0.0,0.0,0.0,0.0,0.0,0.0,0.0,0.0,0.0,0.0,0.0,0.4392730874662419,0.0,0.344950144817987,0.0,0.0,0.3573218679572294,0.3884952240831377,0.0,0.3145603814810024,0.3981709897403969,0.3937562647551397,0.0,0.0,0.0,0.0,0.4210881611057817,0.0,0.0150418478209895,0.0,0.0,0.0,0.0,0.0,0.0,0.0,0.0,0.0,0.0,0.0,0.1307919995655511,0.0,0.3169527833776688,0.0,0.0,0.0,0.0732124008595825,0.0,0.1183584298070021,0.0,0.1788423686756511,0.0,0.1481712669522626,0.0,0.0,0.3785226427074703,0.3711990865233924,0.0,0.2992095066597851,0.0,0.295523493587615,0.4516636188406441,0.4386190452987992,0.2818767607766647,0.3682153840316704,0.4561612319908648,0.4540324323565625,0.3473336000299162,0.0386479021414183,0.3933787995564887,0.0,0.2525441835761428
0.3245362312587135,0.2988287255458639,0.0,0.0,0.0,0.0,0.0,0.0,0.0,0.0,0.0,0.0,0.0,0.0,0.4288967263458942,0.3614932221439175,0.0,0.2067184995115273,0.0,0.3776368668556464,0.3366732117780218,0.3917056323385381,0.0242890725587807,0.0,0.2288824437188897,0.4276483078987408,0.3187352405981822,0.0,0.337358931773904,0.0,0.3951458367613348,0.0267927233411809,0.179167707818516,0.0519503940365083,0.2382241627831833,0.0,0.0,0.0,0.0,0.0,0.0,0.0,0.0,0.0,0.0,0.3169527833776688,0.0,0.0,0.0,0.0,0.0,0.3009064266925514,0.3373092771995728,0.1832993361526194,0.1570540663778036,0.0,0.0,0.0637171471475052,0.0,0.3117371349445035,0.1858359101106136,0.2577078337624233,0.2578612516798597,0.0,0.1725621627081702,0.3245548581226656,0.3745894554085497,0.2209446583774399,0.0,0.3702604445201048,0.4883878761669226,0.1660226038987032,0.0,0.1104350758122076,0.0,0.0
0.0,0.0,0.3854077190247442,0.0,0.0,0.3985210688206251,0.0,0.0,0.3654110583524899,0.0,0.0267688282629932,0.0,0.072901899974591,0.0,0.0,0.0,0.0,0.0,0.4761561706716086,0.0,0.0,0.0,0.3211137921824042,0.0,0.0,0.0,0.3622226406027872,0.0,0.0,0.0,0.0,0.0169893959199443,0.0,0.0,0.0,0.0,0.0,0.0,0.0350399363964065,0.0,0.0,0.0,0.0056704137376268,0.0,0.0,0.0,0.0,0.0,0.0,0.0,0.3798250009917219,0.0,0.0559709905651903,0.4174578719684745,0.0,0.1719444582109268,0.0,0.1853833862572517,0.0,0.0,0.0,0.0,0.0,0.4598716912492376,0.0,0.0,0.0,0.3759946769746078,0.0,0.0,0.0,0.4337536856091481,0.2880118532815173,0.3773421985323418,0.268925778181223,0.2327535255852111
0.0,0.0,0.0,0.0,0.0,0.0,0.0,0.0,0.0,0.0,0.0,0.0,0.0,0.0,0.0,0.0,0.0,0.0,0.0,0.0,0.0,0.0,0.0,0.0,0.0,0.0,0.0,0.0,0.0,0.0,0.0,0.0,0.0,0.0,0.0,0.0,0.0,0.0,0.0,0.0,0.0,0.0176511700755222,0.0,0.1278630463114777,0.0,0.0,0.0,0.0,0.0,0.3386254283714632,0.0,0.3687523100777448,0.1709071803964863,0.0,0.0,0.1198779646363467,0.0,0.0,0.2413594775142477,0.0,0.0,0.0,0.0,0.0,0.0,0.0,0.0,0.0,0.0,0.0,0.0,0.0,0.0,0.0,0.0,0.0
0.0,0.0,0.0,0.0,0.0,0.0,0.0,0.0807512102710815,0.0,0.0,0.2114147402869942,0.0,0.0,0.0,0.0,0.0,0.0,0.0,0.0,0.0,0.0,0.0,0.0,0.0,0.0,0.0,0.0,0.0,0.0,0.0,0.0,0.0,0.0,0.0,0.0,0.0,0.0,0.0,0.0,0.0,0.0,0.1809473468690972,0.0,0.1127514232299367,0.0,0.0,0.0,0.0,0.3386254283714632,0.0,0.0,0.4539935704196199,0.0246123101368601,0.0,0.1871976584423289,0.192247509824511,0.0,0.0,0.3904612728253196,0.0,0.0,0.0,0.0,0.0,0.0,0.0,0.0,0.0,0.0,0.0,0.0,0.0,0.0,0.0,0.0,0.0
0.0,0.0,0.5248834427846849,0.0,0.0,0.5580024470544758,0.0,0.0,0.2933622990623062,0.0,0.0,0.0,0.010607443320465,0.0,0.0,0.0,0.0,0.0,0.380091242444267,0.0,0.0351231889368584,0.0,0.4729363968493423,0.0,0.0,0.0,0.1785474045834756,0.09684879556046,0.1575720532674532,0.0,0.0,0.0255348533862813,0.0,0.0,0.0,0.0,0.0,0.0,0.1024361236703724,0.1417929785017641,0.1984686393921475,0.0,0.0752419539436631,0.1014056654025897,0.0,0.0732124008595825,0.0,0.3798250009917219,0.0,0.0,0.0,0.0,0.0,0.2352195382444866,0.0887546013117583,0.0,0.0,0.3667361991578152,0.0,0.1176560992692075,0.1447572163875974,0.3061537002723984,0.2295890158265346,0.3043005386793902,0.2873450406819959,0.0600794767130317,0.0937382582279948,0.3648504659532445,0.0,0.2096748777221617,0.0821442466479629,0.286917136122857,0.4742334471283035,0.3851127374050748,0.3827290261627745,0.2942765104070919
0.0,0.0,0.0,0.0,0.0,0.0,0.0,0.0749977253656656,0.0,0.0,0.1761584554148165,0.0,0.0,0.0,0.0,0.0,0.0,0.0,0.0,0.0,0.0,0.0,0.0,0.0,0.0,0.0,0.035817428064074,0.0,0.0,0.0,0.0,0.0,0.0,0.0,0.0,0.0,0.0,0.0,0.0,0.0,0.0,0.0330810253419265,0.0,0.0563845602025089,0.0,0.0,0.3009064266925514,0.0,0.3687523100777448,0.4539935704196199,0.0,0.0,0.1379199089647482,0.1303496353941076,0.339952447410982,0.3217951470064563,0.0,0.1777668361888803,0.1698764962334835,0.0,0.0816853314325696,0.1170713476535879,0.0,0.0867558498488055,0.0,0.0,0.0766477755667048,0.018634569259237,0.0,0.0806710259233184,0.1122235736694335,0.020821681925629,0.0,0.0,0.0,0.0
0.0,0.0,0.0,0.0,0.204850810946313,0.0,0.0,0.3817558327368076,0.0503086690415751,0.0,0.2336828209126694,0.0,0.1814583017700823,0.0,0.2768103156099218,0.0,0.0,0.0,0.0048223668379301,0.2404771248284938,0.2795131249789122,0.0,0.116986298215436,0.0,0.0,0.0,0.0916899523695372,0.14100095986279,0.1328527001084734,0.0,0.245732498879301,0.0,0.0,0.1161963232867082,0.0,0.0598248000360854,0.0,0.0,0.0,0.0,0.0,0.0,0.0,0.0,0.0,0.1183584298070021,0.3373092771995728,0.0559709905651903,0.1709071803964863,0.0246123101368601,0.0,0.1379199089647482,0.0,0.1092667798223839,0.0,0.3152998652759702,0.0,0.0,0.0,0.124148097200674,0.0,0.0,0.1113457400474521,0.0832069615278613,0.0098105466176153,0.2279599112095532,0.0,0.288353026388877,0.1599580123943285,0.1185298762703148,0.2868219492147028,0.0,0.0,0.0,0.0,0.0
0.0,0.0,0.299317212506314,0.0,0.0,0.3530387519115561,0.0,0.0,0.5787219115308421,0.0,0.0708975421864405,0.0,0.0,0.0,0.0,0.0,0.0,0.0,0.3856818431037805,0.0,0.0,0.0,0.1302867021437135,0.0,0.0,0.0,0.4186495184393328,0.0,0.0,0.0,0.0,0.0,0.0,0.0,0.0,0.0,0.0,0.0,0.0,0.0,0.0,0.0,0.0007313457526287,0.0,0.1306710656979161,0.0,0.1832993361526194,0.4174578719684745,0.0,0.0,0.2352195382444866,0.1303496353941076,0.1092667798223839,0.0,0.1883647130120968,0.2852711249557936,0.3943776227669378,0.0292099512462817,0.0,0.0,0.0,0.0,0.0,0.3840908606211576,0.3235012176944272,0.0,0.2747610815788978,0.1781009081500494,0.0,0.0,0.2170321387427211,0.4401604416456135,0.205103816477731,0.2142804171834939,0.0937799799289049,0.0439073071239188
0.0682449933940235,0.0,0.0,0.0,0.0,0.0,0.0,0.0,0.0,0.4468724237336473,0.0,0.1435872620182437,0.0,0.0,0.0,0.0,0.3930577095666503,0.0604221470187582,0.0,0.0,0.0,0.0,0.0,0.1790582301567547,0.1375545102729654,0.1071592259537679,0.0,0.0,0.0,0.0,0.040404768931149,0.0247779996031704,0.0237710237754393,0.0,0.0,0.0,0.0,0.0258908525922139,0.0277888261066483,0.1165525822317662,0.0,0.0,0.0,0.0870069719390613,0.0927113795223655,0.1788423686756511,0.1570540663778036,0.0,0.0,0.1871976584423289,0.0887546013117583,0.339952447410982,0.0,0.1883647130120968,0.0,0.0680904877368316,0.135768555290662,0.2294859858264642,0.0470634326535135,0.0,0.2548755423368403,0.3742502850528528,0.2109811187914085,0.1620101267003246,0.1704519424382535,0.0,0.1824855098402015,0.0,0.1651233817412985,0.3011106500051555,0.2143062133590976,0.1432343550981319,0.2080799996526922,0.1720899793767939,0.0,0.293660405913355
0.0,0.0,0.0,0.0,0.2751111445671336,0.0,0.0,0.1548565394932682,0.113337068732563,0.0,0.4140517036807639,0.0,0.0,0.0,0.0,0.0,0.0,0.0,0.0932602211515059,0.0,0.0,0.0,0.0,0.0,0.0,0.0,0.2770852672693293,0.0,0.0,0.0,0.0,0.0,0.0,0.0,0.0,0.0,0.0,0.0,0.0,0.0,0.0,0.0,0.0,0.0,0.0372540217284798,0.0,0.0,0.1719444582109268,0.1198779646363467,0.192247509824511,0.0,0.3217951470064563,0.3152998652759702,0.2852711249557936,0.0680904877368316,0.0,0.1574511769665279,0.0,0.0,0.0,0.0,0.0,0.0,0.2321298035807879,0.0,0.0,0.0,0.1506627581442618,0.0,0.0,0.0,0.1869922187767706,0.0,0.0,0.0,0.0
