0.0,0.4345050702959055,0.0,0.0,0.0,0.1292686269837283,0.0,0.2147186905647712,0.0,0.4013290268897775,0.0,0.0,0.3125763224803036,0.0,0.2984838459788158,0.5997306844314091,0.158607324088257,0.3259198539680292,0.0,0.333663787074556,0.65528600470968,0.5234940063732146,0.048400639721773,0.4275441992058527,0.3937008505870498,0.1849805940609505,0.2071201139504476,0.4045016683472803,0.2586633536736164,0.0,0.4416456436314187,0.3105733684969743,0.5298310516757271,0.2708037711017265,0.1587229775186804,0.0,0.0,0.2006733805346244,0.086708708714157,0.4209644921231327,0.13337022514196,0.0,0.0,0.0,0.0,0.9992494082357164,0.0,0.0,0.0,0.0,0.0,0.0,0.0,0.0,0.1057748184074262,0.0,0.0,0.0,0.0,0.0,0.0,0.0,0.277264498944239,0.0,0.0,0.5251326323931592,0.0,0.0,0.357774554925536,0.1065981671927879,0.3835326100012464,0.0,0.0,0.0,0.0,0.0
0.4345050702959055,0.0,0.0,0.0,0.4671571558340474,0.402907078991193,0.494123690106861,0.2185784957747428,0.4006889291349161,0.0,0.0,0.0,0.6723318403049867,0.0,0.4407542444164307,0.2691210351061475,0.0,0.0395547143072926,0.0,0.3530714087967909,0.5382857250337044,0.4883997271080364,0.0,0.0,0.0763218736875081,0.4796030833681016,0.3330941152823474,0.3734886384406657,0.0845253393477142,0.0,0.0,0.32261510416232,0.4593787132635054,0.0040787723516125,0.250294595913444,0.0,0.0,0.0,0.0,0.0,0.0,0.0,0.0,0.0,0.0,0.2932439993861833,0.0,0.0,0.0,0.0,0.1842633195490377,0.0,0.0,0.0,0.0,0.0,0.0,0.0,0.0,0.4374908998451109,0.0,0.0,0.0,0.0,0.0,0.4627436580234192,0.0,0.4872973407299297,0.0,0.0,0.2698793454932953,0.5581508604314956,0.0,0.0,0.0,0.0
0.0,0.0,0.0,0.0,0.7208937677868772,0.5840034815573705,0.4359564978281908,0.204052925546126,0.7846722603180767,0.0648024338701705,0.8572808141470211,0.3711455049547868,0.5007849612881531,0.0,0.0,0.0,0.0,0.0,0.926604221968007,0.0,0.0,0.0,0.566658544058405,0.0,0.0,0.0,0.7476226233596169,0.532098074630325,0.0,0.0,0.0900127266921978,0.0,0.0,0.0,0.3336981532432335,0.0,0.108769290643763,0.0,0.0,0.0,0.0,0.0,0.0,0.0,0.0,0.0,0.0,0.9918208324147724,0.0,0.6300617914702591,0.375714210139845,0.4815970289794955,0.2295718183424059,0.7704599241007586,0.0,0.7988157389248746,0.0,0.0,0.0,0.0,0.0,0.0,0.0,0.9361987032251986,0.0,0.0,0.0,0.6480440170020125,0.0,0.0,0.0,0.6584275375629056,0.0,0.0,0.0,0.0
0.0,0.0,0.0,0.0,0.0283133219862755,0.0,0.0217474339081622,0.0,0.0,0.325390810532376,0.0,0.0060523766246836,0.2018196114594317,0.6974064243164025,0.0,0.0,0.0,0.0,0.0821699431120539,0.0,0.0,0.0,0.0,0.0,0.0,0.0,0.0841126159422874,0.179596164743412,0.0,0.0,0.0,0.1305738648956879,0.0,0.0,0.0,0.4892366600517813,0.3333530721298695,0.0,0.0,0.0,0.0,0.0,0.0,0.0,0.0,0.0,0.0,0.0,0.0,0.0,0.0,0.0,0.0,0.0,0.0,0.0,0.0,0.0,0.0,0.0,0.0,0.0,0.0,0.0,0.0,0.0,0.0,0.0,0.0,0.0,0.0,0.0,0.0,0.0,0.0,0.0
0.0,0.4671571558340474,0.7208937677868772,0.0283133219862755,0.0,0.6318802040529998,0.8576007572264825,0.1512070526833799,0.9303770150867668,0.3234246174094323,0.8999712667251311,0.6236479320624968,0.7512413470639543,0.0,0.0,0.1798914848625621,0.0,0.0,0.7215324959052475,0.7914157933845528,0.0,0.5051841018533024,0.2192195563272426,0.0,0.0,0.0,0.7968801925449678,0.4076715395070719,0.2313058364605767,0.0,0.0543750621894274,0.1677859291823433,0.2067484598020373,0.0,0.55569525531565,0.0,0.2409872144264796,0.1182647533601555,0.0,0.0,0.0,0.0,0.0,0.0,0.0,0.0,0.0,0.6947461024109838,0.0,0.8508659307543303,0.2357500667952474,0.0,0.2465047128690796,0.9032076815264856,0.0,0.8565869191412423,0.0,0.0,0.0,0.0,0.0,0.0,0.0,0.6889142454317091,0.0,0.0,0.0,0.71282924602024,0.0,0.0,0.0,0.7928480747878536,0.0,0.0,0.0,0.0
0.1292686269837283,0.402907078991193,0.5840034815573705,0.0,0.6318802040529998,0.0,0.6029971181814815,0.4322105063009478,0.7040696613658562,0.2375650878255764,0.612298098425823,0.5486720910738422,0.6333457454868308,0.0,0.5199552164561599,0.2479235004066269,0.0432948489734484,0.2928803259253857,0.49072515262974,0.5897044274307531,0.4081894821993069,0.3517851504386193,0.6478204815761831,0.0,0.0745429234744518,0.0,0.6144267585855852,0.287762872720896,0.454512107512489,0.2797020722744217,0.0,0.1761758412443324,0.0702301912534204,0.0,0.5427141222303216,0.0,0.1161868843189324,0.1438281519549708,0.0,0.0,0.0,0.0,0.0,0.0,0.0,0.0,0.0,0.6181991592553362,0.0,0.4595682295468521,0.40687511613317,0.4290748253911912,0.4155301635511972,0.6576794017924886,0.0,0.6122577344145959,0.0,0.0,0.0,0.4449035948060476,0.0,0.0,0.0,0.4761525113807132,0.1650930907692324,0.3205981583316363,0.0,0.7071943570702456,0.0,0.0,0.129587456703166,0.5121900528801329,0.0,0.0,0.0,0.0
0.0,0.494123690106861,0.4359564978281908,0.0217474339081622,0.8576007572264825,0.6029971181814815,0.0,0.2376478653297491,0.7738840006330899,0.4421622466524025,0.661206855198057,0.7792595993280949,0.7660854616031365,0.0,0.0,0.0,0.0,0.0,0.4533301168578871,0.5922303792076522,0.0,0.3006319142796826,0.1379242791917026,0.6419201591742211,0.0,0.0,0.599007179225696,0.2176588513057891,0.2154566986548124,0.0,0.0632981628000313,0.2769481507298041,0.2672150132592615,0.006030233543092,0.7427613472489074,0.0,0.2958794269790269,0.2301205210055156,0.0,0.0,0.0,0.0,0.0,0.0,0.0,0.0,0.0,0.3949167224798124,0.0,0.0,0.1012266874123678,0.0,0.2382885030511339,0.7326786841966445,0.0,0.6228176675394509,0.0,0.0,0.0,0.0,0.0,0.0,0.0,0.4184264316941933,0.0,0.0,0.0,0.5833292467507547,0.0,0.0,0.0,0.5672387425170606,0.0,0.0,0.0,0.0
0.2147186905647712,0.2185784957747428,0.204052925546126,0.0,0.1512070526833799,0.4322105063009478,0.2376478653297491,0.0,0.1948436149533417,0.3617570066091859,0.1564484987768817,0.2578105837825718,0.392041725731679,0.0,0.2124963257763065,0.2487933719230938,0.0,0.353233168508216,0.0483382909143169,0.2494402713851321,0.4345110350081404,0.1169790780072234,0.724754375690513,0.4109667889892704,0.2296447668229162,0.23609446131008,0.1033439468927521,0.2638456930715756,0.4785817571994569,0.3047043212582038,0.3035661646117557,0.0868786527706087,0.2383432028028355,0.3365856357627635,0.3063794091383288,0.0144201519333939,0.0,0.0,0.0297613669979921,0.0,0.0520611388014377,0.0,0.0,0.0,0.0,0.0,0.0,0.2000834285946191,0.0,0.1499785802068061,0.576351762829111,0.2892125619061946,0.8083678807582978,0.2479248664080599,0.0,0.2038837969082686,0.0,0.475688288607,0.1084186555697948,0.2413327197153903,0.0,0.0,0.0,0.0332354136086341,0.2309170947155478,0.3972252318386917,0.0,0.5698333474293615,0.0,0.0,0.0,0.1479134481351392,0.123218089293832,0.3464971029661208,0.0,0.0
0.0,0.4006889291349161,0.7846722603180767,0.0,0.9303770150867668,0.7040696613658562,0.7738840006330899,0.1948436149533417,0.0,0.2971175066871522,0.9700629599803444,0.5224599416654777,0.7105397649664452,0.0,0.0,0.282837420789262,0.0,0.1250168877507544,0.7535743991195036,0.8121420880026174,0.0,0.4994263782249384,0.347292506262311,0.666998022606764,0.0,0.0,0.782107066112016,0.4379177011188943,0.2115031747344879,0.4251214542665777,0.1005332100151799,0.131976041992086,0.2282950526319867,0.0,0.6378270509655479,0.0,0.2040825438583033,0.1235143014111617,0.0,0.0,0.0,0.0,0.0,0.0,0.0,0.0,0.0,0.8044018217697988,0.0,0.8423676066405066,0.3439073464367266,0.7320347337359142,0.3015598337839631,0.9930347493774098,0.0,0.8942368270436407,0.0,0.0,0.0,0.0,0.0,0.0,0.0,0.7182494403417115,0.0,0.0,0.0,0.7598182929532606,0.0,0.0,0.0,0.8272068305461059,0.0,0.0,0.0,0.0
0.4013290268897775,0.0,0.0648024338701705,0.325390810532376,0.3234246174094323,0.2375650878255764,0.4421622466524025,0.3617570066091859,0.2971175066871522,0.0,0.2371139622727614,0.4307604234846116,0.5637244648986434,0.0,0.0,0.3149577881451385,0.4744154649948839,0.3261103562602251,0.0935272504356926,0.2340733884120321,0.0,0.2616121501094994,0.1290350348552043,0.4932419264810733,0.431320625196861,0.4642413020517869,0.2845515944915818,0.4171825917664303,0.419643398119966,0.0,0.2469015835711925,0.3563488483503692,0.2773754026013275,0.2189971786968254,0.1688790142974996,0.1919802865767546,0.2437571808296055,0.4994605183240952,0.2102075261180289,0.2484518007745321,0.0731093670227976,0.0,0.0,0.0,0.4043761814086836,0.3755327173897446,0.0,0.0,0.0,0.0,0.0,0.0,0.0,0.0,0.6358851182722824,0.0,0.4633081766345526,0.2599068604660964,0.0,0.0,0.0,0.720098766336607,0.3553484331331288,0.0,0.0,0.0,0.0,0.0,0.4215833526573287,0.5157134831495109,0.5422024064334101,0.0,0.0719729017153964,0.0,0.0,0.0
0.0,0.0,0.8572808141470211,0.0,0.8999712667251311,0.612298098425823,0.661206855198057,0.1564484987768817,0.9700629599803444,0.2371139622727614,0.0,0.4939120807726825,0.6900527133102495,0.0,0.0,0.0,0.0,0.0,0.8774881422078878,0.0,0.0,0.0,0.342242926050865,0.6083676998417828,0.0,0.0,0.7810591425626214,0.5177871592823208,0.0,0.0,0.0613388212944416,0.0,0.1184736734538738,0.0,0.4663511024990298,0.0734644665759642,0.2202815031222274,0.0592993257504188,0.0,0.0,0.0,0.0,0.0,0.0,0.0,0.0,0.0,0.8446187446521126,0.0,0.8310287203886588,0.3443295850174373,0.6605320455202527,0.2082894195170915,0.941657964366204,0.0,0.9891230898422414,0.0,0.0,0.0,0.0,0.0,0.0,0.0,0.8398499240299272,0.0,0.0,0.0,0.7061936039772455,0.0,0.0,0.0,0.8139578023160152,0.0,0.0,0.0,0.0
0.0,0.0,0.3711455049547868,0.0060523766246836,0.6236479320624968,0.5486720910738422,0.7792595993280949,0.2578105837825718,0.5224599416654777,0.4307604234846116,0.4939120807726825,0.0,0.5917678158297557,0.0,0.0,0.0,0.0,0.0,0.3856216634081914,0.0,0.3883879810212362,0.0,0.170748426086511,0.5869478530366892,0.0,0.0,0.3759165188183932,0.1022321432192886,0.0,0.0,0.0,0.2490290420002368,0.1706009176329189,0.0,0.5633152063490197,0.0,0.276957416409112,0.2025731594550278,0.0,0.0,0.0,0.0,0.0958012914719746,0.0,0.1107310202026089,0.0,0.0,0.0,0.0,0.0,0.0,0.0,0.0,0.0,0.4076232673419572,0.0,0.8595498045323814,0.0,0.0,0.0,0.0,0.2550839214225205,0.0,0.0,0.0,0.0,0.0,0.0,0.558909844616867,0.0,0.0,0.0,0.0,0.0,0.0,0.0
0.3125763224803036,0.6723318403049867,0.5007849612881531,0.2018196114594317,0.7512413470639543,0.6333457454868308,0.7660854616031365,0.392041725731679,0.7105397649664452,0.5637244648986434,0.6900527133102495,0.5917678158297557,0.0,0.068679911126133,0.6476911412144533,0.3594211566177338,0.1725541706025483,0.2816543375099684,0.5336161648353919,0.632831824989844,0.5637776941469415,0.4848144359377627,0.2995952239020837,0.5732125164111364,0.0515484140049704,0.1174622125742926,0.6465304846445052,0.6448176966565613,0.351281606063107,0.531700909304999,0.1378884322582316,0.1726017237551278,0.254252096493847,0.0572930090139801,0.436356585442976,0.1413876187043422,0.3239161380967377,0.2711577935425056,0.0,0.0,0.0,0.0,0.0,0.0,0.2244528769968427,0.0,0.0,0.5315706098102402,0.0,0.0,0.4584305610021293,0.7848968923595567,0.372297141799175,0.0,0.0,0.6917050361140687,0.4302180871319951,0.0,0.0,0.6083848611102727,0.0,0.0,0.0,0.0,0.180678827494977,0.0,0.0,0.7039489301706396,0.0,0.0,0.1712418119506542,0.694394564309015,0.0,0.0955355500974244,0.0,0.0
0.0,0.0,0.0,0.6974064243164025,0.0,0.0,0.0,0.0,0.0,0.0,0.0,0.0,0.068679911126133,0.0,0.0,0.0,0.0,0.0,0.1035227829624958,0.0,0.0,0.0,0.0,0.0,0.0,0.0,0.001333986445051,0.131565622316591,0.0,0.0,0.0,0.0,0.0,0.0,0.0,0.4713503936179504,0.1770677161393986,0.0,0.0,0.0,0.0,0.0,0.2853621047849275,0.0,0.0,0.0,0.0,0.0,0.0,0.0,0.0,0.0,0.0,0.0,0.0,0.0,0.0,0.0,0.0,0.0,0.0,0.0,0.0,0.0,0.0,0.0,0.0,0.0,0.0,0.0,0.0,0.043722465586283,0.0,0.0,0.0,0.0
0.2984838459788158,0.4407542444164307,0.0,0.0,0.0,0.5199552164561599,0.0,0.2124963257763065,0.0,0.0,0.0,0.0,0.6476911412144533,0.0,0.0,0.3025193591749098,0.0,0.1148751194033057,0.0,0.8940569445990869,0.5706730277530816,0.7430790558659098,0.2978973051379353,0.4962068113394704,0.0,0.0089334590355803,0.8307172054165386,0.5575420950905118,0.3903050243905935,0.0,0.1335219611059603,0.1722312228882017,0.0909303284301312,0.0,0.4007596326109299,0.063775551810284,0.0,0.0,0.0,0.0,0.0,0.0,0.0,0.0,0.0,0.0,0.0,0.0,0.0,0.0,0.2382485680198831,0.0,0.2786171131383451,0.0,0.0,0.0,0.0,0.0,0.0,0.9480683229658468,0.0,0.0,0.0,0.0,0.4900402224536309,0.527550511390053,0.0,0.6724993434271317,0.0,0.0,0.1401261842203463,0.764380806325515,0.0,0.0581708101511629,0.0,0.0
0.5997306844314091,0.2691210351061475,0.0,0.0,0.1798914848625621,0.2479235004066269,0.0,0.2487933719230938,0.282837420789262,0.3149577881451385,0.0,0.0,0.3594211566177338,0.0,0.3025193591749098,0.0,0.5702176440450962,0.7574767340584944,0.0,0.427213868961835,0.3223539479035084,0.668156225475174,0.4270814395976433,0.3557920799572532,0.6110061768647655,0.3613182376673776,0.2668469578696925,0.6118122903938567,0.4095610388741155,0.1732466655936794,0.5578676678140014,0.0,0.1427944771475446,0.3982878350819065,0.0667043007421106,0.0,0.0,0.0,0.0,0.3349408991960433,0.1346409819798145,0.0,0.0,0.0,0.0,0.6240431371336401,0.0,0.0,0.0,0.0,0.0,0.0,0.0,0.0,0.0,0.0,0.0,0.0,0.0,0.352317123270259,0.1509108034408404,0.0,0.5735595326005093,0.0,0.4781305045982731,0.2092675912834695,0.1732565590436159,0.3699953524055941,0.0,0.2847930361076387,0.5015379951700984,0.3892926899988981,0.0,0.6021684560123651,0.0,0.2141763026579104
0.158607324088257,0.0,0.0,0.0,0.0,0.0432948489734484,0.0,0.0,0.0,0.4744154649948839,0.0,0.0,0.1725541706025483,0.0,0.0,0.5702176440450962,0.0,0.8622343795289689,0.0,0.0,0.0,0.1226115363032388,0.0,0.0686938827640214,0.8169271015619913,0.618742975233012,0.0,0.450769668596684,0.4438989384890954,0.0,0.2917203282140617,0.0,0.0,0.2820934601211486,0.0,0.0,0.0,0.3099552145029388,0.0,0.3307160217269452,0.0,0.0,0.0,0.0,0.0,0.0,0.0,0.0,0.0,0.0,0.0,0.0,0.0,0.0,0.0,0.0,0.0,0.0,0.0,0.0,0.0,0.4138279876732686,0.8221013829474206,0.0,0.0,0.0,0.0,0.0,0.0,0.7196911669172225,0.6843589538217374,0.0,0.0,0.0,0.0,0.0
0.3259198539680292,0.0395547143072926,0.0,0.0,0.0,0.2928803259253857,0.0,0.353233168508216,0.1250168877507544,0.3261103562602251,0.0,0.0,0.2816543375099684,0.0,0.1148751194033057,0.7574767340584944,0.8622343795289689,0.0,0.0,0.2060874811980463,0.0239350827444659,0.3356709156250957,0.5787287487540514,0.3411731725187659,0.7912807564821119,0.559026909842677,0.191274981069337,0.5355090397049602,0.4682583103527493,0.0,0.2624207926178311,0.0,0.0,0.2210905731313854,0.0,0.0,0.0,0.0,0.0316529984875471,0.3744940520407005,0.3707506530349239,0.0,0.0,0.0,0.0,0.3432379960692219,0.0,0.0,0.0,0.0,0.0,0.0,0.0,0.0,0.0,0.0,0.0,0.0,0.0,0.0,0.5174488722195845,0.2635091174112303,0.8419435902480148,0.0,0.0,0.0,0.4054588883501848,0.0,0.1383233530088042,0.5695498893359394,0.6243613560383819,0.0,0.0,0.0,0.0,0.5006543983766958
0.0,0.0,0.926604221968007,0.0821699431120539,0.7215324959052475,0.49072515262974,0.4533301168578871,0.0483382909143169,0.7535743991195036,0.0935272504356926,0.8774881422078878,0.3856216634081914,0.5336161648353919,0.1035227829624958,0.0,0.0,0.0,0.0,0.0,0.0,0.0,0.0,0.2886046523260723,0.0,0.0,0.0,0.7145716396390037,0.5499547470162516,0.0,0.0,0.0102681991653352,0.0,0.0,0.0,0.2810851741574613,0.1047553812197781,0.1920942596824681,0.0,0.0,0.0,0.0,0.0,0.0,0.0,0.0,0.0,0.0,0.8849014084353558,0.0,0.6406709299278524,0.2150200987718248,0.4627119054796177,0.0619902267775736,0.7079357606883101,0.0,0.8047906949203172,0.0,0.0,0.0698813570358565,0.0,0.0,0.0,0.0,0.9929414163864748,0.0,0.0,0.0,0.568603033675083,0.0,0.0,0.0,0.6904700482791971,0.0,0.0,0.0,0.0
0.333663787074556,0.3530714087967909,0.0,0.0,0.7914157933845528,0.5897044274307531,0.5922303792076522,0.2494402713851321,0.8121420880026174,0.2340733884120321,0.0,0.0,0.632831824989844,0.0,0.8940569445990869,0.427213868961835,0.0,0.2060874811980463,0.0,0.0,0.4809646091719768,0.7905327499576731,0.442800112211103,0.0,0.0,0.0,0.8199173716365724,0.5701072376680936,0.4408141431472696,0.553286072699764,0.2339614775343935,0.0142917526212995,0.0491525716302108,0.0155998703442114,0.534673782440559,0.0,0.2313104027910787,0.0,0.0,0.0,0.0,0.0,0.0,0.0,0.0,0.0,0.0,0.0,0.0,0.0,0.3813501910273011,0.0,0.2931053756445566,0.0,0.0,0.0,0.0,0.0,0.0,0.8571913355649123,0.0,0.0,0.0,0.0,0.6070469056951491,0.4562819307013747,0.0,0.7110047943631613,0.0,0.0,0.1208837434426494,0.7639392686186348,0.0,0.1523931584980051,0.0,0.0
0.65528600470968,0.5382857250337044,0.0,0.0,0.0,0.4081894821993069,0.0,0.4345110350081404,0.0,0.0,0.0,0.3883879810212362,0.5637776941469415,0.0,0.5706730277530816,0.3223539479035084,0.0,0.0239350827444659,0.0,0.4809646091719768,0.0,0.3964110108586569,0.1694300570672214,0.5830518385530068,0.0216587696190008,0.0,0.3943979280262144,0.2341128575759881,0.3897409775014978,0.0,0.3703081477804127,0.5271023870467029,0.650073724707223,0.3416892063062264,0.6733542310065957,0.0,0.0,0.0,0.075081390463253,0.2830722023054832,0.0,0.2334313750854815,0.0,0.0,0.0,0.6589346817928212,0.0,0.0,0.0,0.0,0.3076376714708711,0.0,0.5058247644285674,0.0,0.0,0.0,0.0,0.1513891101456626,0.0,0.5188163022867291,0.0,0.0,0.0,0.0,0.0,0.968035741372009,0.0,0.6263219065323121,0.0,0.0,0.1397928893419025,0.5922428049615179,0.0,0.2317253159006831,0.0,0.0
0.5234940063732146,0.4883997271080364,0.0,0.0,0.5051841018533024,0.3517851504386193,0.3006319142796826,0.1169790780072234,0.4994263782249384,0.2616121501094994,0.0,0.0,0.4848144359377627,0.0,0.7430790558659098,0.668156225475174,0.1226115363032388,0.3356709156250957,0.0,0.7905327499576731,0.3964110108586569,0.0,0.2583167154801267,0.0,0.2222577163314767,0.2461521130696127,0.5808619768315064,0.64453220598109,0.387073032614267,0.5110478676786874,0.3781478845560383,0.0569756063947155,0.1239458154703052,0.1488022689421775,0.2437333211399936,0.1837260380000514,0.2013686945286177,0.0,0.0,0.0873310180179588,0.0,0.0,0.0287597064191077,0.0,0.0,0.4980717039568041,0.0,0.0,0.0,0.0,0.3731798134922489,0.0,0.0,0.0,0.0,0.0,0.0,0.0,0.0,0.7358979551245345,0.0,0.0,0.2078830639972853,0.0,0.6166499227535286,0.3359750945295853,0.176629937327785,0.4481012455484826,0.0,0.0,0.3638468144816896,0.6198324625799984,0.0982428922625107,0.2889457518485269,0.0,0.0
0.048400639721773,0.0,0.566658544058405,0.0,0.2192195563272426,0.6478204815761831,0.1379242791917026,0.724754375690513,0.347292506262311,0.1290350348552043,0.342242926050865,0.170748426086511,0.2995952239020837,0.0,0.2978973051379353,0.4270814395976433,0.0,0.5787287487540514,0.2886046523260723,0.442800112211103,0.1694300570672214,0.2583167154801267,0.0,0.4485276388150306,0.3411864720882324,0.1372178540311301,0.3573037768548291,0.3451906898987694,0.540387267508094,0.0753442860303648,0.2140915593433968,0.0,0.0,0.1631187837254601,0.2759907608195365,0.0,0.0,0.2303753982294534,0.0,0.2868523202074756,0.08196208168947,0.0,0.0,0.0,0.0,0.0,0.0,0.5673656522462601,0.0,0.1131503086364632,0.6675474653176203,0.1626709283893341,0.6314485978046078,0.3834763291704444,0.0,0.3600699393869605,0.0,0.2140128417217282,0.0,0.3461159963433771,0.0,0.0,0.0,0.3298986782111199,0.5029540286091778,0.0963239400794928,0.2121990972576383,0.5628670070488858,0.0,0.173327200008342,0.3381249580973896,0.1896119538559315,0.1736487157710892,0.3053888896294443,0.2017972017032208,0.1979347134895586
0.4275441992058527,0.0,0.0,0.0,0.0,0.0,0.6419201591742211,0.4109667889892704,0.666998022606764,0.4932419264810733,0.6083676998417828,0.5869478530366892,0.5732125164111364,0.0,0.4962068113394704,0.3557920799572532,0.0686938827640214,0.3411731725187659,0.0,0.0,0.5830518385530068,0.0,0.4485276388150306,0.0,0.2134476425765063,0.0667402532455885,0.4242174783949913,0.3389778050731538,0.0,0.0,0.2457547348142614,0.2957453994267078,0.3647345663166434,0.1276041353962564,0.6290999171908778,0.047470126337882,0.2784389411060187,0.304534847930934,0.0257633596947512,0.4107721875816209,0.0,0.0,0.0,0.0,0.2459389420455227,0.4528707577225495,0.0,0.0,0.0,0.0,0.0,0.0,0.0,0.0,0.0,0.0,0.3416024036729984,0.0,0.0,0.0,0.0,0.26169648103542,0.1915543340304499,0.0,0.0,0.0,0.0,0.0,0.9212118600919492,0.1215175540450174,0.2860859343486513,0.0,0.0,0.0,0.0,0.0
0.3937008505870498,0.0763218736875081,0.0,0.0,0.0,0.0745429234744518,0.0,0.2296447668229162,0.0,0.431320625196861,0.0,0.0,0.0515484140049704,0.0,0.0,0.6110061768647655,0.8169271015619913,0.7912807564821119,0.0,0.0,0.0216587696190008,0.2222577163314767,0.3411864720882324,0.2134476425765063,0.0,0.6824511877866217,0.0,0.3410440541005585,0.5172911718582759,0.0,0.2688868035645863,0.0,0.0,0.2556174550716531,0.0,0.0,0.0,0.2626669353699439,0.2496218505635329,0.5384245971230396,0.5353935030997328,0.0,0.0,0.0,0.0,0.4186444471099051,0.0415315959917209,0.0,0.0,0.0,0.0,0.0,0.0,0.0,0.0,0.0,0.0,0.2027659221106794,0.0,0.0,0.6018547805798147,0.2899085436736732,0.7670573518198722,0.0,0.3563747175207332,0.0,0.4345923774432609,0.0,0.067093514192639,0.7976923153934461,0.7381146816878605,0.0,0.0,0.5961195978748526,0.0,0.5699365583125752
0.1849805940609505,0.4796030833681016,0.0,0.0,0.0,0.0,0.0,0.23609446131008,0.0,0.4642413020517869,0.0,0.0,0.1174622125742926,0.0,0.0089334590355803,0.3613182376673776,0.618742975233012,0.559026909842677,0.0,0.0,0.0,0.2461521130696127,0.1372178540311301,0.0667402532455885,0.6824511877866217,0.0,0.0,0.2436947765464127,0.2872805600192976,0.0,0.0168919823692205,0.0,0.0,0.1110238922803295,0.0,0.313476367107536,0.0,0.160880160420253,0.1842159740748558,0.2119581746771004,0.3126280347125255,0.0,0.0,0.0,0.1316143938815128,0.1142880498170023,0.3207477191960971,0.0,0.0,0.0,0.1418349262473869,0.0,0.0,0.0,0.2748325014050907,0.0,0.0,0.3321737485127772,0.0,0.0084985115956434,0.3889457605187259,0.4032190949653314,0.5091960739579088,0.0,0.2202010268254261,0.0,0.4920926443598577,0.0,0.0,0.5715320686048593,0.7654293521984037,0.0,0.4960569217321181,0.2525630064525797,0.0,0.3434316002890424
0.2071201139504476,0.3330941152823474,0.7476226233596169,0.0841126159422874,0.7968801925449678,0.6144267585855852,0.599007179225696,0.1033439468927521,0.782107066112016,0.2845515944915818,0.7810591425626214,0.3759165188183932,0.6465304846445052,0.001333986445051,0.8307172054165386,0.2668469578696925,0.0,0.191274981069337,0.7145716396390037,0.8199173716365724,0.3943979280262144,0.5808619768315064,0.3573037768548291,0.4242174783949913,0.0,0.0,0.0,0.5537072526349323,0.4610139510057692,0.3404235957410114,0.0055417861363844,0.0033917315177397,0.0,0.0,0.348862962936653,0.0,0.2108105690851927,0.0859894841624784,0.0,0.0,0.0,0.0,0.0316533871224992,0.1877481526100066,0.0,0.0,0.0,0.7278964106266633,0.0,0.6994478834149656,0.2994630908688863,0.6175849382304461,0.0844384821445432,0.785943016813252,0.0,0.7312040705327908,0.0,0.0,0.0,0.7860380448132225,0.0,0.0,0.0,0.6911551827108435,0.4816764084037099,0.2984565878153211,0.0,0.6058774211745416,0.0,0.0,0.0165403277704312,0.8268963880864498,0.0,0.0947188006625745,0.0,0.0
0.4045016683472803,0.3734886384406657,0.532098074630325,0.179596164743412,0.4076715395070719,0.287762872720896,0.2176588513057891,0.2638456930715756,0.4379177011188943,0.4171825917664303,0.5177871592823208,0.1022321432192886,0.6448176966565613,0.131565622316591,0.5575420950905118,0.6118122903938567,0.450769668596684,0.5355090397049602,0.5499547470162516,0.5701072376680936,0.2341128575759881,0.64453220598109,0.3451906898987694,0.3389778050731538,0.3410440541005585,0.2436947765464127,0.5537072526349323,0.0,0.3584633810589757,0.4903434112579108,0.4204599219839415,0.0,0.0,0.1318433437226988,0.0,0.3531389113517326,0.2371584806371393,0.3052961894819844,0.0,0.0354939692947232,0.0,0.0,0.0989557494422551,0.0,0.2111593743589053,0.0,0.0,0.5880970403701251,0.0,0.0,0.5863133910433194,0.0,0.2228759119660137,0.4937940719161927,0.0786646980944267,0.0,0.0,0.3243827534780351,0.0,0.6277888166758971,0.0,0.0,0.0,0.0,0.606982718291595,0.1468277927729766,0.1929355816572005,0.486700027907237,0.0,0.1725217884913306,0.4064298128164437,0.5938505103784493,0.4424041770944065,0.4029369670099927,0.0,0.1721235435751172
0.2586633536736164,0.0845253393477142,0.0,0.0,0.2313058364605767,0.454512107512489,0.2154566986548124,0.4785817571994569,0.2115031747344879,0.419643398119966,0.0,0.0,0.351281606063107,0.0,0.3903050243905935,0.4095610388741155,0.4438989384890954,0.4682583103527493,0.0,0.4408141431472696,0.3897409775014978,0.387073032614267,0.540387267508094,0.0,0.5172911718582759,0.2872805600192976,0.4610139510057692,0.3584633810589757,0.0,0.2027256680435097,0.3671758927167082,0.137042629654753,0.0,0.3735775191714449,0.2945849169762713,0.0,0.0151675186170105,0.0,0.2101312928321346,0.3228428332374775,0.2542456226673175,0.141233455388372,0.0,0.0,0.0,0.0,0.1697879813389222,0.2401995668229299,0.0,0.0,0.5218015515280856,0.2227155260064167,0.3490945430674708,0.2601909374302117,0.0,0.0,0.0,0.3907122744832784,0.0,0.2664276551639492,0.0,0.0,0.0,0.0,0.4614296325447181,0.3242810174219311,0.2646257461895352,0.3355102482041906,0.0,0.0,0.4211824967680848,0.2806242393835041,0.2751699821022448,0.5443418905773981,0.3417609178541541,0.2462886367359322
0.0,0.0,0.0,0.0,0.0,0.2797020722744217,0.0,0.3047043212582038,0.4251214542665777,0.0,0.0,0.0,0.531700909304999,0.0,0.0,0.1732466655936794,0.0,0.0,0.0,0.553286072699764,0.0,0.5110478676786874,0.0753442860303648,0.0,0.0,0.0,0.3404235957410114,0.4903434112579108,0.2027256680435097,0.0,0.3657230268465566,0.2118136818893074,0.0,0.3076008539430047,0.3942913947484645,0.0,0.0,0.0,0.0,0.0,0.0,0.0,0.0,0.0,0.0,0.0,0.0,0.0,0.0,0.0,0.0,0.0,0.0,0.0,0.0,0.0,0.0,0.0,0.0,0.0,0.0,0.0,0.0,0.0,0.1415934737968595,0.0,0.0,0.4272622030491355,0.0,0.0,0.0,0.3829657596855003,0.0,0.0,0.0,0.0
0.4416456436314187,0.0,0.0900127266921978,0.0,0.0543750621894274,0.0,0.0632981628000313,0.3035661646117557,0.1005332100151799,0.2469015835711925,0.0613388212944416,0.0,0.1378884322582316,0.0,0.1335219611059603,0.5578676678140014,0.2917203282140617,0.2624207926178311,0.0102681991653352,0.2339614775343935,0.3703081477804127,0.3781478845560383,0.2140915593433968,0.2457547348142614,0.2688868035645863,0.0168919823692205,0.0055417861363844,0.4204599219839415,0.3671758927167082,0.3657230268465566,0.0,0.0770810594134312,0.205562077834776,0.638507753328751,0.2716945394360775,0.0,0.0284371286161409,0.4013797263114414,0.0518632355990466,0.3542708287719764,0.171125854207465,0.0,0.0,0.0,0.0,0.0,0.0,0.0,0.0,0.0,0.4134556695006077,0.0,0.3668856801138915,0.0,0.0,0.0,0.0,0.0,0.0,0.1415616448468292,0.13796920328741,0.0349398671010781,0.2775117377087667,0.0,0.2896550636402277,0.3866843733037811,0.0705520775260795,0.1554393822422907,0.3303382710185852,0.1190151231782152,0.2571365492354868,0.1442382692669738,0.2825041597172665,0.5013557951388613,0.0,0.2325031156301863
0.3105733684969743,0.32261510416232,0.0,0.1305738648956879,0.1677859291823433,0.1761758412443324,0.2769481507298041,0.0868786527706087,0.131976041992086,0.3563488483503692,0.0,0.2490290420002368,0.1726017237551278,0.0,0.1722312228882017,0.0,0.0,0.0,0.0,0.0142917526212995,0.5271023870467029,0.0569756063947155,0.0,0.2957453994267078,0.0,0.0,0.0033917315177397,0.0,0.137042629654753,0.2118136818893074,0.0770810594134312,0.0,0.5465624630626752,0.1449506375274827,0.3278961122470247,0.0344408592397059,0.2010304442156695,0.2237201335091652,0.6849323753249017,0.2237361404364101,0.0333656658204154,0.2705835530692573,0.0,0.0,0.1647817433800179,0.3266592999673983,0.0655388168624872,0.0,0.0,0.1237309976781526,0.0,0.13367991648797,0.1333613926513589,0.0927667656950188,0.2902966101548477,0.0438683078886328,0.3691019702392955,0.0,0.0,0.0512991413919981,0.0,0.2054509188155773,0.0,0.0,0.0,0.4828998829539762,0.0,0.0924608434830482,0.3483467463798413,0.0,0.0510337746507299,0.1110962587031522,0.0,0.0,0.0,0.0
0.5298310516757271,0.4593787132635054,0.0,0.0,0.2067484598020373,0.0702301912534204,0.2672150132592615,0.2383432028028355,0.2282950526319867,0.2773754026013275,0.1184736734538738,0.1706009176329189,0.254252096493847,0.0,0.0909303284301312,0.1427944771475446,0.0,0.0,0.0,0.0491525716302108,0.650073724707223,0.1239458154703052,0.0,0.3647345663166434,0.0,0.0,0.0,0.0,0.0,0.0,0.205562077834776,0.5465624630626752,0.0,0.41636380875633,0.4390114319871934,0.1709942294904487,0.1777615652426417,0.2023185793046608,0.1343430199697785,0.4819433085645876,0.0,0.2635613022431702,0.0,0.0,0.4074926413133747,0.5232549855335475,0.0,0.0,0.0,0.0,0.0,0.0,0.0,0.0,0.2619135601723084,0.0,0.2768485887994975,0.0,0.0,0.0826900675652216,0.0,0.2505792513800641,0.0,0.0,0.0,0.6193463695720899,0.0,0.2747660635399959,0.4102228474868303,0.0,0.0692608411932897,0.2484829841454192,0.0,0.0,0.0,0.0
0.2708037711017265,0.0040787723516125,0.0,0.0,0.0,0.0,0.006030233543092,0.3365856357627635,0.0,0.2189971786968254,0.0,0.0,0.0572930090139801,0.0,0.0,0.3982878350819065,0.2820934601211486,0.2210905731313854,0.0,0.0155998703442114,0.3416892063062264,0.1488022689421775,0.1631187837254601,0.1276041353962564,0.2556174550716531,0.1110238922803295,0.0,0.1318433437226988,0.3735775191714449,0.3076008539430047,0.638507753328751,0.1449506375274827,0.41636380875633,0.0,0.3029761586453313,0.0,0.0208748640753965,0.4444883484823163,0.1181843644734192,0.5112310016329739,0.3258194056380428,0.1326037673279117,0.0,0.0,0.4584200837533936,0.3522732099267934,0.0,0.0,0.0,0.0,0.3430889929360918,0.1014911506143837,0.3147904466447062,0.0,0.0161901259897376,0.0,0.0,0.4390706312463016,0.0,0.0,0.1243912627505415,0.1374699426504754,0.1674848283088229,0.0,0.0,0.3762995967037733,0.0,0.0576843918643634,0.2388739562467696,0.15271950083983,0.213949636555992,0.0,0.1451146621942809,0.3296530936863073,0.0,0.0632737859991136
0.1587229775186804,0.250294595913444,0.3336981532432335,0.0,0.55569525531565,0.5427141222303216,0.7427613472489074,0.3063794091383288,0.6378270509655479,0.1688790142974996,0.4663511024990298,0.5633152063490197,0.436356585442976,0.0,0.4007596326109299,0.0667043007421106,0.0,0.0,0.2810851741574613,0.534673782440559,0.6733542310065957,0.2437333211399936,0.2759907608195365,0.6290999171908778,0.0,0.0,0.348862962936653,0.0,0.2945849169762713,0.3942913947484645,0.2716945394360775,0.3278961122470247,0.4390114319871934,0.3029761586453313,0.0,0.0,0.0913324958084618,0.1977537398525078,0.0,0.2149995581607693,0.0,0.197813617897449,0.0,0.0827596974730641,0.1723264592551605,0.0,0.0,0.0,0.0,0.0,0.1896368219962858,0.0,0.0,0.0,0.0,0.0,0.4675434484772457,0.0026423163123232,0.0,0.3255390446641616,0.0,0.0,0.0,0.0,0.0,0.0,0.0,0.5030099256732751,0.0,0.0,0.0,0.425953866182567,0.0,0.0,0.0,0.0
0.0,0.0,0.0,0.4892366600517813,0.0,0.0,0.0,0.0144201519333939,0.0,0.1919802865767546,0.0734644665759642,0.0,0.1413876187043422,0.4713503936179504,0.063775551810284,0.0,0.0,0.0,0.1047553812197781,0.0,0.0,0.1837260380000514,0.0,0.047470126337882,0.0,0.313476367107536,0.0,0.3531389113517326,0.0,0.0,0.0,0.0344408592397059,0.1709942294904487,0.0,0.0,0.0,0.3704715682149584,0.0216734220207888,0.0,0.0,0.0,0.0,0.0608398131080437,0.0547267898193478,0.1189789333603201,0.0,0.0,0.0211566187186141,0.0,0.0941404187230535,0.0827008925654788,0.0,0.0,0.0,0.0,0.1131941950623557,0.0,0.0988663567212027,0.0,0.0,0.0,0.0,0.0,0.0613423536831302,0.0475378265715348,0.0,0.0257235930472155,0.1014255313653334,0.0,0.0,0.0,0.1462865455309784,0.1628163246601843,0.0794434381298649,0.0,0.0
0.0,0.0,0.108769290643763,0.3333530721298695,0.2409872144264796,0.1161868843189324,0.2958794269790269,0.0,0.2040825438583033,0.2437571808296055,0.2202815031222274,0.276957416409112,0.3239161380967377,0.1770677161393986,0.0,0.0,0.0,0.0,0.1920942596824681,0.2313104027910787,0.0,0.2013686945286177,0.0,0.2784389411060187,0.0,0.0,0.2108105690851927,0.2371584806371393,0.0151675186170105,0.0,0.0284371286161409,0.2010304442156695,0.1777615652426417,0.0208748640753965,0.0913324958084618,0.3704715682149584,0.0,0.0,0.0151680091814994,0.0,0.0,0.0,0.074414030868792,0.0,0.0,0.0,0.0,0.0,0.0,0.0,0.0,0.0,0.0,0.0,0.0,0.0,0.0,0.0,0.0,0.0,0.0,0.0,0.0,0.0,0.0,0.0,0.0,0.2165493037214996,0.0,0.0,0.0,0.0,0.0,0.0,0.0,0.0
0.2006733805346244,0.0,0.0,0.0,0.1182647533601555,0.1438281519549708,0.2301205210055156,0.0,0.1235143014111617,0.4994605183240952,0.0592993257504188,0.2025731594550278,0.2711577935425056,0.0,0.0,0.0,0.3099552145029388,0.0,0.0,0.0,0.0,0.0,0.2303753982294534,0.304534847930934,0.2626669353699439,0.160880160420253,0.0859894841624784,0.3052961894819844,0.0,0.0,0.4013797263114414,0.2237201335091652,0.2023185793046608,0.4444883484823163,0.1977537398525078,0.0216734220207888,0.0,0.0,0.2560204180909932,0.4406543962163993,0.1766544744751223,0.1046075585710236,0.0,0.0,0.4533779136631091,0.0,0.0,0.0,0.0,0.0,0.0,0.0,0.0,0.0,0.1637207421086368,0.0,0.1313912642616644,0.0,0.0,0.0,0.0,0.0,0.0,0.0,0.0,0.0,0.0,0.0,0.3500611875707821,0.2828580393123925,0.3222047729553378,0.0,0.2109402852445746,0.0,0.0,0.0
0.086708708714157,0.0,0.0,0.0,0.0,0.0,0.0,0.0297613669979921,0.0,0.2102075261180289,0.0,0.0,0.0,0.0,0.0,0.0,0.0,0.0316529984875471,0.0,0.0,0.075081390463253,0.0,0.0,0.0257633596947512,0.2496218505635329,0.1842159740748558,0.0,0.0,0.2101312928321346,0.0,0.0518632355990466,0.6849323753249017,0.1343430199697785,0.1181843644734192,0.0,0.0,0.0151680091814994,0.2560204180909932,0.0,0.3098385305688629,0.4715705083111391,0.3116264889510496,0.0513985973549943,0.0,0.0159242376083021,0.1437680739537291,0.2117960917669052,0.0,0.0818551729204732,0.0,0.0,0.0,0.0188439194473299,0.0,0.106453449653052,0.0,0.0462085453345904,0.0480296261191868,0.0,0.0,0.2179578842498839,0.18475497477897,0.1668240816596551,0.0,0.0,0.0768131318837877,0.136397665323481,0.0,0.1131478146906027,0.3710403913258159,0.2340786973721546,0.0,0.1377806510020181,0.0020401739421114,0.1822818702734817,0.2316971671024724
0.4209644921231327,0.0,0.0,0.0,0.0,0.0,0.0,0.0,0.0,0.2484518007745321,0.0,0.0,0.0,0.0,0.0,0.3349408991960433,0.3307160217269452,0.3744940520407005,0.0,0.0,0.2830722023054832,0.0873310180179588,0.2868523202074756,0.4107721875816209,0.5384245971230396,0.2119581746771004,0.0,0.0354939692947232,0.3228428332374775,0.0,0.3542708287719764,0.2237361404364101,0.4819433085645876,0.5112310016329739,0.2149995581607693,0.0,0.0,0.4406543962163993,0.3098385305688629,0.0,0.4720230187464908,0.2002846315279197,0.0,0.0,0.4050654337282037,0.5081717117890827,0.0,0.0,0.0,0.0,0.3960448513754055,0.0,0.3730377287226333,0.0290214144366212,0.0,0.0,0.0,0.1875104687131037,0.0,0.0,0.2635594251601167,0.1108897184584665,0.3631650402330746,0.0,0.0594729919231903,0.2479985822320056,0.0,0.0815454295101503,0.4117489348899062,0.3607968636857401,0.3880532417384322,0.0,0.1226723981766137,0.389528709522914,0.2076267097439358,0.1536523433454234
0.13337022514196,0.0,0.0,0.0,0.0,0.0,0.0,0.0520611388014377,0.0,0.0731093670227976,0.0,0.0,0.0,0.0,0.0,0.1346409819798145,0.0,0.3707506530349239,0.0,0.0,0.0,0.0,0.08196208168947,0.0,0.5353935030997328,0.3126280347125255,0.0,0.0,0.2542456226673175,0.0,0.171125854207465,0.0333656658204154,0.0,0.3258194056380428,0.0,0.0,0.0,0.1766544744751223,0.4715705083111391,0.4720230187464908,0.0,0.1899963940546268,0.1566906117903235,0.0,0.0165075904576034,0.2048989317765912,0.1209888283127336,0.0,0.0,0.0,0.1037943728843723,0.0,0.0078062874990288,0.0,0.0,0.0,0.0,0.156265026112078,0.0,0.0,0.6920815601980976,0.1432320774297983,0.5442161576839422,0.0,0.0958253768239452,0.0,0.4805147378086918,0.0,0.0,0.5448669940294115,0.3430810335931293,0.0,0.550737401904575,0.3146713579709396,0.5168335857348078,0.7253754499877892
0.0,0.0,0.0,0.0,0.0,0.0,0.0,0.0,0.0,0.0,0.0,0.0,0.0,0.0,0.0,0.0,0.0,0.0,0.0,0.0,0.2334313750854815,0.0,0.0,0.0,0.0,0.0,0.0,0.0,0.141233455388372,0.0,0.0,0.2705835530692573,0.2635613022431702,0.1326037673279117,0.197813617897449,0.0,0.0,0.1046075585710236,0.3116264889510496,0.2002846315279197,0.1899963940546268,0.0,0.0,0.0,0.1677679560663253,0.1494720402189009,0.0,0.0,0.2664247441230422,0.0,0.0,0.0,0.1691303624458694,0.0,0.1694878364192747,0.0,0.1061301403711575,0.099087882331013,0.0,0.0,0.0,0.0421110196743083,0.0,0.0,0.0,0.2754841997452644,0.0,0.0,0.0,0.0,0.0,0.0,0.0,0.0553300412843174,0.020440324833142,0.0
0.0,0.0,0.0,0.0,0.0,0.0,0.0,0.0,0.0,0.0,0.0,0.0958012914719746,0.0,0.2853621047849275,0.0,0.0,0.0,0.0,0.0,0.0,0.0,0.0287597064191077,0.0,0.0,0.0,0.0,0.0316533871224992,0.0989557494422551,0.0,0.0,0.0,0.0,0.0,0.0,0.0,0.0608398131080437,0.074414030868792,0.0,0.0513985973549943,0.0,0.1566906117903235,0.0,0.0,0.335515584845612,0.0,0.0,0.0,0.0,0.0957088052214566,0.0,0.0,0.0,0.0,0.0,0.1685383416280995,0.0,0.0380528166615554,0.0880589934831213,0.0340111848979982,0.0,0.0,0.1287717046609234,0.0,0.0,0.0874070940596286,0.0,0.3802217600144034,0.0,0.0,0.2337403137194505,0.148944471150957,0.0,0.409274763997706,0.0,0.0,0.3339444274909379
0.0,0.0,0.0,0.0,0.0,0.0,0.0,0.0,0.0,0.0,0.0,0.0,0.0,0.0,0.0,0.0,0.0,0.0,0.0,0.0,0.0,0.0,0.0,0.0,0.0,0.0,0.1877481526100066,0.0,0.0,0.0,0.0,0.0,0.0,0.0,0.0827596974730641,0.0547267898193478,0.0,0.0,0.0,0.0,0.0,0.0,0.335515584845612,0.0,0.0063662109564027,0.0,0.0,3.1419450102089225e-05,0.0472752170288295,0.1929770231064334,0.0,0.1373641283924244,0.0,0.1200951078264555,0.2432945040950946,0.1818346162704897,0.4322407697863114,0.0,0.016738264504187,0.0,0.0,0.0,0.0,0.1221138474516942,0.0,0.0,0.0,0.0,0.0,0.0,0.0,0.0008579740531667,0.0,0.0,0.0,0.0
0.0,0.0,0.0,0.0,0.0,0.0,0.0,0.0,0.0,0.4043761814086836,0.0,0.1107310202026089,0.2244528769968427,0.0,0.0,0.0,0.0,0.0,0.0,0.0,0.0,0.0,0.0,0.2459389420455227,0.0,0.1316143938815128,0.0,0.2111593743589053,0.0,0.0,0.0,0.1647817433800179,0.4074926413133747,0.4584200837533936,0.1723264592551605,0.1189789333603201,0.0,0.4533779136631091,0.0159242376083021,0.4050654337282037,0.0165075904576034,0.1677679560663253,0.0,0.0063662109564027,0.0,0.3565386108249377,0.0,0.0,0.0,0.2492186474954587,0.2118977764990856,0.3721037131879373,0.0,0.1561906947413193,0.3603686468888898,0.0746026233919426,0.1779265916405395,0.3507825812791703,0.0,0.0,0.0,0.3770871143681487,0.1031259339846998,0.0,0.0,0.0,0.0,0.0872570783317277,0.2829825434206253,0.1547596026715007,0.1912850944017844,0.1388395229637049,0.0782940370507842,0.0,0.0,0.0
0.9992494082357164,0.2932439993861833,0.0,0.0,0.0,0.0,0.0,0.0,0.0,0.3755327173897446,0.0,0.0,0.0,0.0,0.0,0.6240431371336401,0.0,0.3432379960692219,0.0,0.0,0.6589346817928212,0.4980717039568041,0.0,0.4528707577225495,0.4186444471099051,0.1142880498170023,0.0,0.0,0.0,0.0,0.0,0.3266592999673983,0.5232549855335475,0.3522732099267934,0.0,0.0,0.0,0.0,0.1437680739537291,0.5081717117890827,0.2048989317765912,0.1494720402189009,0.0,0.0,0.3565386108249377,0.0,0.0,0.0,0.0,0.0,0.4776981091260965,0.0,0.3579563425071322,0.0,0.0,0.0,0.0,0.113197699771077,0.0,0.3662126689852932,0.0,0.0,0.3349040413855511,0.0,0.304997407944473,0.5147370444700273,0.0,0.3667893840504746,0.4283778044512504,0.1866480085369317,0.4125853889375842,0.4886381016465891,0.0820922692628095,0.5961208334779317,0.0,0.0155513931281355
0.0,0.0,0.0,0.0,0.0,0.0,0.0,0.0,0.0,0.0,0.0,0.0,0.0,0.0,0.0,0.0,0.0,0.0,0.0,0.0,0.0,0.0,0.0,0.0,0.0415315959917209,0.3207477191960971,0.0,0.0,0.1697879813389222,0.0,0.0,0.0655388168624872,0.0,0.0,0.0,0.0,0.0,0.0,0.2117960917669052,0.0,0.1209888283127336,0.0,0.0,0.0,0.0,0.0,0.0,0.0,0.0,0.0,0.0,0.0,0.0,0.0,0.394473521711744,0.0,0.0,0.3063799570197406,0.0,0.0,0.1659033293601642,0.143008846320084,0.0,0.0,0.0,0.0,0.439740529402257,0.0,0.0,0.3297493558132028,0.3422828282865329,0.0,0.2329024163475065,0.0,0.0,0.1802449865035335
0.0,0.0,0.9918208324147724,0.0,0.6947461024109838,0.6181991592553362,0.3949167224798124,0.2000834285946191,0.8044018217697988,0.0,0.8446187446521126,0.0,0.5315706098102402,0.0,0.0,0.0,0.0,0.0,0.8849014084353558,0.0,0.0,0.0,0.5673656522462601,0.0,0.0,0.0,0.7278964106266633,0.5880970403701251,0.2401995668229299,0.0,0.0,0.0,0.0,0.0,0.0,0.0211566187186141,0.0,0.0,0.0,0.0,0.0,0.0,0.0,3.1419450102089225e-05,0.0,0.0,0.0,0.0,0.0,0.6038358291552895,0.4546505256039218,0.4371052715073905,0.2577108770286029,0.781005877812095,0.0,0.8161927843290179,0.0103529836512148,0.0,0.0,0.0,0.0,0.0,0.0,0.9182779150879364,0.0,0.1583489778863671,0.0,0.6641152965806473,0.0,0.0,0.0821950902614647,0.6743180553443299,0.0,0.1205889285784684,0.0,0.0
0.0,0.0,0.0,0.0,0.0,0.0,0.0,0.0,0.0,0.0,0.0,0.0,0.0,0.0,0.0,0.0,0.0,0.0,0.0,0.0,0.0,0.0,0.0,0.0,0.0,0.0,0.0,0.0,0.0,0.0,0.0,0.0,0.0,0.0,0.0,0.0,0.0,0.0,0.0818551729204732,0.0,0.0,0.2664247441230422,0.0957088052214566,0.0472752170288295,0.0,0.0,0.0,0.0,0.0,0.0641994654613648,0.0,0.0,0.0,0.0,0.0,0.0,0.0,0.1560472117143566,0.5271072338190701,0.0,0.0,0.0,0.0,0.0,0.0,0.0,0.0,0.0,0.0,0.0,0.0,0.0,0.0,0.0,0.0,0.0
