0.0,0.3614303423225191,0.0,0.0,0.0,0.4290549510519244,0.0,0.2025793235862135,0.0,0.0970586933836814,0.0,0.2357982233412059,0.0,0.0,0.3393927387134492,0.5273489348763012,0.2696068148434399,0.4949398782055385,0.0,0.332707874521415,0.5528463840541279,0.3723924500656061,0.3643039101557387,0.3862418631994234,0.4989985962285563,0.4838798931205506,0.3023394583846914,0.4150013085430513,0.4668646883255851,0.0,0.3981373287511644,0.1659969816690852,0.2400062388733952,0.0156684995998679,0.0,0.0,0.0,0.1565375033600557,0.1706326751007766,0.3296740986487311,0.3100813117296148,0.0,0.0,0.0,0.0,0.6171597126424685,0.4545570384894918,0.0,0.0,0.0,0.0,0.0,0.0,0.0,0.1016947525600741,0.0,0.0,0.0,0.0,0.0,0.4703774781750143,0.0,0.4753050999393136,0.0,0.0,0.5193314422275107,0.4225743217328436,0.3303366260072188,0.4683911887721366,0.5287049838709927,0.5100611385660694,0.0,0.0,0.0,0.0,0.4849524362757381
0.3614303423225191,0.0,0.0,0.0,0.3711223695354532,0.5200116735267774,0.333702508566295,0.41059372216033,0.3612636348538973,0.0,0.0,0.0,0.5105828090921845,0.0,0.4242573043982364,0.4961202773459754,0.0,0.5570903404771264,0.0,0.4929103477768171,0.4429670474336702,0.5809837857404428,0.5120636695867775,0.0,0.5927016831806585,0.6168919175766147,0.5019642207655192,0.4758568271145303,0.5393562458360548,0.0,0.4326578444735358,0.0558830573433084,0.1456969294794562,0.1680412974879158,0.0,0.0,0.0,0.0,0.118237222139346,0.1758385819498694,0.0653805615388552,0.2656899741999566,0.0,0.0,0.0,0.3453156610871235,0.4981784304435465,0.0,0.0,0.0,0.3592650089412155,0.0,0.0,0.0,0.0,0.0,0.0,0.0,0.0,0.4734644371644612,0.2407491898704593,0.0,0.0936685723445645,0.0,0.4786882694533586,0.4223056278255774,0.5162748986686778,0.5038536985995289,0.0,0.3109338343909775,0.5527982875032204,0.548791127234338,0.0,0.3937641001445182,0.0,0.2767269260755702
0.0,0.0,0.0,0.2498524814057752,0.4013439144253246,0.5243070803444132,0.1362142668370308,0.4913205673104397,0.5751399124749326,0.2686007685618095,0.5417820077083195,0.0,0.5044931575197794,0.2046557917824107,0.0,0.0,0.0,0.0,0.5858986707808234,0.0,0.0,0.0,0.5337198917707593,0.0,0.0,0.0,0.5450226662354343,0.5008863836030338,0.4418384617181484,0.5710774442520586,0.4397773437323408,0.0,0.0,0.1617584757063673,0.0,0.4964576514031111,0.1229596129392154,0.0,0.0,0.0,0.0,0.0,0.1623246944394654,0.0,0.0,0.0,0.0,0.6282564202696046,0.0,0.4189164657227886,0.3425827366159443,0.1713494760474578,0.3727420318123459,0.5914680644574827,0.0,0.5439724758970488,0.0,0.3656460765362424,0.2507874847385363,0.0,0.0,0.0,0.0,0.5594559046662758,0.0,0.0,0.0,0.4537346429975437,0.0,0.0,0.0,0.4871040592698401,0.0,0.0,0.0,0.0
0.0,0.0,0.2498524814057752,0.0,0.2754617367475163,0.2942719805800284,0.1868821918144305,0.1740861319356888,0.1704450342725544,0.2576379713054509,0.0575958060914114,0.3944054223388898,0.3200903279889768,0.0,0.0,0.0,0.0,0.0,0.1918041271191872,0.2894879169448566,0.0,0.3005956699337873,0.2451899490876224,0.0,0.0,0.0,0.254889473241952,0.4636844218111812,0.0,0.0,0.3328491236967379,0.0,0.0,0.0145941805200646,0.0,0.3351490911686156,0.1166368556716434,0.0,0.0,0.0,0.0,0.0,0.0,0.0,0.0,0.0,0.0,0.0,0.0,0.0,0.0,0.0,0.0,0.0,0.0,0.0,0.0,0.0,0.0,0.0,0.0,0.0,0.0,0.0,0.0,0.0,0.0,0.0,0.0,0.0,0.0,0.0,0.0,0.0,0.0,0.0
0.0,0.3711223695354532,0.4013439144253246,0.2754617367475163,0.0,0.372442328649292,0.5287837471971535,0.4375533839259731,0.5080949273602572,0.5049662832077153,0.464158465811074,0.4671422424817142,0.4970037779454455,0.2253474657391888,0.0,0.3106330401243564,0.0,0.0,0.4516215383432733,0.4917840518982515,0.0,0.4854660433450656,0.4089476236061279,0.0,0.3295271573198117,0.3420078004684274,0.5015888910262758,0.4493101137305169,0.4159567332167782,0.0,0.4522562716108258,0.0,0.1310743992518449,0.3704118832609276,0.0,0.3727293423969997,0.1950517856298524,0.3781662392385069,0.0205082971471149,0.0,0.0,0.0,0.1294052681544936,0.0,0.0,0.0,0.0,0.4414504034561279,0.0,0.0,0.1352860337923858,0.0,0.4644372444844804,0.5133240825097944,0.0,0.4798195745184489,0.0,0.0,0.0,0.0,0.0,0.0,0.0,0.4034411810176034,0.0,0.0,0.0,0.4372106545177455,0.0,0.0,0.0,0.4280421545183375,0.0,0.0,0.0,0.0
0.4290549510519244,0.5200116735267774,0.5243070803444132,0.2942719805800284,0.372442328649292,0.0,0.2136350485589823,0.4948197877130916,0.5055287830586038,0.2959433755534316,0.3662776791465411,0.4734518360515639,0.586052605970616,0.0973163559520544,0.5169182247690507,0.5335099713081638,0.0,0.5507628608649939,0.4432741710182898,0.5484151483397347,0.5504672958333898,0.5471345159487968,0.5718893337545544,0.0,0.5266192722361778,0.5684594676177399,0.5308488318802744,0.5158186007038618,0.57082708055852,0.456208503852245,0.4642337000018729,0.0226548530972179,0.1237576029340941,0.1600395475272048,0.0,0.4883651249899856,0.0631026925340798,0.2780352059329385,0.0337714064074729,0.0,0.0255077234709077,0.1444814085129455,0.2886890559615145,0.0,0.0,0.0,0.0,0.4599683720551907,0.0,0.3461951179516218,0.5002912569380566,0.1673531473191506,0.3720537315436929,0.5203066974407614,0.0,0.3668973445300673,0.0,0.5176974032249929,0.0,0.5150747652162209,0.0,0.0,0.0,0.4366966687251449,0.5165764315315209,0.4477954147547267,0.5294336347139399,0.5021832532009557,0.0,0.0,0.5189311670321046,0.47415893388759,0.4760400483573126,0.3909658135242602,0.0,0.222520080978064
0.0,0.333702508566295,0.1362142668370308,0.1868821918144305,0.5287837471971535,0.2136350485589823,0.0,0.3116872722937303,0.2832806278852993,0.5730951852906019,0.2802242321580532,0.372540519284377,0.3800970188343941,0.0611338922400235,0.0,0.1614499019048635,0.4829196746760529,0.2425291895634783,0.2902493345684184,0.3005737082896132,0.0,0.3503102282378257,0.2487190686377541,0.3822874889623837,0.2922796726801006,0.2394453749860415,0.3650101422810657,0.2939481859646782,0.3253042950100462,0.0,0.332101644041963,0.0085749748444464,0.1483046727790734,0.3401567565076121,0.0414223083953421,0.1641418359462057,0.1329965010910412,0.3806128860659533,0.0,0.0,0.0,0.0,0.0221751096985184,0.0,0.0,0.0,0.0,0.0,0.0,0.0,0.0090211891509982,0.0,0.0,0.0,0.0,0.0,0.0,0.0,0.0,0.0,0.0,0.0,0.0,0.0,0.0,0.0,0.0,0.329067767060933,0.0,0.0,0.0,0.3065148564088941,0.0,0.0,0.0,0.0
0.2025793235862135,0.41059372216033,0.4913205673104397,0.1740861319356888,0.4375533839259731,0.4948197877130916,0.3116872722937303,0.0,0.4586647753981684,0.4075699430233663,0.5017066569243396,0.0,0.5297389726341359,0.2508778561517839,0.4988877199256138,0.3110532202976074,0.0,0.3722871560250628,0.5363089151646574,0.5145019702048255,0.4142975616933594,0.4727479047645151,0.5626347632882039,0.4616503693936727,0.3592594986403174,0.4311612513888913,0.4688401008096665,0.3952880337651659,0.4010394794263959,0.3677808498696506,0.4219893447333928,0.0,0.029182644155364,0.2410643936767757,0.0014984600402294,0.4264559633689794,0.1165509926111016,0.0,0.0,0.0,0.0,0.0,0.1618015757848304,0.0,0.0,0.0,0.0,0.5205538661473548,0.0,0.4351736590969096,0.2591969446666921,0.3012325679043789,0.5588114628311021,0.4778429485700898,0.0,0.5125782091754799,0.0,0.3096446863707484,0.1748298755993602,0.5103678131182237,0.0,0.0,0.0,0.47203965100641,0.4768552905426478,0.3654906843616805,0.4374780656800596,0.5269355883168829,0.0,0.0,0.0,0.4069604402428502,0.278695382777471,0.1853046577676163,0.0,0.0
0.0,0.3612636348538973,0.5751399124749326,0.1704450342725544,0.5080949273602572,0.5055287830586038,0.2832806278852993,0.4586647753981684,0.0,0.3223224350552069,0.554945119239694,0.4493894290932828,0.5007956333184913,0.2126214092666775,0.0,0.3735576851876228,0.0,0.0,0.5252188183206772,0.5656648128051945,0.0,0.5153145300667193,0.482495146029985,0.0,0.3257333415608083,0.3892401189746139,0.5619427627091993,0.4617280406311565,0.4278515925482644,0.4682835473173529,0.4388724654147438,0.0,0.063914173017674,0.2725505863630456,0.0,0.4521685969307142,0.1386637936628306,0.3187328309201016,0.0,0.0,0.0,0.0,0.1169972198086344,0.0,0.0,0.0,0.0,0.5651885772213392,0.0,0.4888107517197446,0.222338091994722,0.2927797100758663,0.4004984131711872,0.6314269994395396,0.0,0.5254684637858651,0.0,0.3067418449531656,0.2298587522522631,0.0,0.0,0.0,0.0,0.4681021030804886,0.0,0.0,0.0,0.4265825820593673,0.0,0.0,0.0,0.456935065730928,0.0,0.0,0.0,0.0
0.0970586933836814,0.0,0.2686007685618095,0.2576379713054509,0.5049662832077153,0.2959433755534316,0.5730951852906019,0.4075699430233663,0.3223224350552069,0.0,0.3117764820453486,0.5124869063144718,0.4503580466344623,0.0295477351161567,0.0,0.2870115186289145,0.609836263564245,0.3762644230742801,0.3908138036295743,0.0,0.256465508983064,0.4732932680681994,0.3913113688634543,0.4799868456502642,0.4203167214662096,0.3882381814744494,0.4464578805034138,0.3969063222077617,0.0,0.0,0.4415432863543125,0.0,0.112546616114935,0.3132099421865211,0.0,0.2272077936477812,0.1246030130894293,0.4503745667316571,0.0513792892148838,0.0475715210112848,0.0,0.2120120633069992,0.0,0.0,0.154060773738555,0.1045575469823759,0.0,0.0,0.0,0.0,0.0,0.0,0.0,0.0,0.6073551306480012,0.0,0.6133824557417891,0.2636910678422074,0.0,0.0,0.0282714116230443,0.2595999432214464,0.0,0.0,0.0,0.0,0.0,0.0,0.3499193954189205,0.0657860002049344,0.3531710414096908,0.0,0.1617333569331782,0.0,0.0,0.0241493505461859
0.0,0.0,0.5417820077083195,0.0575958060914114,0.464158465811074,0.3662776791465411,0.2802242321580532,0.5017066569243396,0.554945119239694,0.3117764820453486,0.0,0.4288184371759311,0.4408347156763622,0.3062487211857402,0.0,0.0,0.0,0.0,0.578216989009542,0.0,0.0,0.0,0.4184248653729983,0.3317077226572599,0.0,0.0,0.4820333786183558,0.365465432379441,0.0,0.0,0.3762154545731495,0.0,0.0,0.2762066442958877,0.0170320856339776,0.3659797651479347,0.1189268472516111,0.2839262278331516,0.0,0.0,0.0,0.0,0.0152970604079969,0.0,0.0,0.0,0.0,0.572089532772279,0.0,0.4367455642055268,0.0553173272549956,0.2596465242574337,0.4223108768457003,0.5087007622478859,0.0,0.6200053418317754,0.0,0.1253255879108745,0.1665287080531307,0.0,0.0,0.0,0.0,0.4857136980838477,0.0,0.0,0.0,0.3646214062829732,0.0,0.0,0.0,0.3688644488341961,0.0,0.0,0.0,0.0
0.2357982233412059,0.0,0.0,0.3944054223388898,0.4671422424817142,0.4734518360515639,0.372540519284377,0.0,0.4493894290932828,0.5124869063144718,0.4288184371759311,0.0,0.5837191408964918,0.0,0.0,0.0,0.5673191442673081,0.4470816889339695,0.0,0.0,0.3817991715337519,0.0,0.4920050316397805,0.5398978334526916,0.4489911920799278,0.4748686084569876,0.0,0.5394269833733468,0.0,0.0,0.4615894934809724,0.0,0.0,0.2108064578887308,0.0,0.474085850768573,0.1232797349492171,0.3541936214741131,0.0,0.0,0.0,0.0643632080186,0.0,0.0,0.1074438883120916,0.0,0.0,0.0,0.0,0.0,0.0,0.0,0.0,0.0,0.428186519492074,0.0,0.5650478842814329,0.0,0.0,0.0,0.0,0.2353111556240132,0.0194224316213416,0.0,0.0,0.0,0.0,0.0,0.4306799627941686,0.1495901673764499,0.3862424346467796,0.0,0.3268465727421605,0.0,0.0,0.0
0.0,0.5105828090921845,0.5044931575197794,0.3200903279889768,0.4970037779454455,0.586052605970616,0.3800970188343941,0.5297389726341359,0.5007956333184913,0.4503580466344623,0.4408347156763622,0.5837191408964918,0.0,0.1438220846817436,0.5108194226813144,0.4710971764326574,0.5566944182011861,0.5151010921239321,0.4874868784064992,0.562563708049714,0.4456719105344163,0.5564742932459604,0.535982259884209,0.5220337126128441,0.4883611874767186,0.5325540018763919,0.5231202237036092,0.5755441000296398,0.5190070008824491,0.4396926212716991,0.5062468893964486,0.0,0.0682588192008859,0.2424268532237617,0.0,0.5000410405311426,0.1180823883034191,0.340295734161496,0.0,0.0,0.0,0.0,0.1895659968360069,0.0,0.0,0.0,0.0,0.4870884431018967,0.0,0.0,0.3637353568630266,0.0,0.425300650155192,0.0,0.0,0.0,0.0,0.0,0.0,0.0,0.0,0.0,0.0,0.0,0.5346366810957046,0.0,0.0,0.4931082924303499,0.0,0.0,0.0,0.4806709536907999,0.0,0.329741467229057,0.0,0.0
0.0,0.0,0.2046557917824107,0.0,0.2253474657391888,0.0973163559520544,0.0611338922400235,0.2508778561517839,0.2126214092666775,0.0295477351161567,0.3062487211857402,0.0,0.1438220846817436,0.0,0.0,0.0,0.0,0.0,0.2596558748862388,0.0,0.06524620677841,0.0,0.1385806664020102,0.0,0.0,0.0,0.1159748608468194,0.0395632832434292,0.0,0.0,0.0887884959705707,0.0,0.0,0.1605414936136835,0.0,0.2168694762988799,0.0623246875115823,0.0,0.0,0.0,0.0,0.0,0.0089451627573819,0.0,0.0,0.0,0.0,0.2340226945378636,0.0,0.0,0.0,0.0,0.0,0.1925099716161783,0.0,0.3205440571427122,0.0,0.0,0.0,0.0,0.0,0.0,0.0,0.2072243367543562,0.0,0.0,0.0,0.1179940989715619,0.0,0.0,0.0,0.0719884216584656,0.0,0.0,0.0,0.0
0.3393927387134492,0.4242573043982364,0.0,0.0,0.0,0.5169182247690507,0.0,0.4988877199256138,0.0,0.0,0.0,0.0,0.5108194226813144,0.0,0.0,0.4459016801230775,0.0,0.4433243062136074,0.0,0.6436403076421964,0.4402830992185458,0.5948318547315173,0.5444620455372574,0.4626972918857688,0.42935838436222,0.4710628070108749,0.5780370284758515,0.5444783919774933,0.4988471070705778,0.5243662726058967,0.4961998082961766,0.0,0.0,0.1961147437544748,0.0,0.4608001342645877,0.0,0.0,0.0,0.0,0.0,0.0863131633436623,0.1696558968987567,0.0,0.0,0.2389925431473986,0.4158262174558404,0.0,0.0,0.0,0.3335920979925212,0.0,0.3975018807105134,0.0,0.0,0.0,0.0,0.0,0.0,0.6468097018851605,0.1038499424749061,0.0,0.0,0.0,0.6187294463682668,0.3925491125445268,0.5576039451485748,0.4822666441143722,0.0,0.1569126172342831,0.3669843392414903,0.5156168887900091,0.3918835831845523,0.3394279895764845,0.0,0.0924789065637196
0.5273489348763012,0.4961202773459754,0.0,0.0,0.3106330401243564,0.5335099713081638,0.1614499019048635,0.3110532202976074,0.3735576851876228,0.2870115186289145,0.0,0.0,0.4710971764326574,0.0,0.4459016801230775,0.0,0.4355266103304711,0.622566498808226,0.0,0.4851315103183778,0.5136069851062994,0.5251843236918938,0.4536271472128003,0.4866567126129856,0.5788451207664742,0.5630456044293733,0.449311960620246,0.539958582314962,0.5641299153359007,0.4058484177300515,0.5273678092184986,0.0848953873192796,0.2060481708122157,0.1119529402570143,0.0,0.0,0.0,0.0,0.0950680022466372,0.2391867640316401,0.1609360042409963,0.2565564560951304,0.0,0.0,0.0,0.4891238125659366,0.5228127263033071,0.0,0.0,0.0,0.0,0.0,0.0,0.0,0.0,0.0,0.0,0.0,0.0,0.4530072918449118,0.4240893521755867,0.0,0.3794073485022765,0.0,0.4550424122632014,0.4608451343072856,0.5196206583388732,0.0,0.0,0.4667373475168484,0.5356600956822599,0.4320348198650678,0.0,0.0,0.0,0.4133377986283843
0.2696068148434399,0.0,0.0,0.0,0.0,0.0,0.4829196746760529,0.0,0.0,0.609836263564245,0.0,0.5673191442673081,0.5566944182011861,0.0,0.0,0.4355266103304711,0.0,0.5289632245488887,0.0,0.5083985029744261,0.0,0.5630903741805496,0.0,0.5571039853023131,0.5471587819161409,0.5431974938164517,0.0,0.5167433704966767,0.514790969341846,0.0,0.5096883418022038,0.0,0.1272949338664901,0.2676511444639364,0.0,0.0,0.0,0.4062463143784619,0.0245233794768906,0.0767255203196217,0.0,0.0,0.0,0.0,0.0,0.0,0.0,0.0,0.0,0.0,0.0,0.0,0.0,0.0,0.5402967392590206,0.0,0.5709236789974385,0.0,0.0,0.0,0.0,0.3612034002591823,0.0,0.0,0.0,0.0,0.0,0.0,0.4644162567554072,0.2261341758575072,0.4823929150745891,0.0,0.0,0.0,0.0,0.1315204851651892
0.4949398782055385,0.5570903404771264,0.0,0.0,0.0,0.5507628608649939,0.2425291895634783,0.3722871560250628,0.0,0.3762644230742801,0.0,0.4470816889339695,0.5151010921239321,0.0,0.4433243062136074,0.622566498808226,0.5289632245488887,0.0,0.0,0.4795346155851629,0.5321528548748139,0.526670825380722,0.477719465995552,0.5105504842281245,0.6300814311991312,0.5926731013516658,0.4607087018806208,0.5375475902348434,0.5679826077460902,0.3616181140354667,0.505966239788761,0.0735665059059579,0.1903408245953869,0.1076484548353409,0.0,0.0,0.0,0.0,0.1027798201628363,0.2243381239618315,0.1420417369465492,0.2316136566240129,0.0,0.0,0.0,0.4533578051626977,0.56062819204311,0.0,0.0,0.0,0.0,0.0,0.0,0.0,0.3074248101085585,0.0,0.3001561689377636,0.0,0.0,0.0,0.3856224765418534,0.4794499053497544,0.3288259583869076,0.0,0.0,0.0,0.4869375063169135,0.0,0.5127055357866755,0.461765197060871,0.564997661402517,0.0,0.0,0.0,0.0,0.3748678789018425
0.0,0.0,0.5858986707808234,0.1918041271191872,0.4516215383432733,0.4432741710182898,0.2902493345684184,0.5363089151646574,0.5252188183206772,0.3908138036295743,0.578216989009542,0.0,0.4874868784064992,0.2596558748862388,0.0,0.0,0.0,0.0,0.0,0.0,0.0,0.0,0.4926938414767817,0.0,0.0,0.0,0.5065600044612427,0.4455305999928957,0.0,0.0,0.4479821885605946,0.0,0.0,0.2432202138877467,0.0063488661612316,0.4292823594425253,0.1471749071894292,0.3661193176724348,0.0,0.0,0.0,0.0,0.1105743592002779,0.0,0.0,0.0,0.0,0.6095170533892096,0.0,0.4415402953290502,0.1881117168381828,0.2912581327335242,0.4878080081149096,0.5197272995397884,0.0,0.5812034816274223,0.0,0.0,0.1703813164615774,0.0,0.0,0.0,0.0,0.6197944951565962,0.0,0.0,0.0,0.4713484631089406,0.0,0.0,0.0,0.4226271135076921,0.0,0.0,0.0,0.0
0.332707874521415,0.4929103477768171,0.0,0.2894879169448566,0.4917840518982515,0.5484151483397347,0.3005737082896132,0.5145019702048255,0.5656648128051945,0.0,0.0,0.0,0.562563708049714,0.0,0.6436403076421964,0.4851315103183778,0.5083985029744261,0.4795346155851629,0.0,0.0,0.4337454133742532,0.6740149422526008,0.5641448087034198,0.0,0.4676616099963087,0.5125575114494535,0.6095866907737736,0.5776858395979895,0.5428059053781388,0.5073712516458313,0.5394413802639078,0.0,0.0332786389219505,0.2393575994641164,0.0,0.487719886358937,0.1462120699868463,0.0,0.0,0.0176475482531952,0.0,0.137439945825536,0.0,0.0,0.0,0.0,0.4525431752573292,0.0,0.0,0.0,0.3024237055494367,0.0,0.4360575256742742,0.0,0.0,0.0,0.0,0.3775804398383247,0.0,0.6302363250016227,0.0,0.0,0.0,0.0,0.640249008210545,0.4001257404247692,0.585118325665131,0.5222986972803285,0.0,0.0,0.4239344765391837,0.5501449006069675,0.4241385455743464,0.3463634001474039,0.0,0.1349719488179994
0.5528463840541279,0.4429670474336702,0.0,0.0,0.0,0.5504672958333898,0.0,0.4142975616933594,0.0,0.256465508983064,0.0,0.3817991715337519,0.4456719105344163,0.06524620677841,0.4402830992185458,0.5136069851062994,0.0,0.5321528548748139,0.0,0.4337454133742532,0.0,0.4599867769038697,0.5122932467884963,0.4684659335517429,0.5499655636714759,0.5346346954784618,0.4401473580574855,0.4526348370257744,0.545930433862794,0.3593104951778645,0.4799497681892056,0.1188745630027863,0.2224458344400277,0.1352706706622209,0.0,0.4365630674699641,0.0,0.0,0.1195213722103936,0.241373433331492,0.1467175521159714,0.2119479012679561,0.0,0.0,0.0,0.5300517881098855,0.572284671572432,0.0,0.0,0.0,0.4899317304774136,0.0,0.3499482881365544,0.0,0.0,0.0,0.0,0.0,0.0,0.4345159798742429,0.4019161480183211,0.0,0.0,0.0,0.401073260589222,0.5849249769536137,0.4848883057116777,0.4775990516529993,0.0,0.5218019569686339,0.5632612477450782,0.4067517728208321,0.4885411739824036,0.487296287190351,0.0,0.3550241973407791
0.3723924500656061,0.5809837857404428,0.0,0.3005956699337873,0.4854660433450656,0.5471345159487968,0.3503102282378257,0.4727479047645151,0.5153145300667193,0.4732932680681994,0.0,0.0,0.5564742932459604,0.0,0.5948318547315173,0.5251843236918938,0.5630903741805496,0.526670825380722,0.0,0.6740149422526008,0.4599867769038697,0.0,0.5597858970327124,0.0,0.5474185475804524,0.5632542540291874,0.6343024612674851,0.5751688388703876,0.5817967033165155,0.4627378783750276,0.5542035164957458,0.0,0.0970666155977621,0.2392000545374543,0.0,0.4349100970005816,0.1250307142253615,0.0,0.0454688208268413,0.0940914634657981,0.0,0.2201951142363708,0.0,0.0,0.0,0.3208280845718387,0.5016021583835659,0.0,0.0,0.0,0.3346838413052484,0.0,0.0,0.0,0.0,0.0,0.0,0.0,0.0,0.5965359448251965,0.2052725812005446,0.0,0.0841765150315467,0.0,0.6180118810742727,0.4419926550587709,0.5993448202119434,0.5357401511935722,0.0,0.2537282297096121,0.4897897691512085,0.6043670914357544,0.4375179363574187,0.4102176353796866,0.0,0.2157091072309133
0.3643039101557387,0.5120636695867775,0.5337198917707593,0.2451899490876224,0.4089476236061279,0.5718893337545544,0.2487190686377541,0.5626347632882039,0.482495146029985,0.3913113688634543,0.4184248653729983,0.4920050316397805,0.535982259884209,0.1385806664020102,0.5444620455372574,0.4536271472128003,0.0,0.477719465995552,0.4926938414767817,0.5641448087034198,0.5122932467884963,0.5597858970327124,0.0,0.498506397827596,0.4895117126718281,0.5465225666829262,0.54774508248304,0.4674298814371679,0.5231037715363501,0.4122601788985044,0.4481361689260247,0.0,0.0996742509605945,0.1971321484630596,0.0,0.4521018469442318,0.0666852037980315,0.3176845810674785,0.0062870847366935,0.1185077560327873,0.0,0.1041743630347943,0.2270325032076713,0.0,0.0,0.0,0.506571480929159,0.499590562643271,0.0,0.4421171333634855,0.4147879030922023,0.2519956468471382,0.4970302157155126,0.5127097896051261,0.0,0.4339259796907228,0.0,0.4525041272876279,0.2473768447912422,0.5685457932263431,0.0,0.0,0.0,0.4653156922931983,0.5351847658635439,0.46644089767159,0.5413218070760969,0.6159410432512935,0.0,0.0,0.4941825703076709,0.501910853262908,0.3916323818308647,0.3571177392437022,0.3907532392775867,0.1478545724269406
0.3862418631994234,0.0,0.0,0.0,0.0,0.0,0.3822874889623837,0.4616503693936727,0.0,0.4799868456502642,0.3317077226572599,0.5398978334526916,0.5220337126128441,0.0,0.4626972918857688,0.4866567126129856,0.5571039853023131,0.5105504842281245,0.0,0.0,0.4684659335517429,0.0,0.498506397827596,0.0,0.520400388507343,0.535835944768638,0.4289045151636386,0.5229740091452202,0.0,0.0,0.51910154905689,0.0,0.1706398491897138,0.2319768896350663,0.0,0.4502282833536454,0.0742779413306616,0.3828657721735006,0.0085868523376744,0.1538952231235054,0.0,0.2008839486522174,0.0,0.0,0.2865647831218599,0.3588526345500029,0.4874772160260694,0.0,0.0,0.0,0.0,0.0,0.0,0.0,0.4308878201540462,0.0,0.4679760027901467,0.0,0.0,0.0,0.1819197605732434,0.3738014990093175,0.1273016483758755,0.0,0.0,0.0,0.0,0.0,0.5332013381779231,0.3001597784825495,0.5053610719573546,0.0,0.3865134923666654,0.0,0.0,0.199962265816542
0.4989985962285563,0.5927016831806585,0.0,0.0,0.3295271573198117,0.5266192722361778,0.2922796726801006,0.3592594986403174,0.3257333415608083,0.4203167214662096,0.0,0.4489911920799278,0.4883611874767186,0.0,0.42935838436222,0.5788451207664742,0.5471587819161409,0.6300814311991312,0.0,0.4676616099963087,0.5499655636714759,0.5474185475804524,0.4895117126718281,0.520400388507343,0.0,0.613648229328746,0.4713910467779003,0.4995313235426998,0.5793499726746018,0.0,0.4782787707304862,0.1007077913706126,0.1949211072540004,0.1079817538686501,0.0,0.0,0.0,0.3156308323177958,0.1459674565021023,0.240066541032432,0.1580285364001949,0.3058553754306806,0.0,0.0,0.3000256283081285,0.4509129803197884,0.5904667793148731,0.0,0.0,0.0,0.0,0.0,0.0,0.0,0.3546276772051209,0.0,0.3301823583310358,0.0,0.0,0.4623734211919464,0.3618240196526812,0.4787733169809529,0.2785519955655015,0.0,0.4250372094011631,0.5146504644480345,0.4945267070943195,0.0,0.5007365666721176,0.4545354951165279,0.5929205471812807,0.0,0.0,0.4898689747958901,0.0,0.3745495220057699
0.4838798931205506,0.6168919175766147,0.0,0.0,0.3420078004684274,0.5684594676177399,0.2394453749860415,0.4311612513888913,0.3892401189746139,0.3882381814744494,0.0,0.4748686084569876,0.5325540018763919,0.0,0.4710628070108749,0.5630456044293733,0.5431974938164517,0.5926731013516658,0.0,0.5125575114494535,0.5346346954784618,0.5632542540291874,0.5465225666829262,0.535835944768638,0.613648229328746,0.0,0.488815265610832,0.5044313826657489,0.542289552876262,0.0,0.4679416692904682,0.0680046945444208,0.1797564876092842,0.133525936134843,0.0,0.4055371598565698,0.0,0.3225918362163704,0.0958910654955608,0.2185627088420712,0.1085712600797437,0.2567086370920375,0.0,0.0,0.2957618052672642,0.4407116956469367,0.5478163811111723,0.0,0.0,0.0,0.4445185286367574,0.0,0.0,0.0,0.3519720532663394,0.0,0.3531210595578129,0.0,0.0,0.5132814192597415,0.3130440122334525,0.470447074382925,0.2605852786419003,0.0,0.487248126373674,0.4651357451848613,0.5334545766755394,0.5001964870752705,0.5036154891303517,0.4211751231353005,0.6180567132001047,0.5002907964313122,0.0,0.4170317972700389,0.0,0.3272862932961129
0.3023394583846914,0.5019642207655192,0.5450226662354343,0.254889473241952,0.5015888910262758,0.5308488318802744,0.3650101422810657,0.4688401008096665,0.5619427627091993,0.4464578805034138,0.4820333786183558,0.0,0.5231202237036092,0.1159748608468194,0.5780370284758515,0.449311960620246,0.0,0.4607087018806208,0.5065600044612427,0.6095866907737736,0.4401473580574855,0.6343024612674851,0.54774508248304,0.4289045151636386,0.4713910467779003,0.488815265610832,0.0,0.499864899177648,0.5555778414422817,0.4225430262691618,0.4965936290057222,0.0,0.0824360962675636,0.294274946743654,0.0,0.3963220993493818,0.1247460202727872,0.0,0.0431624415504262,0.0908487647875787,0.0,0.1423194411022586,0.1491918209907777,0.0,0.0,0.0,0.4822067757183532,0.5451598327623112,0.0,0.5214546855110688,0.2768778996937774,0.3727666682264103,0.4594511103021693,0.5614161873287277,0.0,0.4967597704398227,0.0,0.3662770395733502,0.1856555195284191,0.5735711527073232,0.0,0.0,0.0,0.4926363851103322,0.6038272491710526,0.4220320052465981,0.5786134591822422,0.5266072567066008,0.0,0.0,0.435258331979805,0.6158443140380315,0.383957231131557,0.3803536705409295,0.3681093644747185,0.1480610917841802
0.4150013085430513,0.4758568271145303,0.5008863836030338,0.4636844218111812,0.4493101137305169,0.5158186007038618,0.2939481859646782,0.3952880337651659,0.4617280406311565,0.3969063222077617,0.365465432379441,0.5394269833733468,0.5755441000296398,0.0395632832434292,0.5444783919774933,0.539958582314962,0.5167433704966767,0.5375475902348434,0.4455305999928957,0.5776858395979895,0.4526348370257744,0.5751688388703876,0.4674298814371679,0.5229740091452202,0.4995313235426998,0.5044313826657489,0.499864899177648,0.0,0.5341105058891975,0.4959998372517912,0.5454385339891145,0.0,0.058675574931166,0.1711318285688856,0.0,0.5153803601456111,0.1476169036056643,0.3081439712989672,0.0,0.0693132990365888,0.0,0.1652172197322754,0.2678183557439682,0.0,0.0,0.0,0.0,0.4719507817490734,0.0,0.0,0.3925604029868176,0.0,0.3191476449598532,0.0,0.0,0.0,0.4110641743552815,0.0,0.0,0.5452298665701703,0.0,0.0,0.0,0.0,0.5364991185230756,0.4264216357991221,0.5298036441881003,0.4661466029951978,0.0,0.0,0.0,0.4843953272742616,0.5397971232157514,0.4209373355893215,0.0,0.2352156358052445
0.4668646883255851,0.5393562458360548,0.4418384617181484,0.0,0.4159567332167782,0.57082708055852,0.3253042950100462,0.4010394794263959,0.4278515925482644,0.0,0.0,0.0,0.5190070008824491,0.0,0.4988471070705778,0.5641299153359007,0.514790969341846,0.5679826077460902,0.0,0.5428059053781388,0.545930433862794,0.5817967033165155,0.5231037715363501,0.0,0.5793499726746018,0.542289552876262,0.5555778414422817,0.5341105058891975,0.0,0.4123308530155157,0.5702699709464536,0.0594071013114281,0.1852967989990284,0.2351177242676058,0.0,0.4634255877373102,0.0320530024722665,0.0,0.1043150422000982,0.0,0.0759300118138945,0.2504361640816531,0.2903326035223279,0.0,0.0,0.0,0.5547727792389414,0.0,0.0,0.0,0.4146010135105257,0.0,0.3580410823002831,0.0,0.0,0.0,0.0,0.4625373661808722,0.0,0.481603280194561,0.0,0.0,0.0,0.0,0.4720252067439538,0.527259759434313,0.51801399477555,0.5013340220889972,0.0,0.0,0.5296238254825533,0.5024617287022141,0.4525660312825354,0.4879933446459663,0.3709066760946176,0.3024749733440958
0.0,0.0,0.5710774442520586,0.0,0.0,0.456208503852245,0.0,0.3677808498696506,0.4682835473173529,0.0,0.0,0.0,0.4396926212716991,0.0,0.5243662726058967,0.4058484177300515,0.0,0.3616181140354667,0.0,0.5073712516458313,0.3593104951778645,0.4627378783750276,0.4122601788985044,0.0,0.0,0.0,0.4225430262691618,0.4959998372517912,0.4123308530155157,0.0,0.4559750803239369,0.0,0.0,0.0867840231863055,0.0,0.0,0.0,0.0,0.0,0.0,0.0,0.0,0.0,0.0,0.0,0.0,0.0,0.0,0.0,0.0,0.2919636924350502,0.0,0.0,0.0,0.0,0.0,0.0,0.0,0.0,0.0,0.0,0.0,0.0,0.0,0.5278509469868111,0.0,0.0,0.323261532184516,0.0,0.0,0.0,0.3674697792295538,0.0,0.2804548192239188,0.0,0.0
0.3981373287511644,0.4326578444735358,0.4397773437323408,0.3328491236967379,0.4522562716108258,0.4642337000018729,0.332101644041963,0.4219893447333928,0.4388724654147438,0.4415432863543125,0.3762154545731495,0.4615894934809724,0.5062468893964486,0.0887884959705707,0.4961998082961766,0.5273678092184986,0.5096883418022038,0.505966239788761,0.4479821885605946,0.5394413802639078,0.4799497681892056,0.5542035164957458,0.4481361689260247,0.51910154905689,0.4782787707304862,0.4679416692904682,0.4965936290057222,0.5454385339891145,0.5702699709464536,0.4559750803239369,0.0,0.0055194453887429,0.1813600260211504,0.3345439479802355,0.0,0.4530154071840673,0.1029436974555118,0.3513828684482472,0.0411462222131892,0.1252792814716345,-0.0024180406940376,0.2279001455402128,0.0,0.0,0.0,0.3566708235534678,0.4584043545888198,0.0,0.0,0.0,0.2788755791394948,0.0,0.3854370041524818,0.0,0.4068815518821866,0.0,0.4177659045671271,0.0,0.0,0.4967937877988715,0.2438777708718785,0.3292658923660614,0.1450004524739518,0.0,0.491673427512149,0.4634759433424369,0.5155506387015037,0.4475003129255898,0.4612461547368123,0.2876598003079584,0.4541540329024939,0.4431076458863162,0.4189621725650859,0.3706776223249928,0.0,0.2457886673468562
0.1659969816690852,0.0558830573433084,0.0,0.0,0.0,0.0226548530972179,0.0085749748444464,0.0,0.0,0.0,0.0,0.0,0.0,0.0,0.0,0.0848953873192796,0.0,0.0735665059059579,0.0,0.0,0.1188745630027863,0.0,0.0,0.0,0.1007077913706126,0.0680046945444208,0.0,0.0,0.0594071013114281,0.0,0.0055194453887429,0.0,0.4372823152143307,0.0745246273615124,0.0,0.0,0.0,0.0948192955693272,0.6027478131805698,0.4792700204198492,0.449721966193072,0.2928561192470379,0.1756433707905222,0.1943472209114715,0.2956148471163486,0.2564381204885018,0.1436714713346925,0.0,0.0,0.0,0.0400605104972809,0.0898648140148202,0.024701304146154,0.0,0.0346612826970629,0.0,0.0,0.0602375858634755,0.0,0.0,0.3585998400347677,0.2835801284982783,0.1675449496110871,0.0,0.0,0.1912806313893319,0.0264325418497124,0.0117517154797988,0.0610540466213357,0.3068505431143453,0.1942527156058705,0.0,0.1332791062362595,0.0973206381563732,0.1472911155482001,0.3901554175762057
0.2400062388733952,0.1456969294794562,0.0,0.0,0.1310743992518449,0.1237576029340941,0.1483046727790734,0.029182644155364,0.063914173017674,0.112546616114935,0.0,0.0,0.0682588192008859,0.0,0.0,0.2060481708122157,0.1272949338664901,0.1903408245953869,0.0,0.0332786389219505,0.2224458344400277,0.0970666155977621,0.0996742509605945,0.1706398491897138,0.1949211072540004,0.1797564876092842,0.0824360962675636,0.058675574931166,0.1852967989990284,0.0,0.1813600260211504,0.4372823152143307,0.0,0.232154830226327,0.0,0.1149329640006682,0.0,0.2359720934078501,0.4083186371886483,0.5487620399748177,0.3734595639852588,0.1982560586366603,0.0,0.0,0.4126216057732735,0.3231507979909506,0.2588582921845739,0.0,0.0,0.0,0.0,0.0,0.0,0.0,0.2273554052322071,0.0,0.0109408147997778,0.0,0.0,0.0,0.3247331767735295,0.3782296080304302,0.1980070409992295,0.0,-0.0096010789695218,0.2861269737189142,0.1016356590959099,0.12560093308474,0.2165180371322407,0.3278187817198719,0.2996496915983578,0.0539437502964099,0.2007059583636031,0.1467089702628252,0.0,0.3314957875313234
0.0156684995998679,0.1680412974879158,0.1617584757063673,0.0145941805200646,0.3704118832609276,0.1600395475272048,0.3401567565076121,0.2410643936767757,0.2725505863630456,0.3132099421865211,0.2762066442958877,0.2108064578887308,0.2424268532237617,0.1605414936136835,0.1961147437544748,0.1119529402570143,0.2676511444639364,0.1076484548353409,0.2432202138877467,0.2393575994641164,0.1352706706622209,0.2392000545374543,0.1971321484630596,0.2319768896350663,0.1079817538686501,0.133525936134843,0.294274946743654,0.1711318285688856,0.2351177242676058,0.0867840231863055,0.3345439479802355,0.0745246273615124,0.232154830226327,0.0,0.1081055164235581,0.1813187862578119,0.0719330244702863,0.260532187350595,0.078323890474767,0.1040541161032171,0.0,0.1209408333801792,0.0181079121227623,0.2009833567181888,0.1154629029162666,0.0372015267447508,0.1778789915122375,0.0,0.0,0.0,0.0,0.0,0.3109463653191789,0.0,0.3598751708699421,0.0,0.3398867153492301,0.063765792267214,0.0,0.1902818764538183,0.0,0.0511435713485447,0.0,0.0,0.212716306237556,0.1815002808224388,0.1712655256420676,0.2140521153374388,0.1667523901169893,0.0,0.149390387407417,0.201155121365506,0.0386806380325653,0.0453732359544433,0.0,0.0
0.0,0.0,0.0,0.0,0.0,0.0,0.0414223083953421,0.0014984600402294,0.0,0.0,0.0170320856339776,0.0,0.0,0.0,0.0,0.0,0.0,0.0,0.0063488661612316,0.0,0.0,0.0,0.0,0.0,0.0,0.0,0.0,0.0,0.0,0.0,0.0,0.0,0.0,0.1081055164235581,0.0,0.0,0.1719401001750187,0.0,0.0,0.0,0.0,0.0,0.0,0.0,0.0,0.0,0.0,0.0,0.0,0.0,0.0,0.0,0.0,0.0,0.0103999764886067,0.0,0.037597889179877,0.0,0.0,0.0,0.0,0.0,0.0,0.0,0.0,0.0,0.0,0.0,0.0,0.0,0.0,0.0,0.0,0.0,0.0,0.0
0.0,0.0,0.4964576514031111,0.3351490911686156,0.3727293423969997,0.4883651249899856,0.1641418359462057,0.4264559633689794,0.4521685969307142,0.2272077936477812,0.3659797651479347,0.474085850768573,0.5000410405311426,0.2168694762988799,0.4608001342645877,0.0,0.0,0.0,0.4292823594425253,0.487719886358937,0.4365630674699641,0.4349100970005816,0.4521018469442318,0.4502282833536454,0.0,0.4055371598565698,0.3963220993493818,0.5153803601456111,0.4634255877373102,0.0,0.4530154071840673,0.0,0.1149329640006682,0.1813187862578119,0.0,0.0,0.1352642423331626,0.245494651097848,0.0,0.0770197009880362,0.0,0.0439541606128663,0.3193559966195753,0.1582941324962441,0.0,0.0,0.0,0.3887993080893978,0.0,0.3148331864207858,0.3564492198912448,0.0993612412128543,0.2841450769806378,0.4889352629291736,0.0,0.3185207943725076,0.275659566187776,0.436030923168411,0.2587104131626678,0.0,0.0,0.0,0.0,0.4054734439241694,0.4960347207167669,0.0,0.4459435497045669,0.3859543987688837,0.0,0.0,0.0,0.3701477264574767,0.4521947682177197,0.302279323903056,0.0,0.0
0.0,0.0,0.1229596129392154,0.1166368556716434,0.1950517856298524,0.0631026925340798,0.1329965010910412,0.1165509926111016,0.1386637936628306,0.1246030130894293,0.1189268472516111,0.1232797349492171,0.1180823883034191,0.0623246875115823,0.0,0.0,0.0,0.0,0.1471749071894292,0.1462120699868463,0.0,0.1250307142253615,0.0666852037980315,0.0742779413306616,0.0,0.0,0.1247460202727872,0.1476169036056643,0.0320530024722665,0.0,0.1029436974555118,0.0,0.0,0.0719330244702863,0.1719401001750187,0.1352642423331626,0.0,0.0905474976262652,0.0,0.0,0.0,0.0563738231624167,0.0371407647223997,0.2133651886296175,0.0,0.0,0.0,0.0,0.0,0.0,0.0,0.0,0.0,0.0,0.0,0.0,0.1770123886108321,0.0,0.0,0.0,0.0,0.0,0.0,0.0,0.0,0.0,0.0,0.0,0.0,0.0,0.0,0.0,0.0,0.0,0.0,0.0
0.1565375033600557,0.0,0.0,0.0,0.3781662392385069,0.2780352059329385,0.3806128860659533,0.0,0.3187328309201016,0.4503745667316571,0.2839262278331516,0.3541936214741131,0.340295734161496,0.0,0.0,0.0,0.4062463143784619,0.0,0.3661193176724348,0.0,0.0,0.0,0.3176845810674785,0.3828657721735006,0.3156308323177958,0.3225918362163704,0.0,0.3081439712989672,0.0,0.0,0.3513828684482472,0.0948192955693272,0.2359720934078501,0.260532187350595,0.0,0.245494651097848,0.0905474976262652,0.0,0.1542129503795208,0.1680914106856522,0.0030552343203914,0.2213065762972652,0.0,0.0,0.2565732015458435,0.0,0.0,0.0,0.0,0.0,0.0,0.0,0.0,0.0,0.4174896566924149,0.0,0.3976808467973224,0.0,0.0,0.0,0.0,0.0,0.0,0.0,0.0,0.0,0.0,0.0,0.3427249158933543,0.1178447210938794,0.3045076719238868,0.0,0.0,0.0,0.0,0.0978243252937963
0.1706326751007766,0.118237222139346,0.0,0.0,0.0205082971471149,0.0337714064074729,0.0,0.0,0.0,0.0513792892148838,0.0,0.0,0.0,0.0,0.0,0.0950680022466372,0.0245233794768906,0.1027798201628363,0.0,0.0,0.1195213722103936,0.0454688208268413,0.0062870847366935,0.0085868523376744,0.1459674565021023,0.0958910654955608,0.0431624415504262,0.0,0.1043150422000982,0.0,0.0411462222131892,0.6027478131805698,0.4083186371886483,0.078323890474767,0.0,0.0,0.0,0.1542129503795208,0.0,0.4818661175670679,0.4448352949492968,0.3461570199908444,0.1453284497873269,0.2357402449240856,0.2985155796597481,0.2545594771031111,0.1902045568163961,0.0,0.1992546971995802,0.075625851028942,0.0365310810615419,0.1756510929273554,0.0828821496027628,0.0,0.1267933040843671,0.0,0.0,0.0556066941101239,0.1351963336497335,0.0,0.3713322857606745,0.3150987433404799,0.1113964119404479,0.0491020318599659,0.0,0.2115228860887424,0.0687474075575163,0.0736255914391649,0.1019594977795,0.2760629706994248,0.2326540392919113,0.021107852897503,0.1396863611018033,0.1173839886787689,0.1599885265447063,0.4147745165360865
0.3296740986487311,0.1758385819498694,0.0,0.0,0.0,0.0,0.0,0.0,0.0,0.0475715210112848,0.0,0.0,0.0,0.0,0.0,0.2391867640316401,0.0767255203196217,0.2243381239618315,0.0,0.0176475482531952,0.241373433331492,0.0940914634657981,0.1185077560327873,0.1538952231235054,0.240066541032432,0.2185627088420712,0.0908487647875787,0.0693132990365888,0.0,0.0,0.1252792814716345,0.4792700204198492,0.5487620399748177,0.1040541161032171,0.0,0.0770197009880362,0.0,0.1680914106856522,0.4818661175670679,0.0,0.4893402580647742,0.3099812955654401,0.256947467401163,0.2225512504694873,0.4097182106259227,0.4116903902043493,0.3153892534246474,0.0,0.0,0.1137001677827775,0.1808935444856812,0.1389477200870542,0.0709478321355348,0.0444989320954566,0.1736087045572072,0.0,0.0,0.2221590733255584,0.0,0.0,0.4531446060727403,0.4367914092128347,0.3051620276030058,0.0,0.0051981178232287,0.2982867889312192,0.1542572195401166,0.1249287177887336,0.2536024903677859,0.4175548493712581,0.3667106946436586,0.0985380567859102,0.2762624311340504,0.2525162947817233,0.2341825413992773,0.4670959535146862
0.3100813117296148,0.0653805615388552,0.0,0.0,0.0,0.0255077234709077,0.0,0.0,0.0,0.0,0.0,0.0,0.0,0.0,0.0,0.1609360042409963,0.0,0.1420417369465492,0.0,0.0,0.1467175521159714,0.0,0.0,0.0,0.1580285364001949,0.1085712600797437,0.0,0.0,0.0759300118138945,0.0,-0.0024180406940376,0.449721966193072,0.3734595639852588,0.0,0.0,0.0,0.0,0.0030552343203914,0.4448352949492968,0.4893402580647742,0.0,0.3471088983322973,0.2037903674663227,0.1734984028880764,0.3588770156275511,0.3808850414279279,0.1653252546070414,0.0,0.0,0.0,0.1576931073675051,0.0,0.0,0.0,0.0,0.0,0.0,0.1695960996384401,0.1360129827882857,0.0,0.4635229011901429,0.3663767338044481,0.3720505779953176,0.010020437908932,0.0,0.1841879341141059,0.050728512695782,0.0,0.141422151857203,0.3843117893542683,0.2234551813057481,0.0,0.2647096539668629,0.2304042154892232,0.1851656079000742,0.5184919648194056
0.0,0.2656899741999566,0.0,0.0,0.0,0.1444814085129455,0.0,0.0,0.0,0.2120120633069992,0.0,0.0643632080186,0.0,0.0,0.0863131633436623,0.2565564560951304,0.0,0.2316136566240129,0.0,0.137439945825536,0.2119479012679561,0.2201951142363708,0.1041743630347943,0.2008839486522174,0.3058553754306806,0.2567086370920375,0.1423194411022586,0.1652172197322754,0.2504361640816531,0.0,0.2279001455402128,0.2928561192470379,0.1982560586366603,0.1209408333801792,0.0,0.0439541606128663,0.0563738231624167,0.2213065762972652,0.3461570199908444,0.3099812955654401,0.3471088983322973,0.0,0.2228134804373742,0.3215013570955313,0.2488470565622116,0.3012870764548736,0.2489238355754096,0.0783863915681237,0.0348931035049905,0.1255732925155841,0.1683333348043131,0.1626689320213266,0.0970273558175502,0.0600589537004924,0.1768538086495878,0.0056344536882415,0.0704203315073985,0.2550342577293761,0.1205977212293986,0.0860630993410316,0.3155028412165761,0.2778600437925722,0.1315940528541761,0.1316078681680814,0.0937076231878449,0.2557729877324123,0.1928752597354804,0.1374564370857969,0.2315412938935066,0.2596250884609694,0.3248141794277194,0.17247237633429,0.2040536093722059,0.2796500359414856,0.1084917742105632,0.3517052246937678
