0.0,0.5535077208942808,0.0,0.0,0.0,0.6570705341701503,0.0,0.3102374277100747,0.0,0.1486392532031506,0.0,0.3611100727012195,0.4589095201253141,0.0,0.5197585241078554,0.8076015565924486,0.4128857933249977,0.7579691350893307,0.0,0.5095210771916834,0.8466492881479885,0.5702954959163881,0.557908408373865,0.5915049966189662,0.7641848051635064,0.7410314671055684,0.4630137676642295,0.6355482690903469,0.7149737566043105,0.0,0.6097221501213836,0.2542138836727665,0.3675543824726205,0.0239953166289976,0.0,0.0,0.0,0.2397272906378974,0.2613131551109416,0.5048750412274563,0.4748699266488632,0.0,0.0,0.0,0.0,0.9451410852154633,0.6961253689272684,0.0,0.0,0.0,0.0,0.0,0.0,0.0,0.1557390847562146,0.0,0.0,0.0,0.0,0.0,0.7203533721923208,0.0,0.7278997134171882,0.0,0.0,0.7953232734389034,0.6471458600508863,0.0,0.7173114955381404,0.8096782599031046,0.7811263894178504,0.0,0.0,0.0,0.0,0.7426739991452798
0.5535077208942808,0.0,0.0,0.0,0.5683504478745448,0.796365004671867,0.5110442963541025,0.6287983291775331,0.5532524189447545,0.0,0.0,0.0,0.7819252948503943,0.0,0.6497232416106083,0.7597768417521705,0.8653078728953855,0.8531486391216053,0.0,0.7548610375376185,0.6783760303043136,0.889739940081637,0.7841931390829994,0.0,0.9076851592464934,0.9447309740011832,0.7687264716653678,0.7287446487077541,0.8259899942667586,0.0,0.6625881376829222,0.0855813695882162,0.2231256370432406,0.25734462411475,0.0,0.0,0.0,0.0,0.1810728311593187,0.2692856723509524,0.1001261968644222,0.4068873994885834,0.0,0.0,0.0,0.528829105296528,0.7629287731118002,0.0,0.0,0.0,0.5501916497056806,0.0,0.0,0.0,0.0,0.0,0.0,0.0,0.0,0.7250808547378181,0.368692164957839,0.0,0.1434474971434369,0.0,0.7330808236557055,0.646734372317805,0.7906423702026334,0.7716200875219185,0.0,0.4761755112112144,0.8465756313207707,0.8404389186877511,0.0,0.6030248269706493,0.0,0.4237897935682686
0.0,0.0,0.0,0.3826332804656582,0.6146328333721353,0.8029431486723554,0.2086035386674086,0.7524263892537687,0.880790417604907,0.4113450970434372,0.8297048952258799,0.7168161264147109,0.7725993784339071,0.3134174074854334,0.0,0.0,0.0,0.0,0.8972667758189942,0.0,0.0,0.0,0.8173582743265134,0.0,0.0,0.0,0.8346677588969641,0.7670758321881486,0.0,0.0,0.6734912007277324,0.0,0.0,0.2477228797345102,0.0,0.7602935087930559,0.1883048741361513,0.0,0.0,0.0,0.0,0.0,0.2485900079298656,0.0,0.0,0.0,0.0,0.9621349914510536,0.0,0.641544084808457,0.5246438042349234,0.2624108904471142,0.5708308582621746,0.9057959501570466,0.0,0.8330594587831174,0.0,0.5599638513385029,0.384065178962114,0.0,0.0,0.0,0.0,0.8567713511345244,0.0,0.0,0.0,0.6948659222203405,0.0,0.0,0.0,0.745969073742604,0.6662472459672689,0.0,0.0,0.0
0.0,0.0,0.3826332804656582,0.0,0.4218522360932351,0.4506589354043538,0.2861982627198158,0.2666019059380465,0.2610257950445218,0.3945562660753433,0.0882043360219007,0.6040069713691647,0.4901981023147834,0.0,0.0,0.0,0.0,0.0,0.2937358954913718,0.443332444378998,0.0,0.0,0.3754929069695289,0.0,0.0,0.0,0.3903471150416094,0.7101033794829195,0.5329711312860651,0.0,0.5097373913744074,0.0,0.0,0.0223500648730049,0.0,0.5132596461616218,0.1786219710836495,0.2648787245959881,0.0,0.0,0.0,0.0,0.0,0.0,0.0,0.0,0.0,0.0,0.0,0.0,0.0,0.0,0.0,0.0,0.0,0.0,0.0,0.0,0.0,0.0,0.0,0.0,0.0,0.0,0.0,0.0,0.0,0.0,0.0,0.0,0.0,0.0,0.0,0.0,0.0,0.0
0.0,0.5683504478745448,0.6146328333721353,0.4218522360932351,0.0,0.5703718818141519,0.8097988809579755,0.6700853468753054,0.7781152612532017,0.7733239405156158,0.7108293479013379,0.715398813248411,0.7611298670684153,0.3451053980943784,0.0,0.4757148638070543,0.0,0.0,0.6916298360254725,0.7531361866001142,0.0,0.7434605559034975,0.6262774333024138,0.0,0.5046500098713373,0.5237633258704704,0.768151677896761,0.6880900353512832,0.6370114415795255,0.0,0.6926018898990935,0.0,0.2007321563852981,0.567262383059587,0.0,0.5708114252247525,0.2987094791947487,0.5791376890357599,0.0314071606173918,0.0,0.0,0.0,0.1981759876263833,0.0,0.0,0.0,0.0,0.6760533859296793,0.0,0.8187915739043204,0.2071820084392084,0.0,0.711256279816239,0.7861233817956663,0.0,0.7348133458457089,0.0,0.0,0.0,0.0,0.0,0.0,0.0,0.6178446645762904,0.0,0.0,0.0,0.6695604784527694,0.0,0.0,0.0,0.6555195003044461,0.0,0.0,0.0,0.0
0.6570705341701503,0.796365004671867,0.8029431486723554,0.4506589354043538,0.5703718818141519,0.0,0.327168571601283,0.7577852240918528,0.7741853734779621,0.4532185711463275,0.5609311108084489,0.7250615569300146,0.897502517830913,0.14903384713808,0.7916275834565097,0.817036794408492,0.7204835195719512,0.8434585040969395,0.6788463706588705,0.8398631307787479,0.8430058649356339,0.8379019232291646,0.8758123617849602,0.0,0.806484124385841,0.8705597386206698,0.8129614276026841,0.7899435787150921,0.8741855881671964,0.6986544837304126,0.7109445643085017,0.0346944753571526,0.1895269453671483,0.2450904498928005,0.0,0.7479003161728058,0.0966377844825865,0.4257933414649132,0.0517187740018643,0.0,0.0390634659858883,0.2212641435240489,0.4421090392842303,0.0,0.0,0.0,0.7946927679615822,0.7044124841973969,0.0,0.5301759378882945,0.7661644333225796,0.2562907656337531,0.5697767699126881,0.7968168151457448,0.0,0.5618800891702231,0.0,0.7928208460048257,0.0,0.7888044416884699,0.0,0.0,0.0,0.6687733417038008,0.7911041487202158,0.6857703696238762,0.8107941426062992,0.7690619059937679,0.0,0.0,0.7947102772811485,0.7261444325656159,0.7290252404584637,0.5987394279096988,0.6071340540673605,0.3407754370701739
0.0,0.5110442963541025,0.2086035386674086,0.2861982627198158,0.8097988809579755,0.327168571601283,0.0,0.4773293537295492,0.4338263735875711,0.8776590471826651,0.4291456967460308,0.5705222545645132,0.5820945559296719,0.0936226912929654,0.0,0.2472503184644727,0.7395609532594999,0.3714181219622907,0.4444985073353018,0.460309633018214,0.0,0.5364779691486163,0.380897530461858,0.5854491224567638,0.4476078418024097,0.3666954548850079,0.5589899582282577,0.4501630644201175,0.4981829631986402,0.0,0.5085926735361909,0.0131320318941015,0.2271192310541175,0.5209285690610608,0.0634356467327988,0.2513728452740549,0.2036757338434155,0.5828845739834675,0.1364112012495202,0.0,0.0,0.0,0.0339597786697579,0.0,0.0,0.0,0.0,0.3925649682806029,0.0,0.0,0.0138153808964647,0.0,0.5992347000060912,0.407602165567234,0.0,0.4395030358228429,0.0,0.0,0.0,0.0,0.0,0.0,0.0,0.357777087639007,0.0,0.0,0.0,0.5039464827309236,0.0,0.0,0.0,0.4694081257841149,0.0,0.0,0.0,0.0
0.3102374277100747,0.6287983291775331,0.7524263892537687,0.2666019059380465,0.6700853468753054,0.7577852240918528,0.4773293537295492,0.0,0.7024161083260266,0.6241676025821026,0.7683320289248939,0.7681395557915267,0.8112617483286751,0.3842035770685355,0.7640150051147654,0.476358343180055,0.0,0.5701342447496199,0.8213231999851891,0.7879272423386318,0.6344705252784787,0.7239835306639939,0.8616395721575908,0.7069883567912442,0.5501832110281972,0.6602961999832132,0.7179989759449554,0.6053586349728735,0.6141666104166008,0.5632331217456517,0.6462500047564442,0.0,0.0446913746983935,0.3691748796611211,0.0022947968241649,0.653090348832707,0.1784904772343946,0.0,0.0,0.0,0.0,0.0,0.2477888847800391,0.0,0.0,0.0,0.0,0.7971953383947443,0.0,0.6664409487375447,0.3969437352251954,0.4613186348674079,0.8557844292033334,0.7317862681612337,0.0,0.784981123935689,0.0,0.4742012625137,0.2677409023420645,0.781596042107573,0.0,0.0,0.0,0.722898884806802,0.7302737323285211,0.5597258780465157,0.0,0.8069685424670354,0.0,0.0,0.0,0.6232341876043939,0.4268043605682243,0.2837823690533507,0.0,0.0
0.0,0.5532524189447545,0.880790417604907,0.2610257950445218,0.7781152612532017,0.7741853734779621,0.4338263735875711,0.7024161083260266,0.0,0.4936164331806479,0.8498633684099238,0.688211501815317,0.7669368538642899,0.3256162471038786,0.0,0.5720799798436337,0.0,0.5519405822343727,0.8043394177460911,0.8662799014436409,0.0,0.7891716263999061,0.7389108144752755,0.58038266314794,0.4988400208682975,0.5960966357993396,0.8605798170167217,0.7071073053813444,0.6552276666939458,0.7171466494548585,0.6721054367876013,0.0,0.0978805155442294,0.4173939933122484,0.0,0.6924676216689918,0.212354834150531,0.4881191813700573,0.0,0.0,0.0,0.0,0.1791738459784803,0.0,0.0,0.0,0.0,0.8655505767529282,0.0,0.7485827653384556,0.340496732446898,0.4483736174633949,0.6133380016510805,0.9669905330167908,0.0,0.8047217339943059,0.0,0.4697557443902382,0.3520141482012653,0.0,0.0,0.0,0.0,0.7168687790763763,0.0,0.0,0.0,0.6532842573526416,0.0,0.0,0.0,0.6997671673168937,0.5675604140540634,0.0,0.0,0.0
0.1486392532031506,0.0,0.4113450970434372,0.3945562660753433,0.7733239405156158,0.4532185711463275,0.8776590471826651,0.6241676025821026,0.4936164331806479,0.0,0.4774659728246216,0.7848412993759052,0.689694878346992,0.0,0.0,0.4395399969074452,0.933925685915214,0.5762251778064683,0.5985066343655258,0.6478067945472602,0.0,0.7248187200876097,0.5992686240668645,0.7350695110097833,0.6436884879601948,0.5945622318568512,0.6837220204722666,0.6078369414201263,0.6313865547418767,0.0,0.6761956302165145,0.0,0.1723580277733086,0.4796612264124489,0.0,0.3479543726829097,0.1908216375761465,0.6897201778315026,0.0786841334121342,0.0728527771222214,0.0,0.3246830722873693,0.0,0.0,0.2359343357928254,0.1601232734380357,0.0,0.0,0.0,0.0,0.0,0.0,0.0,0.0,0.930125987702604,0.0,0.9393564550571528,0.4038262007656173,0.0,0.0,0.0,0.3975609020356307,0.0,0.0,0.0,0.0,0.0,0.0,0.5358794333935584,0.1007471005510962,0.5408591236706414,0.0,0.2476844119212928,0.0,0.0,0.0369832037233018
0.0,0.0,0.8297048952258799,0.0882043360219007,0.7108293479013379,0.5609311108084489,0.4291456967460308,0.7683320289248939,0.8498633684099238,0.4774659728246216,0.0,0.6567083281206535,0.6751104990166142,0.4690005565140003,0.0,0.0,0.5667692751141857,0.0,0.8855027657955553,0.0,0.0,0.0,0.6407912299500221,0.5079894078378617,0.0,0.4433005871278415,0.7382036468756996,0.5596872062320586,0.0,0.0,0.5761501856426055,0.0,0.0,0.4229930149130944,0.026083562439057,0.5604748743526731,0.1821289484230448,0.4348150690951174,0.0,0.0,0.0,0.0,0.0234264809877447,0.0,0.0,0.0,0.0,0.876118953924718,0.0,0.6688482220410029,0.0847149897214593,0.3976322379475537,0.6467424108602984,0.7790430590848249,0.0,0.949498986428079,0.0,0.1919282152365156,0.2550281890160346,0.0,0.0,0.0,0.0,0.7438398234800685,0.0,0.0,0.0,0.5583946336217206,0.0,0.0,0.0,0.564892585058485,0.3151455711509964,0.0,0.0,0.0
0.3611100727012195,0.0,0.7168161264147109,0.6040069713691647,0.715398813248411,0.7250615569300146,0.5705222545645132,0.7681395557915267,0.688211501815317,0.7848412993759052,0.6567083281206535,0.0,0.8939289635834603,0.0,0.0,0.0,0.8688134054967707,0.6846773436486574,0.720233919648519,0.0,0.5847012951845484,0.0,0.753474603104693,0.8268194014643471,0.6876016270045265,0.7272312543054834,0.6970420382647714,0.8260983243333396,0.0,0.0,0.7068951291793076,0.0,0.0,0.3228367638034844,0.0,0.7260325103889027,0.1887951207574658,0.5424251403953394,0.0,0.0,0.0,0.0985681842617123,0.2394040867970356,0.0,0.1645435227200075,0.0,0.0,0.0,0.0,0.0,0.0,0.0,0.0,0.0,0.6557405861354706,0.0,0.8653351144095814,0.6242878082918659,0.0,0.0,0.0,0.3603641592830706,0.0297442262093223,0.0,0.0,0.0,0.0,0.0,0.659559136925791,0.2290878847654899,0.5915058717544673,0.0,0.5005448640479243,0.0,0.0,0.0
0.4589095201253141,0.7819252948503943,0.7725993784339071,0.4901981023147834,0.7611298670684153,0.897502517830913,0.5820945559296719,0.8112617483286751,0.7669368538642899,0.689694878346992,0.6751104990166142,0.8939289635834603,0.0,0.2202544307567291,0.7822876536042564,0.7214555445770735,0.852542309184836,0.7888447596833337,0.7465553370498994,0.8615307555517093,0.6825183571510424,0.8522052017314441,0.8208229480731962,0.7994616297058804,0.7478942861201535,0.8155727876568051,0.8011255527559245,0.8814094052936059,0.7948264120289982,0.6733614536351198,0.7752851079381793,0.0,0.1045340665203556,0.3712614003273632,0.0,0.7657812427132041,0.1808357129276546,0.5211414045522987,0.0,0.0801914618313012,0.0,0.1493107749747851,0.290308340449515,0.0,0.2618498532661212,0.0,0.0,0.7459451585685988,0.0,0.0,0.5570377049480436,0.4735970980401059,0.6513210596806859,0.0,0.0,0.6832425587649702,0.7616703330909197,0.0,0.0,0.8068240950240106,0.0,0.0,0.0,0.0,0.8187622792214257,0.0,0.7495207600386042,0.7551641772611295,0.0,0.3586678052674964,0.7096310322936492,0.7361171792269261,0.0,0.5049782119494174,0.0,0.0
0.0,0.0,0.3134174074854334,0.0,0.3451053980943784,0.14903384713808,0.0936226912929654,0.3842035770685355,0.3256162471038786,0.0,0.4690005565140003,0.0,0.2202544307567291,0.0,0.0,0.0,0.0,0.0,0.3976465578444546,0.0,0.0999204410422423,0.0,0.2122275300056018,0.0,0.0,0.0,0.1776081678584483,0.0605886672337664,0.0,0.0,0.1359739686781677,0.0,0.0,0.2458591485929518,0.0,0.3321218932156327,0.0954463189734107,0.0,0.0,0.0,0.0,0.0,0.0136989512807663,0.0,0.0,0.0,0.0,0.3583909625816734,0.0,0.0,0.0,0.0,0.0,0.2948168517174728,0.0,0.4908929598305457,0.0,0.0,0.0,0.0,0.0,0.0,0.0,0.0,0.0,0.0,0.0,0.1807005033972606,0.0,0.0,0.0,0.1102457169116074,0.0,0.0,0.0,0.0
0.5197585241078554,0.6497232416106083,0.0,0.0,0.0,0.7916275834565097,0.0,0.7640150051147654,0.0,0.0,0.0,0.0,0.7822876536042564,0.0,0.0,0.6828702347508406,0.0,0.6789231495411263,0.0,0.9856944424461755,0.6742657332827476,0.9109473823145768,0.8338092037382022,0.7085916524050805,0.6575352231028665,0.7214029099803293,0.885227167614689,0.833834237278058,0.7639528090946814,0.0,0.7598986383747328,0.0,0.0,0.3003373323660822,0.0,0.7056862754399664,0.0,0.0,0.0,0.0,0.0,0.1321831532420007,0.2598172810430783,0.0,0.0,0.0,0.6368115649424031,0.0,0.0,0.0,0.5108752095401415,0.0,0.6087490016179476,0.0,0.0,0.0,0.0,0.5595978766568648,0.0,0.990548169371164,0.1590396218671484,0.0,0.0,0.0,0.9475450331834014,0.6011641502685645,0.8539351922076226,0.738560878236613,0.0,0.2403017538228785,0.5620133160712635,0.7896346696705545,0.6001449341262214,0.5198125085761566,0.0,0.1416255992066174
0.8076015565924486,0.7597768417521705,0.0,0.0,0.4757148638070543,0.817036794408492,0.2472503184644727,0.476358343180055,0.5720799798436337,0.4395399969074452,0.0,0.0,0.7214555445770735,0.0,0.6828702347508406,0.0,0.6669814712393913,0.9534212364300522,0.0,0.7429482397211428,0.7865566292380929,0.8042865914027402,0.6947012992215166,0.7452839906173355,0.886464709872986,0.8622687493933399,0.6880928637461492,0.8269124345065818,0.8639293030003117,0.6215311954242491,0.8076304614543535,0.1300119188875415,0.3155497479482068,0.1714488507270318,0.0,0.0,0.0,0.0,0.1455906355713565,0.3662994085568298,0.246463316679088,0.3928999939003779,0.0,0.0,0.0,0.7490621982337778,0.8006546399262807,0.0,0.0,0.0,0.0,0.0,0.0,0.0,0.0,0.0,0.0,0.0,0.0,0.6937520299107018,0.6494660333989773,0.0,0.5810383694146001,0.0,0.6968686881780582,0.7057551901606115,0.7957661896302156,0.6290246176881101,0.0,0.7147787422057744,0.8203295739640147,0.6616340148805085,0.0,0.761446938628692,0.0,0.6330007088173615
0.4128857933249977,0.8653078728953855,0.0,0.0,0.0,0.7204835195719512,0.7395609532594999,0.0,0.0,0.933925685915214,0.5667692751141857,0.8688134054967707,0.852542309184836,0.0,0.0,0.6669814712393913,0.0,0.8100737391762223,0.0,0.7785801681153042,0.0,0.8623373114370778,0.0,0.8531695353088002,0.8379390850241416,0.831872622718362,0.0,0.7913598051920496,0.7883698262474556,0.0,0.7805554747409086,0.0,0.1949441440723202,0.4098908077694864,0.0,0.0,0.0,0.6221405489876435,0.0,0.1175002840482208,0.0,0.0,0.0,0.0,0.0,0.0,0.0,0.0,0.0,0.0,0.0,0.0,0.0,0.0,0.8274303004892984,0.0,0.8743335225697815,0.0,0.0,0.0,0.0,0.5531601734707707,0.0,0.0,0.0,0.0,0.0,0.0,0.7112241384359348,0.346310194907498,0.738754254229773,0.0,0.0,0.0,0.0,0.0
0.7579691350893307,0.8531486391216053,0.0,0.0,0.0,0.8434585040969395,0.3714181219622907,0.5701342447496199,0.5519405822343727,0.5762251778064683,0.0,0.6846773436486574,0.7888447596833337,0.0,0.6789231495411263,0.9534212364300522,0.8100737391762223,0.0,0.0,0.7343769492534968,0.8149584563830105,0.8065630747676995,0.7315971624044693,0.7818757913645523,0.9649298803187624,0.9076413879822351,0.7055462525239593,0.8232201525504375,0.8698294578726655,0.5537952814023837,0.7748553108057006,0.1126624531756292,0.2914949401810819,0.1648568034183777,0.0,0.0,0.0,0.0,0.1574007971956344,0.3435596549694422,0.2175279407476877,0.3547016733076325,0.0,0.0,0.0,0.6942888188986548,0.858566635144204,0.0,0.0,0.0,0.0,0.0,0.0,0.0,0.4708016623510341,0.0,0.459670197896246,0.0,0.0,0.0,0.590556445108374,0.7342472208830559,0.5035761680329592,0.0,0.0,0.0,0.745714008424097,0.0,0.7851761165915884,0.7071642081045516,0.8652582012454378,0.0,0.0,0.0,0.0,0.5740864586910588
0.0,0.0,0.8972667758189942,0.2937358954913718,0.6916298360254725,0.6788463706588705,0.4444985073353018,0.8213231999851891,0.8043394177460911,0.5985066343655258,0.8855027657955553,0.720233919648519,0.7465553370498994,0.3976465578444546,0.0,0.0,0.0,0.0,0.0,0.0,0.0,0.0,0.7545294718258916,0.0,0.0,0.0,0.7757646238658632,0.6823019489898658,0.0,0.0,0.6860564019003706,0.0,0.0,0.3724763820307468,0.009722887172628,0.6574187957443858,0.2253890664734395,0.5606885902219183,0.0,0.0,0.0,0.0,0.1693376409877529,0.0,0.0,0.0,0.0,0.9334368357115072,0.0,0.6761910496504074,0.2880812025673849,0.4460434179524403,0.7470471268976236,0.7959295038879304,0.0,0.890076390444134,0.0,0.3875136139708173,0.2609282152450293,0.0,0.0,0.0,0.0,0.9491760880740376,0.0,0.0,0.0,0.7218403742363292,0.0,0.0,0.0,0.6472267073167538,0.0,0.0,0.0,0.0
0.5095210771916834,0.7548610375376185,0.0,0.443332444378998,0.7531361866001142,0.8398631307787479,0.460309633018214,0.7879272423386318,0.8662799014436409,0.6478067945472602,0.0,0.0,0.8615307555517093,0.0,0.9856944424461755,0.7429482397211428,0.7785801681153042,0.7343769492534968,0.0,0.0,0.6642536807020373,1.0,0.8639521112511601,0.0,0.7161941917643997,0.7849494266767179,0.9335434809637332,0.8846893440491862,0.8312729297799488,0.7770069976448272,0.8261203722611121,0.0,0.0509641317488382,0.3665610322220437,0.0,0.7469121739991034,0.2239145421649123,0.0,0.0,0.0270261045329766,0.0,0.2104805885551299,0.2645429208585505,0.0,0.0,0.0,0.6930412646966599,0.0,0.0,0.0,0.4631427868712234,0.0,0.6677945345257992,0.0,0.0,0.0,0.0,0.578240574286587,0.0,0.9651670903854292,0.2082085682840736,0.0,0.0,0.0,0.9805008817527892,0.61276727689902,0.8960717266050231,0.799867436972721,0.0,0.2926937453221706,0.6492288511525267,0.8425121370270762,0.6495413699793418,0.5304336514329181,0.6047506638602703,0.2067010071562984
0.8466492881479885,0.6783760303043136,0.0,0.0,0.0,0.8430058649356339,0.0,0.6344705252784787,0.0,0.0,0.0,0.5847012951845484,0.6825183571510424,0.0999204410422423,0.6742657332827476,0.7865566292380929,0.0,0.8149584563830105,0.0,0.6642536807020373,0.0,0.704440670059658,0.7845447220543572,0.7174259624430016,0.8422374938474297,0.8187592383741422,0.6740578542756691,0.6931816389004948,0.8360579476323446,0.0,0.7350127292220806,0.1820488784011986,0.34066173319078,0.2071584807765646,0.0,0.0,0.0,0.0,0.1830394258136144,0.3696481543559041,0.2246886560908405,0.3245848121806764,0.0,0.0,0.0,0.8117408054546763,0.8764177966611542,0.0,0.0,0.0,0.7502994734414367,0.0,0.5359236807641172,0.0,0.0,0.0,0.0,0.8218450282799752,0.0,0.6654337545842299,0.6155091729451865,0.0,0.0,0.0,0.614218344131941,0.8957756252761693,0.7425757872405332,0.7314127554510268,0.0,0.7991067105875603,0.8625989934991194,0.6229146266388038,0.7481699240754875,0.7462634586508842,0.0,0.5436971148290127
0.5702954959163881,0.889739940081637,0.0,0.0,0.7434605559034975,0.8379019232291646,0.5364779691486163,0.7239835306639939,0.7891716263999061,0.7248187200876097,0.0,0.0,0.8522052017314441,0.0,0.9109473823145768,0.8042865914027402,0.8623373114370778,0.8065630747676995,0.0,1.0,0.704440670059658,0.0,0.8572767135827493,0.0,0.8383368997175504,0.8625882830653511,0.9713941210295658,0.8808347165509199,0.8909848719595626,0.7086538080476433,0.8487276506891205,0.0,0.1486513855732003,0.3663197621263045,0.0,0.6660373200484999,0.1914766348280442,0.0,0.0696326247151589,0.1440951281618961,0.0,0.3372148974816044,0.3203909836192201,0.0,0.0,0.491327929883024,0.7681719960157344,0.0,0.0,0.0,0.5125471454073576,0.0,0.0,0.0,0.0,0.0,0.0,0.0,0.0,0.913557088566381,0.3143619814880176,0.0,0.1289110114234913,0.0,0.9464461272976388,0.6768838099798615,0.9178587036538242,0.8204521739187578,0.0,0.3885687439816193,0.7500820686446562,0.9255499945425232,0.6700310611649368,0.6282223760478797,0.0,0.3303448613425498
0.557908408373865,0.7841931390829994,0.8173582743265134,0.3754929069695289,0.6262774333024138,0.8758123617849602,0.380897530461858,0.8616395721575908,0.7389108144752755,0.5992686240668645,0.6407912299500221,0.753474603104693,0.8208229480731962,0.2122275300056018,0.8338092037382022,0.6947012992215166,0.0,0.7315971624044693,0.7545294718258916,0.8639521112511601,0.7845447220543572,0.8572767135827493,0.0,0.7634310344275115,0.7496562427242514,0.8369647616137939,0.8388369672784594,0.7158393141251513,0.8011003573018161,0.6313504023244322,0.6862922130959223,0.0,0.1526448142857147,0.3018954233604828,0.0,0.6923653982843966,0.102124174009392,0.4865138529874849,0.0096282728265551,0.1814871367149095,0.0,0.1595364514458747,0.347685926455135,0.3424432919970198,0.0,0.0,0.7757821993509744,0.7650913643055786,0.0,0.6770744406344452,0.6352214521331241,0.3859154028556198,0.7611703548419689,0.7851826310456337,0.0,0.6645302066009341,0.0,0.6929814651995397,0.3788419994916613,0.8706919408330401,0.0,0.0,0.0,0.7126015671028667,0.8196016363953537,0.7143247480082922,0.8290001270499188,0.9432747700829308,0.0,0.4071011937157009,0.7568093659181253,0.7686447427088271,0.5997602351331272,0.5469032419068816,0.5984138838891249,0.2264299308186092
0.5915049966189662,0.0,0.0,0.0,0.0,0.0,0.5854491224567638,0.7069883567912442,0.58038266314794,0.7350695110097833,0.5079894078378617,0.8268194014643471,0.7994616297058804,0.0,0.7085916524050805,0.7452839906173355,0.8531695353088002,0.7818757913645523,0.0,0.0,0.7174259624430016,0.0,0.7634310344275115,0.0,0.7969602970913903,0.8205988757232335,0.6568401511172757,0.8009016344029288,0.0,0.0,0.7949712065811466,0.0,0.261324141774628,0.3552579417017296,0.0,0.6894961540856055,0.1137519715540828,0.5863347266375305,0.0131502215241261,0.2356808054914126,0.0,0.0,0.0,0.0,0.4388558497194604,0.5495601243944171,0.0,0.0,0.0,0.0,0.0,0.0,0.0,0.0,0.6598774573324223,0.0,0.7166756644533406,0.0,0.0,0.0,0.2785986129816291,0.5724533652984949,0.1949544269189758,0.0,0.0,0.0,0.0,0.0,0.8165641422802444,0.4596757256859026,0.773928534528513,0.0,0.5919209795171434,0.0,0.0,0.306229569177138
0.7641848051635064,0.9076851592464934,0.0,0.0,0.5046500098713373,0.806484124385841,0.4476078418024097,0.5501832110281972,0.4988400208682975,0.6436884879601948,0.0,0.6876016270045265,0.7478942861201535,0.0,0.6575352231028665,0.886464709872986,0.8379390850241416,0.9649298803187624,0.0,0.7161941917643997,0.8422374938474297,0.8383368997175504,0.7496562427242514,0.7969602970913903,0.0,0.9397634705042928,0.7219055884333491,0.765000643367944,0.8872378586552966,0.0,0.7324537022487154,0.1542276160868176,0.2985093535231652,0.1653672298178818,0.0,0.0,0.0,0.4833686666082186,0.2235399320766429,0.3676467314170921,0.2420107134809333,0.468398172356081,0.0,0.0,0.0,0.690544724205086,0.904262545258914,0.0,0.0,0.0,0.0,0.0,0.0,0.0,0.54308986930788,0.0,0.5056534088004917,0.8255891943911754,0.0,0.7080956649114736,0.5541106128385087,0.7332110685678064,0.4265847721175352,0.0,0.6509176168197014,0.7881546518848154,0.7573363896517435,0.7270304035545421,0.7668463970293571,0.6960923766134716,0.9080203356276232,0.0,0.0,0.75020336708238,0.0,0.5735989152301425
0.7410314671055684,0.9447309740011832,0.0,0.0,0.5237633258704704,0.8705597386206698,0.3666954548850079,0.6602961999832132,0.5960966357993396,0.5945622318568512,0.4433005871278415,0.7272312543054834,0.8155727876568051,0.0,0.7214029099803293,0.8622687493933399,0.831872622718362,0.9076413879822351,0.0,0.7849494266767179,0.8187592383741422,0.8625882830653511,0.8369647616137939,0.8205988757232335,0.9397634705042928,0.0,0.7485896780773035,0.7725047741501513,0.8304821685653387,0.0,0.7166230848690278,0.1041448906738588,0.2752856971919393,0.2044865301439508,0.0,0.621054523667655,0.0,0.4940290040283627,0.1468511049058792,0.3347149718152417,0.1662700213136336,0.3931330494767863,0.0,0.0,0.4529405077313059,0.6749221016184487,0.838946156620192,0.0,0.0,0.0,0.680752025687581,0.0,0.0,0.0,0.5390229491249706,0.0,0.5407825796241699,0.8010713936301976,0.0,0.786058045725233,0.4794071151788405,0.7204599543851051,0.3990698809425681,0.0,0.746189703404703,0.7123259894820806,0.8169519610304843,0.7660192992687447,0.7712552847786499,0.6450030758512313,0.9465147848642188,0.7661637280856123,0.723865756700486,0.6386578342152737,0.0,0.501218268278694
0.4630137676642295,0.7687264716653678,0.8346677588969641,0.3903471150416094,0.768151677896761,0.8129614276026841,0.5589899582282577,0.7179989759449554,0.8605798170167217,0.6837220204722666,0.7382036468756996,0.6970420382647714,0.8011255527559245,0.1776081678584483,0.885227167614689,0.6880928637461492,0.0,0.7055462525239593,0.7757646238658632,0.9335434809637332,0.6740578542756691,0.9713941210295658,0.8388369672784594,0.6568401511172757,0.7219055884333491,0.7485896780773035,0.0,0.7655114933653726,0.8508323424646839,0.6470979330266482,0.7605017498954225,0.0,0.1262456701096889,0.4506634778964357,0.0,0.6069422410450604,0.1910406440370408,0.5525884637530397,0.0661005506546275,0.1391291401283667,0.0,0.2179532271066631,0.2284778424579097,0.4061319018721477,0.0,0.0,0.7384691935727824,0.8348778207616839,0.0,0.7985748863035964,0.4240210001205243,0.5708685873728856,0.7036203305221386,0.8597734001097985,0.0,0.7607561849988622,0.0,0.5609301313425388,0.2843196916597567,0.8783879611923646,0.0,0.0,0.0,0.7544414810328663,0.924723260241088,0.6463153366355685,0.8861099348015764,0.8064657233618739,0.0,0.0,0.6665706199049729,0.9431266354077054,0.5880062270335441,0.5824876017936002,0.5637362210957593,0.2267462021587843
0.6355482690903469,0.7287446487077541,0.7670758321881486,0.7101033794829195,0.6880900353512832,0.7899435787150921,0.4501630644201175,0.6053586349728735,0.7071073053813444,0.6078369414201263,0.5596872062320586,0.8260983243333396,0.8814094052936059,0.0605886672337664,0.833834237278058,0.8269124345065818,0.7913598051920496,0.8232201525504375,0.6823019489898658,0.8846893440491862,0.6931816389004948,0.8808347165509199,0.7158393141251513,0.8009016344029288,0.765000643367944,0.7725047741501513,0.7655114933653726,0.0,0.8179564751556319,0.7595923953617324,0.8353046340720082,0.0,0.0898579337407439,0.2620775770925995,0.0,0.7892724410041794,0.2260659560434231,0.4719030122512689,0.0,0.1061489357281769,0.0,0.2530197275603875,0.410146881274338,0.0,0.3361689545797843,0.0,0.0,0.7227627871571971,0.0,0.0,0.6011814408671904,0.0,0.488754442848832,0.8257884866233771,0.4793362043460494,0.0,0.6295187969737452,0.7878809974422941,0.0,0.8349850731111256,0.0,0.0,0.0,0.0,0.82161448440461,0.6530377783295405,0.8113607887252603,0.7138740543156863,0.0,0.4288235188106876,0.704807409848513,0.7418208219280173,0.826665170103025,0.6446389192566684,0.0,0.3602178767190579
0.7149737566043105,0.8259899942667586,0.0,0.5329711312860651,0.6370114415795255,0.8741855881671964,0.4981829631986402,0.6141666104166008,0.6552276666939458,0.6313865547418767,0.0,0.0,0.7948264120289982,0.0,0.7639528090946814,0.8639293030003117,0.7883698262474556,0.8698294578726655,0.0,0.8312729297799488,0.8360579476323446,0.8909848719595626,0.8011003573018161,0.0,0.8872378586552966,0.8304821685653387,0.8508323424646839,0.8179564751556319,0.0,0.6314586352668624,0.8733324100148538,0.0909782201475547,0.2837703338460625,0.3600679313887921,0.0,0.7097069914613784,0.0490871470066325,0.0,0.1597518926942887,0.2933524473170742,0.1162820130609881,0.383527153585371,0.4446260284742397,0.0,0.0,0.0,0.8495994405935083,0.6150443399021068,0.0,0.0,0.6349352425532976,0.363381497196859,0.5483172834274898,0.6983479309893632,0.0,0.0,0.0,0.7083467362979798,0.0,0.7375449783289884,0.0,0.0,0.0,0.0,0.7228767643319665,0.8074649900404058,0.7933056859506841,0.7677613622312489,0.0,0.0,0.8110854077452299,0.7694883736196898,0.6930762672543846,0.7473309580786043,0.5680201270052964,0.4632213002577717
0.0,0.0,0.0,0.0,0.0,0.6986544837304126,0.0,0.5632331217456517,0.7171466494548585,0.0,0.0,0.0,0.6733614536351198,0.0,0.0,0.6215311954242491,0.0,0.5537952814023837,0.0,0.7770069976448272,0.0,0.7086538080476433,0.6313504023244322,0.0,0.0,0.0,0.6470979330266482,0.7595923953617324,0.6314586352668624,0.0,0.6982970103530347,0.0,0.0,0.1329042453248826,0.0,0.0,0.0,0.0,0.0,0.0,0.0,0.0,0.0,0.0,0.0,0.0,0.0,0.0,0.0,0.0,0.0,0.0,0.0,0.0,0.0,0.0,0.0,0.0,0.0,0.0,0.0,0.0,0.0,0.0,0.8083703564042302,0.0,0.0,0.4950546010677213,0.0,0.0,0.0,0.5627567367251505,0.0,0.4294988262604894,0.0,0.0
0.6097221501213836,0.6625881376829222,0.6734912007277324,0.5097373913744074,0.6926018898990935,0.7109445643085017,0.5085926735361909,0.6462500047564442,0.6721054367876013,0.6761956302165145,0.5761501856426055,0.7068951291793076,0.7752851079381793,0.1359739686781677,0.7598986383747328,0.8076304614543535,0.7805554747409086,0.7748553108057006,0.6860564019003706,0.8261203722611121,0.7350127292220806,0.8487276506891205,0.6862922130959223,0.7949712065811466,0.7324537022487154,0.7166230848690278,0.7605017498954225,0.8353046340720082,0.8733324100148538,0.6982970103530347,0.0,0.0084526816926659,0.2777414148995757,0.5123329076236711,0.0,0.693764458039595,0.157651764909613,0.5381206498222831,0.0630128381980425,0.1918572998521522,0.0,0.0,0.405412726773568,0.0,0.0,0.0,0.7020172903194094,0.0,0.0,0.0,0.4270803199052748,0.0,0.5902724058689724,0.0,0.6231133750670863,0.0,0.639782073133047,0.0,0.0,0.760808280433786,0.3734833889834727,0.504249899110933,0.2220590265381712,0.0,0.7529667723460882,0.7097841078873234,0.7895332118481094,0.685318439827867,0.7063693275973112,0.4405327993167817,0.6955081913473965,0.6785913479463943,0.6416140819480073,0.5676693456371008,0.0,0.3764098061346536
0.2542138836727665,0.0855813695882162,0.0,0.0,0.0,0.0346944753571526,0.0131320318941015,0.0,0.0,0.0,0.0,0.0,0.0,0.0,0.0,0.1300119188875415,0.0,0.1126624531756292,0.0,0.0,0.1820488784011986,0.0,0.0,0.0,0.1542276160868176,0.1041448906738588,0.0,0.0,0.0909782201475547,0.0,0.0084526816926659,0.0,0.669670222279449,0.1141297556156956,0.0,0.0,0.0,0.1452097570174298,0.923070172259863,0.7339717384846075,0.688720761361802,0.4484906332787215,0.2689867188009846,0.2976304828686862,0.4527154506133633,0.3927187703995928,0.2200237759369737,0.0,0.0,0.0089226100372639,0.0613501393400579,0.1376222817218421,0.0378284857690607,0.0,0.0530815632844789,0.0,0.0,0.0922500547386624,0.0,0.0,0.5491729855751268,0.4342850398429584,0.2565844987187782,0.0,0.0,0.2929341948746829,0.0404797668692175,0.0179970093546189,0.0935004127755081,0.4699222087525641,0.2974857539674559,0.0,0.2041085257580003,0.149040405063288,0.0,0.5974983577456744
0.3675543824726205,0.2231256370432406,0.0,0.0,0.2007321563852981,0.1895269453671483,0.2271192310541175,0.0446913746983935,0.0978805155442294,0.1723580277733086,0.0,0.0,0.1045340665203556,0.0,0.0,0.3155497479482068,0.1949441440723202,0.2914949401810819,0.0,0.0509641317488382,0.34066173319078,0.1486513855732003,0.1526448142857147,0.261324141774628,0.2985093535231652,0.2752856971919393,0.1262456701096889,0.0898579337407439,0.2837703338460625,0.0,0.2777414148995757,0.669670222279449,0.0,0.3555304464684585,0.0,0.1760125687036726,0.0,0.3613763437168225,0.6253141803663836,0.8403943733885916,0.5719297134250954,0.3036166207416493,0.0,0.0,0.6319039047349876,0.4948850186505076,0.3964251103572668,0.0,0.0,0.0,0.0,0.0,0.0,0.0,0.3481804304929656,0.0,0.0167551662254952,0.0,0.0,0.0,0.4973083317235288,0.5792347343346352,0.3032352659719554,0.0,0.0,0.438185372295641,0.155648586851531,0.1923498889639237,0.33158368634869,0.5020337406376097,0.4588945598686867,0.0826114434421564,0.3073684872992987,0.0,0.0,0.5076648425902935
0.0239953166289976,0.25734462411475,0.2477228797345102,0.0223500648730049,0.567262383059587,0.2450904498928005,0.5209285690610608,0.3691748796611211,0.4173939933122484,0.4796612264124489,0.4229930149130944,0.3228367638034844,0.3712614003273632,0.2458591485929518,0.3003373323660822,0.1714488507270318,0.4098908077694864,0.1648568034183777,0.3724763820307468,0.3665610322220437,0.2071584807765646,0.3663197621263045,0.3018954233604828,0.3552579417017296,0.1653672298178818,0.2044865301439508,0.4506634778964357,0.2620775770925995,0.3600679313887921,0.1329042453248826,0.5123329076236711,0.1141297556156956,0.3555304464684585,0.0,0.165556764346884,0.2776782588090575,0.1101608796199288,0.3989885749861814,0.1199480868974083,0.1593523008717581,0.0,0.1852132408617292,0.0277311226966115,0.3077933053431849,0.1768241366520113,0.0569717864580948,0.2724104306081036,0.2962942348419263,0.0,0.0,0.0,0.5266005972103175,0.4761947015355929,0.3565316127971816,0.5511260741272045,0.0,0.5205150180980641,0.0976532798050164,0.0,0.2914046648287667,0.0,0.0783231464011018,0.0,0.0,0.3257615758157215,0.2779562062613268,0.2622823257083126,0.327807283006974,0.2553707439564297,0.0,0.2287819343723127,0.3080563520421859,0.0592369518910973,0.0694862425256254,0.0,0.0
0.0,0.0,0.0,0.0,0.0,0.0,0.0634356467327988,0.0022947968241649,0.0,0.0,0.026083562439057,0.0,0.0,0.0,0.0,0.0,0.0,0.0,0.009722887172628,0.0,0.0,0.0,0.0,0.0,0.0,0.0,0.0,0.0,0.0,0.0,0.0,0.0,0.0,0.165556764346884,0.0,0.0,0.2633153939612649,0.0,0.0,0.0,0.0,0.0,0.0,0.0,0.0,0.0,0.0,0.0,0.0,0.0,0.0,0.0,0.0,0.0,0.0,0.0,0.0575787904708322,0.0,0.0,0.0,0.0,0.0,0.0,0.0,0.0,0.0,0.0,0.0,0.0,0.0,0.0,0.0,0.0,0.0,0.0,0.0
0.0,0.0,0.7602935087930559,0.5132596461616218,0.5708114252247525,0.7479003161728058,0.2513728452740549,0.653090348832707,0.6924676216689918,0.3479543726829097,0.5604748743526731,0.7260325103889027,0.7657812427132041,0.3321218932156327,0.7056862754399664,0.0,0.0,0.0,0.6574187957443858,0.7469121739991034,0.0,0.6660373200484999,0.6923653982843966,0.6894961540856055,0.0,0.621054523667655,0.6069422410450604,0.7892724410041794,0.7097069914613784,0.0,0.693764458039595,0.0,0.1760125687036726,0.2776782588090575,0.0,0.0,0.2071486361969886,0.3759595388359852,0.0,0.1179508031448161,0.0,0.0673130183490213,0.4890735202444272,0.2424174571119686,0.322174061102048,0.0,0.0,0.5954215617951664,0.0,0.4821471223413548,0.545879446780068,0.1521654596444413,0.4351502227296084,0.7487734463845295,0.0,0.4877944608016322,0.4221551993749018,0.6677537944697878,0.0,0.0,0.0,0.0,0.0,0.6209569467450842,0.7596458171831308,0.0,0.6829343553680419,0.5910647630160989,0.0,0.0,0.0,0.5668578436141788,0.6925077013405826,0.4629216755070984,0.0,0.0
0.0,0.0,0.1883048741361513,0.1786219710836495,0.2987094791947487,0.0966377844825865,0.2036757338434155,0.1784904772343946,0.212354834150531,0.1908216375761465,0.1821289484230448,0.1887951207574658,0.1808357129276546,0.0954463189734107,0.0,0.0,0.0,0.0,0.2253890664734395,0.2239145421649123,0.0,0.1914766348280442,0.102124174009392,0.1137519715540828,0.0,0.0,0.1910406440370408,0.2260659560434231,0.0490871470066325,0.0,0.157651764909613,0.0,0.0,0.1101608796199288,0.2633153939612649,0.2071486361969886,0.0,0.13866776851588,0.0,0.0,0.0,0.0863329464156678,0.0568787332620284,0.0,0.0,0.0,0.0,0.0,0.0,0.0,0.0,0.0,0.0,0.0,0.0,0.0,0.0,0.0,0.0,0.0,0.0,0.0,0.0,0.0,0.0,0.0,0.0,0.131262383959546,0.0,0.0,0.0,0.0,0.0,0.0,0.0,0.0
0.2397272906378974,0.0,0.0,0.2648787245959881,0.5791376890357599,0.4257933414649132,0.5828845739834675,0.0,0.4881191813700573,0.6897201778315026,0.4348150690951174,0.5424251403953394,0.5211414045522987,0.0,0.0,0.0,0.6221405489876435,0.0,0.5606885902219183,0.0,0.0,0.0,0.4865138529874849,0.5863347266375305,0.4833686666082186,0.4940290040283627,0.5525884637530397,0.4719030122512689,0.0,0.0,0.5381206498222831,0.1452097570174298,0.3613763437168225,0.3989885749861814,0.0,0.3759595388359852,0.13866776851588,0.0,0.2361673846983851,0.2574213693091008,0.0046788982203625,0.3389170313650876,0.0,0.0,0.3929256384995557,0.0,0.0,0.0,0.0,0.0,0.0,0.0,0.0,0.0,0.6393590169763579,0.0,0.6090230768662804,0.0,0.0,0.0,0.0,0.0,0.0,0.0,0.0,0.0,0.0,0.0,0.5248615428101959,0.1804717406207412,0.4663342496325676,0.0,0.3010878927580232,0.0,0.0,0.0
0.2613131551109416,0.1810728311593187,0.0,0.0,0.0314071606173918,0.0517187740018643,0.1364112012495202,0.0,0.0,0.0786841334121342,0.0,0.0,0.0,0.0,0.0,0.1455906355713565,0.0,0.1574007971956344,0.0,0.0,0.1830394258136144,0.0696326247151589,0.0096282728265551,0.0131502215241261,0.2235399320766429,0.1468511049058792,0.0661005506546275,0.0,0.1597518926942887,0.0,0.0630128381980425,0.923070172259863,0.6253141803663836,0.1199480868974083,0.0,0.0,0.0,0.2361673846983851,0.0,0.7379474971493156,0.6812371332703674,0.5301175932697849,0.2225613336887526,0.3610212824205941,0.4571577391293291,0.389841746816186,0.2912862546919339,0.0,0.3051459725702948,0.1158162100468233,0.0559450412775112,0.2689985447653779,0.1269287725946017,0.0,0.1941759297722937,0.0,0.0,0.0851581367673194,0.2070446383412683,0.0,0.5686719213032956,0.482553805976279,0.1705965627920002,0.075196657733389,0.0,0.3239339283016961,0.1052823087016739,0.1127529389345532,0.1561445253234908,0.422772987882658,0.356294953594135,0.0323253423472761,0.2139208315401509,0.1797661580529048,0.2450123144834736,0.6352009514686845
0.5048750412274563,0.2692856723509524,0.0,0.0,0.0,0.0,0.0,0.0,0.0,0.0728527771222214,0.0,0.0,0.0801914618313012,0.0,0.0,0.3662994085568298,0.1175002840482208,0.3435596549694422,0.0,0.0270261045329766,0.3696481543559041,0.1440951281618961,0.1814871367149095,0.2356808054914126,0.3676467314170921,0.3347149718152417,0.1391291401283667,0.1061489357281769,0.2933524473170742,0.0,0.1918572998521522,0.7339717384846075,0.8403943733885916,0.1593523008717581,0.0,0.1179508031448161,0.0,0.2574213693091008,0.7379474971493156,0.0,0.749393670832314,0.4747167582161045,0.3934988029971883,0.3408231711758616,0.6274575386093908,0.6304778069593985,0.4829987038051417,0.0,0.0,0.174124619229074,0.2770270279173493,0.2127896495203857,0.1086521198396993,0.0681473014360447,0.265870756089205,0.0,0.0,0.3402225766720133,0.0,0.0,0.6939623179700919,0.6689184307715326,0.4673363539890419,0.1288849803777126,0.0079605888392952,0.4568073605919435,0.2362351801192948,0.1913204337332096,0.3883761821284175,0.6394588554427512,0.5615942466685466,0.1509048047334408,0.4230784489290901,0.3867127422538803,0.3586357579449644,0.7153279246216357
0.4748699266488632,0.1001261968644222,0.0,0.0,0.0,0.0390634659858883,0.0,0.0,0.0,0.0,0.0,0.0,0.0,0.0,0.0,0.246463316679088,0.0,0.2175279407476877,0.0,0.0,0.2246886560908405,0.0,0.0,0.0,0.2420107134809333,0.1662700213136336,0.0,0.0,0.1162820130609881,0.0,0.0,0.688720761361802,0.5719297134250954,0.0,0.0,0.0,0.0,0.0046788982203625,0.6812371332703674,0.749393670832314,0.0,0.5315753347752729,0.3120920648544682,0.26570183605582,0.549597462473395,0.5833013627156137,0.2531851761415015,0.0,0.0,0.0,0.2414970251220289,0.0,0.0,0.0,0.0,0.0,0.0,0.2597257053190788,0.208295284871235,0.0,0.7098560208625727,0.5610828067551417,0.5697719404527077,0.0153456672001997,0.0,0.2820721773733957,0.0776875103129643,0.0,0.2165790853513745,0.5885492105376855,0.3422074841082227,0.0,0.4053861010240453,0.3528494906663758,0.2835694229714603,0.7940376668572406
0.0,0.4068873994885834,0.0,0.0,0.0,0.2212641435240489,0.0,0.0,0.0,0.3246830722873693,0.0,0.0985681842617123,0.1493107749747851,0.0,0.1321831532420007,0.3928999939003779,0.0,0.3547016733076325,0.0,0.2104805885551299,0.3245848121806764,0.3372148974816044,0.1595364514458747,0.0,0.468398172356081,0.3931330494767863,0.2179532271066631,0.2530197275603875,0.383527153585371,0.0,0.0,0.4484906332787215,0.3036166207416493,0.1852132408617292,0.0,0.0673130183490213,0.0863329464156678,0.3389170313650876,0.5301175932697849,0.4747167582161045,0.5315753347752729,0.0,0.3412247597944113,0.4923590041911055,0.3810935358772119,0.4614021112666491,0.3812111180822218,0.1200438033707818,0.0534365821969126,0.1923075591796025,0.2577918608032263,0.2491171860249801,0.1485912617016729,0.0919764908735595,0.2708404278624605,0.0086288096329222,0.1078442859744687,0.3905688433313263,0.0,0.1318001960301507,0.4831726563278542,0.4255250917200852,0.2015279730265699,0.2015491303064597,0.1435073010412619,0.3917001616310276,0.295376267379936,0.2105058438776992,0.3545908543603829,0.3975994103803653,0.4974323821677138,0.2641305412505362,0.3124952031920881,0.4282663515390507,0.1661482937298047,0.5386143180340541
