0.0,0.122974359897732,0.0,0.0,0.0,0.0,0.0,0.0391260054955857,0.0,0.0103480916626177,0.0,0.0,0.0,0.0,0.0411613634538206,0.1812808701984822,0.0,0.0417631994629708,0.0,0.0,0.4789304860042854,0.1797603356286883,0.0,0.6176244828866133,0.3808561238315968,0.3357894186386211,0.0,0.0,0.0,0.0,0.0,0.0,0.4806721491307906,0.0366539000122196,0.0,0.0,0.0,0.0,0.0,0.4549947606992919,0.4160729916549174,0.0,0.0,0.0,0.0,0.9084298483871036,0.0,0.0,0.0,0.0,0.0,0.0,0.0,0.0,0.1664095574173109,0.0,0.0,0.0,0.0,0.0,0.0828002244239496,0.0,0.0411622398850406,0.0,0.0,0.1481703533382645,0.0546352826343135,0.0,0.5965689991854488,0.187366063603596,0.4464476798107799,0.0,0.0,0.0,0.0,0.0
0.122974359897732,0.0,0.0,0.0,0.0,0.4825259531318144,0.0267702541822848,0.3272000824034268,0.0,0.0,0.0,0.0,0.4317941844139344,0.0,0.0,0.1558208365651463,0.0,0.5969552565576209,0.0,0.0,0.175127553335871,0.0,0.3868749266748967,0.0,0.4344791153691861,0.7850070747753425,0.0,0.0,0.0,0.0,0.0,0.0176629903395223,0.3214148765731249,0.0,0.0,0.0,0.0,0.0,0.1531156973013904,0.2538833766089534,0.1203410017842837,0.173169300614715,0.0,0.0,0.0,0.052971243204869,0.7205280906923672,0.0,0.0,0.0,0.0,0.0,0.0,0.0,0.0,0.0,0.0,0.0,0.0,0.0,0.1122973416847732,0.0,0.2252530890243871,0.0,0.0202619018767741,0.088187298578173,0.0502645093526274,0.2104507672387943,0.0,0.1661712800336928,0.6671098941680829,0.0,0.0,0.0472691694753688,0.0,0.0
0.0,0.0,0.0,0.0,0.5041355416233749,0.1906046708371055,0.0,0.2078583045694917,0.8262517425786419,0.290876743648054,0.9115674467396924,0.0,0.1351951165261607,0.0,0.0,0.0,0.0,0.0,0.9049099179844978,0.0,0.0,0.0,0.3470047028687183,0.0,0.0,0.0,0.5949730014063725,0.2593481533537666,0.0,0.2610109896503012,0.0,0.0,0.0,0.0,0.0,0.0997808886088967,0.0,0.0,0.0,0.0,0.0,0.0,0.0,0.0,0.0,0.0,0.0,0.8963834125519683,0.0,0.2307725898062402,0.3030534967171155,0.0,0.1481763007423511,0.7809195294436798,0.0,0.7705712569693746,0.0,0.0,0.0,0.0,0.0,0.0,0.0,0.9037527144620378,0.0,0.0,0.0,0.3979864420907894,0.0,0.0,0.0,0.5679779456629137,0.0,0.0,0.0,0.0
0.0,0.0,0.0,0.0,0.0,0.2519201931075314,0.5546496527405925,0.0154059428553161,0.0,0.0334939972026884,0.0,0.0,0.0401661385219347,0.2593003592372891,0.0,0.0,0.0,0.0,0.0,0.0,0.0,0.0,0.1176376516300093,0.0,0.0,0.0,0.0,0.3595953240511784,0.0,0.0,0.0,0.714147759328442,0.0,0.2736842117431784,0.6271345635550925,0.4804667419360139,0.5002318041162704,0.0,0.0,0.0,0.0,0.0,0.0,0.0,0.0,0.0,0.0,0.0,0.0,0.0,0.0,0.0,0.0,0.0,0.0,0.0,0.0,0.0,0.0,0.0,0.0,0.0,0.0,0.0,0.0,0.0,0.0,0.0,0.0,0.0,0.0,0.0,0.0,0.0,0.0,0.0
0.0,0.0,0.5041355416233749,0.0,0.0,0.1615498833662184,0.0820128908188192,0.0,0.7033395402334829,0.1787476718357784,0.6076770067527605,0.2116862951376055,0.3690701399341352,0.323101554194501,0.0,0.0,0.0,0.0,0.312812736339276,0.4508442812490995,0.0,0.3452219912573051,0.1404577948125221,0.0,0.0420545217103916,0.0,0.5854471302147098,0.436908145484505,0.1105934360043107,0.0,0.0869948114422533,0.0,0.0,0.0,0.0,0.0,0.0,0.1880998907056732,0.0,0.0,0.0,0.0,0.0079214621143027,0.0,0.0,0.0,0.0,0.5826798691619912,0.0,0.0,0.0,0.0,0.101990844925887,0.6444372682459882,0.0,0.6753389471885932,0.0,0.0,0.0,0.0,0.0,0.0,0.0,0.0,0.0,0.0,0.0,0.2780679248657834,0.0,0.0,0.0,0.4259326772145045,0.0,0.0,0.0,0.0
0.0,0.4825259531318144,0.1906046708371055,0.2519201931075314,0.1615498833662184,0.0,0.2513907170813149,0.3450997282767641,0.1436824151723036,0.4174502635462139,0.0,0.0,0.5560742356139536,0.0870870267326334,0.1678263915138334,0.0875527292142206,0.0,0.4870580021226233,0.1490149183514748,0.2001626269331795,0.0,0.0108365015469899,0.7694602882165715,0.0,0.1327656480800767,0.4403433986098564,0.337401583889545,0.3838531578116385,0.4889658475347416,0.251892987690556,0.1904458139442845,0.1595141265365022,0.0,0.0,0.1177852885144539,0.2706701602571059,0.2364810697830719,0.0,0.0158351945310267,0.0,0.0,0.0,0.0858352282346071,0.0,0.0,0.0,0.0,0.1218280179797436,0.0,0.0,0.671681729071473,0.0447367521716855,0.2411979415585362,0.148757891740537,0.0,0.0,0.0,0.4441305250595779,0.0,0.2003633876665059,0.0,0.0,0.0,0.0273642797270428,0.0681414339320413,0.1265376668087263,0.1708021369410287,0.6776374393853601,0.0,0.0,0.0,0.0978916878387029,0.0338747066248517,0.0,0.0,0.0
0.0,0.0267702541822848,0.0,0.5546496527405925,0.0820128908188192,0.2513907170813149,0.0,0.0,0.0,0.1484981502608147,0.0,0.0,0.2993061081922077,0.3845464239569575,0.0,0.0112337861531819,0.2859377719473306,0.1728521917016314,0.0,0.0199203395636671,0.0,0.0601622289020952,0.0,0.0,0.171661295560321,0.0,0.1317486201834558,0.3781553611332546,0.5529276387373352,0.0,0.411490665135255,0.6037630530070381,0.0,0.1585660291377296,0.4063290903999959,0.208737811855098,0.3112932889583154,0.3067151755578195,0.0,0.0,0.0,0.0,0.0,0.0,0.0,0.0,0.0,0.0,0.0,0.0,0.0,0.0,0.0,0.0,0.0,0.0,0.0,0.0,0.0,0.0,0.0,0.0,0.0,0.0,0.0,0.0,0.0,0.1110448880450899,0.0,0.0,0.0,0.0,0.0,0.0,0.0,0.0
0.0391260054955857,0.3272000824034268,0.2078583045694917,0.0154059428553161,0.0,0.3450997282767641,0.0,0.0,0.0757062588952243,0.283213711074993,0.1919526488222719,0.0,0.344618265874592,0.1710089129369043,0.0,0.0,0.0,0.2298473894552964,0.1342299485150585,0.0,0.2005360401534258,0.0,0.6820457140027988,0.3752735170458128,0.0,0.547210043479109,0.0,0.1181179677364663,0.0,0.0,0.0,0.0496752408683819,0.0838128515312292,0.0,0.0,0.2566933839584071,0.0507224805424337,0.0,0.0640512230034701,0.0,0.0,0.0,0.3254400322685234,0.0,0.0,0.0,0.0,0.1462720340563583,0.0,0.0,0.3156041369841681,0.0,0.7873020805126082,0.1404516395137323,0.0,0.1744077282131654,0.0,0.3275476032390214,0.0,0.0,0.0,0.0,0.0,0.1732126123844311,0.0,0.0908156101850578,0.0,0.3437923939580886,0.0,0.0,0.0,0.0,0.0890459215112458,0.0,0.0,0.0
0.0,0.0,0.8262517425786419,0.0,0.7033395402334829,0.1436824151723036,0.0,0.0757062588952243,0.0,0.2487079549173247,0.8697643165314007,0.3217021378714957,0.1426910225061766,0.0,0.0,0.0,0.0,0.0,0.6906824391566015,0.6610785066181485,0.0,0.5522700384821145,0.2280405265749666,0.0,0.0,0.0,0.737207902567098,0.2306358115112217,0.0141513261320936,0.2491459144923405,0.0142167934358451,0.0,0.0,0.0,0.0,0.0257591237147397,0.0,0.077789276253782,0.0,0.0,0.0,0.0,0.0,0.0,0.0,0.0,0.0,0.7955606533060097,0.0,0.0,0.230174554669883,0.0,0.0726062410691985,0.979136655941676,0.0,0.7443004761361321,0.0,0.0,0.0231667880935475,0.0,0.0,0.0,0.0,0.6829229134324375,0.0,0.0,0.0,0.3889046409968728,0.0,0.0,0.0,0.7130421416482509,0.0,0.0,0.0,0.0
0.0103480916626177,0.0,0.290876743648054,0.0334939972026884,0.1787476718357784,0.4174502635462139,0.1484981502608147,0.283213711074993,0.2487079549173247,0.0,0.1867621179520303,0.690097300063294,0.2110297529351701,0.0736311155573776,0.0,0.0,0.6044032718294595,0.2605564984010436,0.2844413124475398,0.0,0.0,0.1095086981159489,0.4508099527648813,0.1690517513015646,0.1467233531739751,0.4904576123355978,0.256708539962574,0.2102864537771827,0.0,0.0,0.1400790105066715,0.0,0.0,0.0,0.0,0.090607523413604,0.168608652905876,0.2844921170427714,0.0,0.0,0.0,0.0,0.0,0.0,0.2989640259034812,0.0,0.0,0.0,0.0,0.0,0.0,0.0,0.0,0.0,0.5183991788493723,0.0,0.5392671124798901,0.0,0.0,0.0,0.0,0.4342416836765291,0.1608372012845385,0.0,0.0,0.0,0.0,0.0,0.0615145396561414,0.045051661673702,0.4146601037908494,0.0,0.1390791630463147,0.0,0.0,0.0
0.0,0.0,0.9115674467396924,0.0,0.6076770067527605,0.0,0.0,0.1919526488222719,0.8697643165314007,0.1867621179520303,0.0,0.3370866028529946,0.1174077439945032,0.0462008729800933,0.0,0.0,0.0,0.0,0.8456853015664788,0.0,0.0,0.0,0.135718526929917,0.0,0.0,0.0,0.498694350620746,0.1419786267346371,0.0,0.0,0.0,0.0,0.0,0.0,0.0,0.0406832072403972,0.0,0.0,0.0,0.0,0.0,0.0,0.0,0.0,0.0,0.0,0.0,0.8450271999040466,0.0,0.3721765754114936,0.2079655908530139,0.0483458350857499,0.2142165906445283,0.8202827976114595,0.0,0.8914896890059203,0.0,0.2716102895350395,0.0,0.0,0.0,0.0,0.0,0.8560591741111783,0.0,0.0,0.0,0.1862068325856321,0.0,0.0,0.0,0.5308279270169793,0.0,0.0,0.0,0.0
0.0,0.0,0.0,0.0,0.2116862951376055,0.0,0.0,0.0,0.3217021378714957,0.690097300063294,0.3370866028529946,0.0,0.3333364305674171,0.0,0.0,0.0,0.4798185597090093,0.1919552937638731,0.0,0.0,0.0,0.0,0.0,0.2594495738801735,0.0,0.6246228940927361,0.0,0.2389114784349083,0.0,0.0,0.0,0.0,0.0,0.0,0.0,0.2167282871860485,0.1070093749907925,0.2125137813949244,0.0,0.0,0.0,0.0,0.0,0.0,0.2395156319740273,0.0,0.0,0.0,0.0,0.0,0.0,0.0,0.0,0.0,0.4201026314774713,0.0,0.7617863837322166,0.0,0.0,0.0,0.0,0.4887033006250759,0.0373322628737696,0.0,0.0,0.0,0.0,0.0,0.0418713779491569,0.0,0.4190329356012429,0.0,0.0,0.0,0.0,0.0
0.0,0.4317941844139344,0.1351951165261607,0.0401661385219347,0.3690701399341352,0.5560742356139536,0.2993061081922077,0.344618265874592,0.1426910225061766,0.2110297529351701,0.1174077439945032,0.3333364305674171,0.0,0.1775811329878151,0.0737613379511336,0.1022993983833606,0.6355690520147798,0.5380758868250273,0.107045581580242,0.0620743869677141,0.0737706390093181,0.0,0.3655116039632878,0.0,0.0,0.2261135332477273,0.106731903524206,0.5866403392979149,0.2376849204448363,0.2063322420332917,0.0,0.1251426736592772,0.0,0.0,0.0068052704818741,0.1767171192043315,0.1235688305857846,0.0,0.0704818277617557,0.0,0.0,0.0,0.2524428539611615,0.0,0.0,0.0,0.0,0.1537973226196612,0.0,0.0,0.466124825350019,0.0,0.3100128057352538,0.0,0.0,0.0,0.0,0.0,0.0,0.0,0.0,0.0,0.0,0.0,0.0,0.0,0.0,0.2953997619450444,0.0,0.0,0.0,0.0,0.0,0.0,0.0,0.0
0.0,0.0,0.0,0.2593003592372891,0.323101554194501,0.0870870267326334,0.3845464239569575,0.1710089129369043,0.0,0.0736311155573776,0.0462008729800933,0.0,0.1775811329878151,0.0,0.0,0.0,0.0,0.0,0.0,0.0,0.1110286135634149,0.0,0.1532473993434656,0.0,0.0,0.0,0.0584113209336105,0.2013816612144159,0.0,0.0,0.1243348318302628,0.4252075170904593,0.0,0.0,0.0,0.1632123480386337,0.1999598998974092,0.0,0.0,0.0,0.0,0.0,0.2350497423839479,0.0,0.0,0.0,0.0,0.0,0.0,0.0,0.0,0.0,0.0,0.0,0.0,0.117031707567217,0.0,0.0,0.0,0.0,0.0,0.0,0.0,0.0,0.0,0.0,0.0,0.1327377517261878,0.0,0.0,0.0,0.0,0.0,0.0,0.0,0.0
0.0411613634538206,0.0,0.0,0.0,0.0,0.1678263915138334,0.0,0.0,0.0,0.0,0.0,0.0,0.0737613379511336,0.0,0.0,0.0,0.0,0.0219866508124857,0.0,0.8893363411660729,0.0,0.7958848299834727,0.247062245334327,0.0,0.1916148521971841,0.1487910053351157,0.838217316834746,0.4059940970102454,0.2889662385883732,0.0,0.314827958207465,0.0,0.0,0.0,0.0,0.0581245393170904,0.0,0.0,0.0,0.0,0.0,0.0,0.0,0.0,0.0,0.0,0.0793915783844465,0.0,0.0,0.0,0.1824914527352451,0.0,0.0,0.0,0.0,0.0,0.0,0.0,0.0,0.9508860993108296,0.1440126083794069,0.0,0.0,0.0,0.7134059608499542,0.1644750367807322,0.8140409707654173,0.4934157909874804,0.0,0.0,0.1972937269124534,0.7586646356969543,0.5809173938321801,0.1539760792316782,0.0,0.2533225975815296
0.1812808701984822,0.1558208365651463,0.0,0.0,0.0,0.0875527292142206,0.0112337861531819,0.0,0.0,0.0,0.0,0.0,0.1022993983833606,0.0,0.0,0.0,0.2506344142764392,0.6179904153386367,0.0,0.1493952613204821,0.1954665899235011,0.3519810268091243,0.0,0.0,0.2816217438603957,0.0,0.0141488543542361,0.1161798287826071,0.3497831059004447,0.1778665651472484,0.2778222711780072,0.0,0.0942829619865378,0.0489906139052982,0.0,0.0,0.0,0.0,0.0,0.0052946167386506,0.0901061032819586,0.0748968460959072,0.0,0.0,0.0,0.2445027950183285,0.0837525077122147,0.0,0.0,0.0,0.0,0.0,0.0,0.0,0.0,0.0,0.0,0.0,0.0,0.0,0.647707338541263,0.0,0.7252275998594726,0.0,0.0,0.0484736231131908,0.0495767577274289,0.0,0.0,0.2948829246562875,0.0,0.0,0.0,0.0,0.0,0.3637537667504577
0.0,0.0,0.0,0.0,0.0,0.0,0.2859377719473306,0.0,0.0,0.6044032718294595,0.0,0.4798185597090093,0.6355690520147798,0.0,0.0,0.2506344142764392,0.0,0.6333178648859765,0.0,0.1767731833778328,0.0,0.1649091715467399,0.0,0.0549149681182832,0.1505937436814734,0.390990665450698,0.0,0.4555019162563923,0.0,0.0,0.2025328289994567,0.0,0.0,0.0,0.0,0.0,0.0,0.0992013786695172,0.0,0.0,0.0,0.0,0.0,0.0,0.0,0.0,0.0,0.0,0.0,0.0,0.0,0.0,0.0,0.0,0.454395377840233,0.0,0.3423885898866052,0.0,0.0,0.0,0.0,0.728385648432608,0.4936456059890866,0.0,0.0,0.0,0.0,0.0,0.0,0.0778466880151696,0.3000315324655266,0.0,0.0,0.0,0.0,0.0
0.0417631994629708,0.5969552565576209,0.0,0.0,0.0,0.4870580021226233,0.1728521917016314,0.2298473894552964,0.0,0.2605564984010436,0.0,0.1919552937638731,0.5380758868250273,0.0,0.0219866508124857,0.6179904153386367,0.6333178648859765,0.0,0.0,0.1312957103789954,0.1815232828704309,0.2559730783011732,0.3315248161916286,0.0685287390020113,0.316474324566034,0.4326598306030726,0.1490710567823807,0.264067990627745,0.2349273829807337,0.0,0.0960702294574765,0.039972483378539,0.0742199163621608,0.0,0.0,0.0,0.0,0.0,0.0437937915408108,0.0,0.0,0.0,0.0,0.0,0.0,0.0261717610900842,0.5353037321349329,0.0,0.0,0.0,0.0,0.0,0.0,0.0,0.3357579032724038,0.0,0.2319498362954646,0.0,0.0,0.0,0.414516879521136,0.5700620611826286,0.6477535926030332,0.0,0.0,0.0,0.0767876399481489,0.0,0.0460512705773532,0.2162813342777506,0.3343770306080758,0.0,0.0,0.0,0.0,0.0030507803979338
0.0,0.0,0.9049099179844978,0.0,0.312812736339276,0.1490149183514748,0.0,0.1342299485150585,0.6906824391566015,0.2844413124475398,0.8456853015664788,0.0,0.107045581580242,0.0,0.0,0.0,0.0,0.0,0.0,0.0,0.0,0.0,0.2005957721986057,0.0,0.0,0.0,0.4112652171449426,0.1465399947234672,0.0,0.0,0.0,0.0,0.0,0.0,0.0,0.1013657908279895,0.0,0.0,0.0,0.0,0.0,0.0,0.0,0.0,0.0,0.0,0.0,0.7501926898305954,0.0,0.0,0.2816868835180128,0.0,0.0782458218480125,0.6522671832692598,0.0,0.6608180178226519,0.0,0.0,0.0,0.0,0.0,0.0,0.0,0.9617265112667384,0.0,0.0,0.0,0.2363757769910027,0.0,0.0,0.0,0.4342674090170804,0.0,0.0,0.0,0.0
0.0,0.0,0.0,0.0,0.4508442812490995,0.2001626269331795,0.0199203395636671,0.0,0.6610785066181485,0.0,0.0,0.0,0.0620743869677141,0.0,0.8893363411660729,0.1493952613204821,0.1767731833778328,0.1312957103789954,0.0,0.0,0.0,0.8530203770605678,0.2265101761432701,0.0,0.2150254680496133,0.0536957863963302,0.818919038511387,0.5130348636805323,0.4605608325498087,0.6120137815091049,0.4821263046875286,0.0,0.0,0.0,0.0,0.2473242079688687,0.0068162507331086,0.0,0.0,0.0,0.0,0.0,0.0,0.0,0.0,0.0,0.1002786418974294,0.0,0.0,0.0,0.1038176655724329,0.0,0.0,0.0,0.0,0.0,0.0,0.0,0.0,0.8951283330899092,0.0,0.0,0.0,0.0,0.7212421269353422,0.12236042006111,0.8419677831552176,0.5253984232775036,0.0,0.0,0.0771337688347678,0.7076995655019019,0.5442889718102333,0.0781253527804318,0.0,0.2345804255951842
0.4789304860042854,0.175127553335871,0.0,0.0,0.0,0.0,0.0,0.2005360401534258,0.0,0.0,0.0,0.0,0.0737706390093181,0.1110286135634149,0.0,0.1954665899235011,0.0,0.1815232828704309,0.0,0.0,0.0,0.0516000368003621,0.1041488275464518,0.1786262418294145,0.2887784281363076,0.0957376464560054,0.0,0.0,0.0835244835870798,0.1505005788091939,0.0750543663972849,0.2336084425792416,0.2044161528260467,0.0901468058684219,0.0,0.0,0.0,0.0,0.3759994267253781,0.130599172717202,0.2156729445901739,0.3353322637658478,0.0,0.0,0.0,0.5274872385037289,0.1716819348313149,0.0,0.0,0.0,0.0296005395471539,0.0,0.3923877013751282,0.0,0.0,0.0,0.0,0.0,0.0,0.0,0.147937640507344,0.0,0.0,0.0,0.0,0.7221807104597127,0.0,0.1521463722685822,0.0,0.4019958784797596,0.3199581859689313,0.0,0.0712374078182318,0.0705479882985038,0.0,0.335509915339673
0.1797603356286883,0.0,0.0,0.0,0.3452219912573051,0.0108365015469899,0.0601622289020952,0.0,0.5522700384821145,0.1095086981159489,0.0,0.0,0.0,0.0,0.7958848299834727,0.3519810268091243,0.1649091715467399,0.2559730783011732,0.0,0.8530203770605678,0.0516000368003621,0.0,0.0377692768058242,0.0,0.4245661317644414,0.1364942167922809,0.7221505675740224,0.3387140186310005,0.3602864598581204,0.4331995907088511,0.4443941099353378,0.0,0.0,0.0,0.0,0.04893629292853,0.0,0.0,0.0,0.0,0.0,0.0,0.0,0.0,0.0,0.2370209389551825,0.1075263177698541,0.0,0.0,0.0,0.009727376623538,0.0,0.0,0.0,0.0,0.0,0.0,0.0,0.0,0.7777997094718576,0.3897038998619715,0.0,0.3003752165013463,0.0,0.6129922039780599,0.1791690012894139,0.8327659865951795,0.3456546421752706,0.0,0.2841982250436052,0.1747700396323994,0.7116144726489103,0.0,0.1638906669614244,0.0,0.4225279251761828
0.0,0.3868749266748967,0.3470047028687183,0.1176376516300093,0.1404577948125221,0.7694602882165715,0.0,0.6820457140027988,0.2280405265749666,0.4508099527648813,0.135718526929917,0.0,0.3655116039632878,0.1532473993434656,0.247062245334327,0.0,0.0,0.3315248161916286,0.2005957721986057,0.2265101761432701,0.1041488275464518,0.0377692768058242,0.0,0.0569936854652948,0.0,0.5704346014145353,0.2775059259929671,0.3073362011261797,0.1019582440917744,0.1826317850415746,0.0862637795684489,0.1267588411023078,0.0,0.0,0.0385144665427614,0.2457313010501646,0.0925318259119534,0.0,0.0,0.0,0.0,0.0,0.0891852439977972,0.0,0.0,0.0,0.5439575567103992,0.2724979922208729,0.0,0.0,0.5035917352022519,0.0,0.4788627872700901,0.2215304825856495,0.0,0.1259374100544821,0.0,0.3748739284960751,0.1171516104527812,0.2469160650198599,0.0,0.0,0.0,0.1756831986325445,0.0770072573782318,0.1633561701442647,0.1774371266392254,0.7573201889909019,0.0,0.0,0.4436207270859816,0.0433285012673987,0.0609740034327373,0.0,0.0,0.0
0.6176244828866133,0.0,0.0,0.0,0.0,0.0,0.0,0.3752735170458128,0.0,0.1690517513015646,0.0,0.2594495738801735,0.0,0.0,0.0,0.0,0.0549149681182832,0.0685287390020113,0.0,0.0,0.1786262418294145,0.0,0.0569936854652948,0.0,0.2504112529670377,0.6416641208252671,0.0,0.0,0.0,0.0,0.0,0.0,0.6853153388151871,0.0,0.0,0.0,0.0,0.0,0.0,0.7085511003391474,0.43028434400096,0.0,0.0,0.0,0.0146404983091773,0.5554405165336773,0.0,0.0,0.0,0.0,0.0,0.0,0.0,0.0,0.0006495180026534,0.0,0.6606290078914755,0.0,0.0,0.0,0.0,0.1427563707608613,0.0,0.0,0.0,0.0,0.0,0.0,0.9344180312835918,0.0,0.6144973669704173,0.0,0.0,0.0,0.0,0.2435229591180009
0.3808561238315968,0.4344791153691861,0.0,0.0,0.0420545217103916,0.1327656480800767,0.171661295560321,0.0,0.0,0.1467233531739751,0.0,0.0,0.0,0.0,0.1916148521971841,0.2816217438603957,0.1505937436814734,0.316474324566034,0.0,0.2150254680496133,0.2887784281363076,0.4245661317644414,0.0,0.2504112529670377,0.0,0.37244571712519,0.3122847833585907,0.0,0.2675190341539348,0.0,0.1310432146233401,0.0,0.3860996659576813,0.0,0.0,0.0,0.0,0.0056983565628062,0.0230060986339835,0.3497402595725764,0.3122896278296876,0.2283905454304349,0.0,0.0,0.0,0.4337810276822015,0.2874172964074494,0.0,0.0,0.0,0.0,0.0,0.0,0.0,0.1530458034971371,0.0,0.0447290871921638,0.0,0.0,0.0,0.331602762855392,0.0875274058677472,0.2293895612305589,0.0,0.3164760894788865,0.3127378662324436,0.3590957269884897,0.0,0.3262239924514172,0.741696371061949,0.5394936050254415,0.0,0.0,0.0,0.0,0.3876129644986165
0.3357894186386211,0.7850070747753425,0.0,0.0,0.0,0.4403433986098564,0.0,0.547210043479109,0.0,0.4904576123355978,0.0,0.6246228940927361,0.2261135332477273,0.0,0.1487910053351157,0.0,0.390990665450698,0.4326598306030726,0.0,0.0536957863963302,0.0957376464560054,0.1364942167922809,0.5704346014145353,0.6416641208252671,0.37244571712519,0.0,0.1394075266299422,0.0,0.0,0.0,0.0,0.0,0.2949994716130909,0.0,0.0,0.0,0.0,0.0415336786223886,0.0,0.2724312284484693,0.0,0.0,0.0,0.0,0.1311384171615579,0.2081327450442263,0.5598293436339465,0.0,0.0,0.0,0.0,0.0,0.0,0.0,0.3094181112332105,0.0,0.7417047729035686,0.0,0.0,0.1795130064162354,0.0,0.469157064879497,0.0853695204149971,0.0,0.2932666508782837,0.0037619538908683,0.2682317490663159,0.3572674626593714,0.4901193449907164,0.0160194668356283,0.8409598391385703,0.1733240860610563,0.0,0.0,0.0,0.0
0.0,0.0,0.5949730014063725,0.0,0.5854471302147098,0.337401583889545,0.1317486201834558,0.0,0.737207902567098,0.256708539962574,0.498694350620746,0.0,0.106731903524206,0.0584113209336105,0.838217316834746,0.0141488543542361,0.0,0.1490710567823807,0.4112652171449426,0.818919038511387,0.0,0.7221505675740224,0.2775059259929671,0.0,0.3122847833585907,0.1394075266299422,0.0,0.3481287352818424,0.5185949233400848,0.4224923880937583,0.3282862373945882,0.0,0.0,0.0,0.0,0.0506989990792056,0.0,0.0,0.0,0.0,0.0,0.0,0.0,0.0,0.0,0.0,0.2456062700215291,0.5516449298879348,0.0,0.0,0.2714155532121043,0.0649954338141851,0.0,0.7089280979335416,0.0,0.4132501897479751,0.0,0.1155683168001174,0.1524585409413703,0.8417951580355185,0.0,0.0,0.0,0.3782033649227186,0.6724672252471359,0.172367278379206,0.8052124469044706,0.5686462940470919,0.0,0.0,0.2465985859218023,0.8606456949449689,0.4443090814359723,0.2891494747792446,0.0503572555004717,0.1477054850604333
0.0,0.0,0.2593481533537666,0.3595953240511784,0.436908145484505,0.3838531578116385,0.3781553611332546,0.1181179677364663,0.2306358115112217,0.2102864537771827,0.1419786267346371,0.2389114784349083,0.5866403392979149,0.2013816612144159,0.4059940970102454,0.1161798287826071,0.4555019162563923,0.264067990627745,0.1465399947234672,0.5130348636805323,0.0,0.3387140186310005,0.3073362011261797,0.0,0.0,0.0,0.3481287352818424,0.0,0.4459262297319233,0.7139536167077619,0.5052761197509825,0.2146069091986347,0.0,0.0,0.2587500966153223,0.5294075372685001,0.2712083505112385,0.2747323228126621,0.0,0.0,0.0,0.0,0.3491430540028418,0.0,0.0,0.0,0.0,0.0,0.0,0.0,0.0280146000233062,0.0,0.0,0.0,0.0,0.0,0.0,0.0,0.0,0.4379044243524791,0.0,0.0,0.0,0.0,0.0171836835188359,0.1180692967301296,0.0,0.4440800880267451,0.0,0.0,0.0,0.0648540907542408,0.4705780284073856,0.0,0.0,0.0
0.0,0.0,0.0,0.0,0.1105934360043107,0.4889658475347416,0.5529276387373352,0.0,0.0141513261320936,0.0,0.0,0.0,0.2376849204448363,0.0,0.2889662385883732,0.3497831059004447,0.0,0.2349273829807337,0.0,0.4605608325498087,0.0835244835870798,0.3602864598581204,0.1019582440917744,0.0,0.2675190341539348,0.0,0.5185949233400848,0.4459262297319233,0.0,0.5108042965352231,0.6059981623302785,0.3481235107974009,0.0,0.0639385469057719,0.3684508589911295,0.2568463150782065,0.2315006478438509,0.0,0.1536167270929158,0.0,0.0,0.0,0.0,0.0,0.0,0.0,0.2655590341602499,0.0,0.0,0.0,0.187322632942582,0.0,0.0,0.0,0.0,0.0,0.0,0.0,0.0,0.2779316689593833,0.0,0.0,0.0,0.0,0.0513134467825002,0.3695055052385141,0.2962485845467147,0.3861854571722404,0.0,0.0,0.0,0.2814291050387432,0.0444987452599122,0.2744503883133336,0.0,0.1134807059737337
0.0,0.0,0.2610109896503012,0.0,0.0,0.251892987690556,0.0,0.0,0.2491459144923405,0.0,0.0,0.0,0.2063322420332917,0.0,0.0,0.1778665651472484,0.0,0.0,0.0,0.6120137815091049,0.1505005788091939,0.4331995907088511,0.1826317850415746,0.0,0.0,0.0,0.4224923880937583,0.7139536167077619,0.5108042965352231,0.0,0.5777420636218515,0.1125960770332631,0.0,0.0,0.1386927128858665,0.0,0.0,0.0,0.0,0.0,0.0,0.0,0.0,0.0,0.0,0.0,0.0,0.0,0.0,0.0,0.0,0.0,0.0,0.0,0.0,0.0,0.0,0.0,0.0,0.0,0.0,0.0,0.0,0.0,0.2414690208928757,0.0,0.0,0.5095934645265524,0.0,0.0,0.0,0.295213386278107,0.0,0.0,0.0,0.0
0.0,0.0,0.0,0.0,0.0869948114422533,0.1904458139442845,0.411490665135255,0.0,0.0142167934358451,0.1400790105066715,0.0,0.0,0.0,0.1243348318302628,0.314827958207465,0.2778222711780072,0.2025328289994567,0.0960702294574765,0.0,0.4821263046875286,0.0750543663972849,0.4443941099353378,0.0862637795684489,0.0,0.1310432146233401,0.0,0.3282862373945882,0.5052761197509825,0.6059981623302785,0.5777420636218515,0.0,0.4323032676312303,0.0,0.228514377063253,0.4744848475009318,0.3403100392267835,0.2795776377270564,0.3398653113543906,0.0917151633346446,0.0,0.0,0.0,0.0,0.0,0.0,0.0586574964008389,0.0698777599349926,0.0,0.0,0.0,0.0,0.0,0.0,0.0,0.2637074044085518,0.0,0.0,0.0,0.0,0.2785783525042084,0.5494992781439034,0.0,0.3875807062533479,0.0,0.0,0.3081830329978695,0.2426406153167653,0.3038287928989685,0.0,0.3565985196590643,0.0,0.1414043937887685,0.1533173232548287,0.0,0.0,0.2140831844638922
0.0,0.0176629903395223,0.0,0.714147759328442,0.0,0.1595141265365022,0.6037630530070381,0.0496752408683819,0.0,0.0,0.0,0.0,0.1251426736592772,0.4252075170904593,0.0,0.0,0.0,0.039972483378539,0.0,0.0,0.2336084425792416,0.0,0.1267588411023078,0.0,0.0,0.0,0.0,0.2146069091986347,0.3481235107974009,0.1125960770332631,0.4323032676312303,0.0,0.0,0.34458557669022,0.6891907393721358,0.2563223968738056,0.2942760594107809,0.3704591854839113,0.823258089097084,0.0,0.0,0.0,0.1615247297502569,0.0,0.0,0.0,0.3289544397664,0.0,0.0,0.0,0.0,0.0,0.0233268901556171,0.0,0.1711638084091862,0.0,0.0,0.0,0.0,0.0,0.1963558060432146,0.0,0.0596145894286166,0.0,0.0,0.4459641938075424,0.0,0.1134154025932558,0.0,0.2655328472263809,0.0,0.0,0.0,0.0,0.0,0.0
0.4806721491307906,0.3214148765731249,0.0,0.0,0.0,0.0,0.0,0.0838128515312292,0.0,0.0,0.0,0.0,0.0,0.0,0.0,0.0942829619865378,0.0,0.0742199163621608,0.0,0.0,0.2044161528260467,0.0,0.0,0.6853153388151871,0.3860996659576813,0.2949994716130909,0.0,0.0,0.0,0.0,0.0,0.0,0.0,0.1850744308845945,0.0,0.0,0.0,0.0,0.1380824101331505,0.9480832872796096,0.6064010412404737,0.5822225810569241,0.0,0.0,0.0,0.5010553927090877,0.0,0.0,0.0,0.0,0.0,0.0,0.0,0.0,0.0,0.0,0.2351051362304052,0.0,0.0,0.0,0.0,0.0,0.0,0.0,0.0260785274873475,0.0,0.0,0.0,0.7202434881491635,0.1204090078981994,0.3647482375112441,0.0,0.0,0.3537517208129211,0.0,0.2814314916758573
0.0366539000122196,0.0,0.0,0.2736842117431784,0.0,0.0,0.1585660291377296,0.0,0.0,0.0,0.0,0.0,0.0,0.0,0.0,0.0489906139052982,0.0,0.0,0.0,0.0,0.0901468058684219,0.0,0.0,0.0,0.0,0.0,0.0,0.0,0.0639385469057719,0.0,0.228514377063253,0.34458557669022,0.1850744308845945,0.0,0.4455187350304398,0.0331568984075176,0.1520833706544151,0.1549750726033045,0.4042778223191396,0.1484036685171749,0.4355081352488448,0.3205711885066122,0.1153918212416578,0.0,0.0,0.1316373070147426,0.0,0.0,0.0,0.0,0.0,0.0,0.0,0.0,0.0,0.0,0.0,0.0,0.0,0.0,0.1192847098391061,0.0,0.0019169974536751,0.0,0.0,0.058537973159215,0.0,0.0,0.0,0.1873264591402073,0.0,0.0,0.0,0.0054667481168804,0.0,0.0753553434985742
0.0,0.0,0.0,0.6271345635550925,0.0,0.1177852885144539,0.4063290903999959,0.0,0.0,0.0,0.0,0.0,0.0068052704818741,0.0,0.0,0.0,0.0,0.0,0.0,0.0,0.0,0.0,0.0385144665427614,0.0,0.0,0.0,0.0,0.2587500966153223,0.3684508589911295,0.1386927128858665,0.4744848475009318,0.6891907393721358,0.0,0.4455187350304398,0.0,0.2880314260892206,0.3324931922257511,0.3576217350776048,0.3829780281521536,0.0,0.0,0.0,0.0537788122480638,0.160754508643365,0.0,0.0,0.0509232388393253,0.0,0.0,0.0,0.0,0.0,0.0,0.0,0.0,0.0,0.0,0.0,0.0,0.0,0.1755238896143458,0.0,0.0691544969215371,0.0,0.0,0.102444105042153,0.0,0.0778226162015785,0.0,0.0336471619298252,0.0,0.0,0.0,0.0,0.0,0.0
0.0,0.0,0.0997808886088967,0.4804667419360139,0.0,0.2706701602571059,0.208737811855098,0.2566933839584071,0.0257591237147397,0.090607523413604,0.0406832072403972,0.2167282871860485,0.1767171192043315,0.1632123480386337,0.0581245393170904,0.0,0.0,0.0,0.1013657908279895,0.2473242079688687,0.0,0.04893629292853,0.2457313010501646,0.0,0.0,0.0,0.0506989990792056,0.5294075372685001,0.2568463150782065,0.0,0.3403100392267835,0.2563223968738056,0.0,0.0331568984075176,0.2880314260892206,0.0,0.4909285216526084,0.2029263244947324,0.0175398083058973,0.0,0.0,0.0,0.504691947655703,0.4969366979549633,0.0,0.0,0.0,0.0663831241197014,0.0,0.0,0.0,0.0,0.0,0.005487377513117,0.0,0.0,0.0,0.0,0.0903199084237324,0.0,0.0,0.0,0.0,0.0390254239482388,0.0,0.0,0.0,0.2511296298427839,0.0,0.0,0.0,0.0,0.107323521884517,0.0,0.0,0.0
0.0,0.0,0.0,0.5002318041162704,0.0,0.2364810697830719,0.3112932889583154,0.0507224805424337,0.0,0.168608652905876,0.0,0.1070093749907925,0.1235688305857846,0.1999598998974092,0.0,0.0,0.0,0.0,0.0,0.0068162507331086,0.0,0.0,0.0925318259119534,0.0,0.0,0.0,0.0,0.2712083505112385,0.2315006478438509,0.0,0.2795776377270564,0.2942760594107809,0.0,0.1520833706544151,0.3324931922257511,0.4909285216526084,0.0,0.1481985193935703,0.2173336108402215,0.0,0.0,0.0,0.0,0.0,0.0,0.0,0.0,0.0,0.0,0.0,0.0,0.0,0.0,0.0,0.0,0.0,0.0,0.0,0.0,0.0,0.0,0.0,0.0,0.0,0.0,0.0,0.0,0.0,0.0,0.0,0.0,0.0,0.0,0.0,0.0,0.0
0.0,0.0,0.0,0.0,0.1880998907056732,0.0,0.3067151755578195,0.0,0.077789276253782,0.2844921170427714,0.0,0.2125137813949244,0.0,0.0,0.0,0.0,0.0992013786695172,0.0,0.0,0.0,0.0,0.0,0.0,0.0,0.0056983565628062,0.0415336786223886,0.0,0.2747323228126621,0.0,0.0,0.3398653113543906,0.3704591854839113,0.0,0.1549750726033045,0.3576217350776048,0.2029263244947324,0.1481985193935703,0.0,0.1772859362483209,0.0,0.0,0.0,0.0,0.0,0.2837692766424451,0.0,0.0,0.0,0.0,0.0,0.0,0.0,0.0,0.0,0.0885640179472297,0.0,0.0278144297507132,0.0,0.0,0.0,0.0,0.0,0.0,0.0,0.0,0.0,0.0,0.0,0.0,0.0,0.0,0.0,0.0,0.0,0.0,0.0
0.0,0.1531156973013904,0.0,0.0,0.0,0.0158351945310267,0.0,0.0640512230034701,0.0,0.0,0.0,0.0,0.0704818277617557,0.0,0.0,0.0,0.0,0.0437937915408108,0.0,0.0,0.3759994267253781,0.0,0.0,0.0,0.0230060986339835,0.0,0.0,0.0,0.1536167270929158,0.0,0.0917151633346446,0.823258089097084,0.1380824101331505,0.4042778223191396,0.3829780281521536,0.0175398083058973,0.2173336108402215,0.1772859362483209,0.0,0.0254413746631564,0.1524896730022944,0.2421109410151176,0.1344129097299971,0.0,0.0,0.0,0.3278073531663722,0.0,0.473415930547826,0.0130275655741446,0.0,0.1006313492792631,0.1877530890552502,0.0,0.1235804391404843,0.0,0.0,0.0,0.2081244052542979,0.0,0.0427924716154335,0.0,0.0,0.0,0.0,0.4452694341391218,0.0,0.0,0.0,0.3691784266779533,0.0,0.0,0.0,0.0,0.0,0.0
0.4549947606992919,0.2538833766089534,0.0,0.0,0.0,0.0,0.0,0.0,0.0,0.0,0.0,0.0,0.0,0.0,0.0,0.0052946167386506,0.0,0.0,0.0,0.0,0.130599172717202,0.0,0.0,0.7085511003391474,0.3497402595725764,0.2724312284484693,0.0,0.0,0.0,0.0,0.0,0.0,0.9480832872796096,0.1484036685171749,0.0,0.0,0.0,0.0,0.0254413746631564,0.0,0.6286201827350627,0.591161102294684,0.0,0.021252738550238,0.0,0.4694522970487471,0.0,0.0,0.0,0.0,0.0559754905119994,0.0,0.2589591873720531,0.0,0.0,0.0,0.239627607839625,0.0360355871748948,0.0,0.0,0.0,0.0,0.0,0.0,0.0543656898842975,0.0,0.0,0.0,0.742400842556486,0.0529545877278416,0.3355521943198495,0.0,0.0,0.3738735359880946,0.2490998358864667,0.2876043325569689
0.4160729916549174,0.1203410017842837,0.0,0.0,0.0,0.0,0.0,0.0,0.0,0.0,0.0,0.0,0.0,0.0,0.0,0.0901061032819586,0.0,0.0,0.0,0.0,0.2156729445901739,0.0,0.0,0.43028434400096,0.3122896278296876,0.0,0.0,0.0,0.0,0.0,0.0,0.0,0.6064010412404737,0.4355081352488448,0.0,0.0,0.0,0.0,0.1524896730022944,0.6286201827350627,0.0,0.6386379737448886,0.0,0.0,0.0,0.5086293185366176,0.0,0.0,0.0,0.0,0.0,0.0793023610431033,0.0309887149452983,0.0,0.0,0.0,0.0,0.0,0.0,0.0,0.0512242413325655,0.0,0.0,0.0,0.0,0.0958899606169843,0.0,0.0,0.5508928051753152,0.2464367281658233,0.1656271648552773,0.0,0.0,0.3633943393775684,0.204490209434206,0.4249908239673393
0.0,0.173169300614715,0.0,0.0,0.0,0.0,0.0,0.0,0.0,0.0,0.0,0.0,0.0,0.0,0.0,0.0748968460959072,0.0,0.0,0.0,0.0,0.3353322637658478,0.0,0.0,0.0,0.2283905454304349,0.0,0.0,0.0,0.0,0.0,0.0,0.0,0.5822225810569241,0.3205711885066122,0.0,0.0,0.0,0.0,0.2421109410151176,0.591161102294684,0.6386379737448886,0.0,0.0,0.0,0.0,0.478928390549013,0.0,0.0,0.0,0.0397604575913002,0.0,0.129693472486456,0.0824931702175695,0.0,0.0,0.0,0.0,0.0108900134819462,0.0,0.0,0.0,0.0,0.0,0.0,0.0,0.0899499218578202,0.0,0.0,0.452154376585071,0.1448422521428237,0.1182526772760861,0.0,0.0,0.3226971341825074,0.1001710099013246,0.3486911629812738
0.0,0.0,0.0,0.0,0.0079214621143027,0.0858352282346071,0.0,0.3254400322685234,0.0,0.0,0.0,0.0,0.2524428539611615,0.2350497423839479,0.0,0.0,0.0,0.0,0.0,0.0,0.0,0.0,0.0891852439977972,0.0,0.0,0.0,0.0,0.3491430540028418,0.0,0.0,0.0,0.1615247297502569,0.0,0.1153918212416578,0.0537788122480638,0.504691947655703,0.0,0.0,0.1344129097299971,0.0,0.0,0.0,0.0,0.368724738513068,0.1064378717578461,0.0,0.0,0.0339444377976955,0.2401497380740866,0.1077819910611161,0.0088982341028591,0.1032214234679809,0.2608582080235243,0.0,0.1683342713805813,0.0,0.1589303707087676,0.1242793452649481,0.0790279432716952,0.000749509586808,0.0,0.0817100623643362,0.0,0.0,0.0,0.0506538765549515,0.0,0.0037448779548197,0.0253362986788687,0.0,0.0047158461103593,0.0,0.258458425180373,0.0,0.0,0.0
0.0,0.0,0.0,0.0,0.0,0.0,0.0,0.0,0.0,0.0,0.0,0.0,0.0,0.0,0.0,0.0,0.0,0.0,0.0,0.0,0.0,0.0,0.0,0.0,0.0,0.0,0.0,0.0,0.0,0.0,0.0,0.0,0.0,0.0,0.160754508643365,0.4969366979549633,0.0,0.0,0.0,0.021252738550238,0.0,0.0,0.368724738513068,0.0,0.0,0.0,0.0,0.0,0.0,0.0,0.0,0.0,0.0,0.0,0.0,0.0,0.0,0.0,0.0,0.0,0.0,0.0,0.0,0.0355684833453324,0.0,0.0,0.0,0.0,0.0,0.0,0.0,0.0,0.1093646679162364,0.0,0.0,0.0
0.0,0.0,0.0,0.0,0.0,0.0,0.0,0.0,0.0,0.2989640259034812,0.0,0.2395156319740273,0.0,0.0,0.0,0.0,0.0,0.0,0.0,0.0,0.0,0.0,0.0,0.0146404983091773,0.0,0.1311384171615579,0.0,0.0,0.0,0.0,0.0,0.0,0.0,0.0,0.0,0.0,0.0,0.2837692766424451,0.0,0.0,0.0,0.0,0.1064378717578461,0.0,0.0,0.0770351142241689,0.0,0.0,0.0,0.0,0.0,0.1348468672559576,0.0,0.2248623501185274,0.4478394347403149,0.2959714255522346,0.3713593894453209,0.1467269154144256,0.0,0.0,0.0,0.1749474550886151,0.0,0.0,0.0,0.0,0.0,0.0,0.0270287330591976,0.0,0.1595735934509442,0.0,0.2721162201687765,0.0,0.0,0.0726240929427464
0.9084298483871036,0.052971243204869,0.0,0.0,0.0,0.0,0.0,0.0,0.0,0.0,0.0,0.0,0.0,0.0,0.0,0.2445027950183285,0.0,0.0261717610900842,0.0,0.0,0.5274872385037289,0.2370209389551825,0.0,0.5554405165336773,0.4337810276822015,0.2081327450442263,0.0,0.0,0.0,0.0,0.0586574964008389,0.0,0.5010553927090877,0.1316373070147426,0.0,0.0,0.0,0.0,0.0,0.4694522970487471,0.5086293185366176,0.478928390549013,0.0,0.0,0.0770351142241689,0.0,0.0,0.0,0.0,0.0,0.0309297603857414,0.0,0.2102905647431301,0.0,0.203150990194865,0.0,0.2029549567006809,0.0690255528718996,0.0,0.0721035805751902,0.1739168753346919,0.0,0.1096361258182586,0.0,0.0995276549779856,0.3156341648008197,0.1249088197369144,0.0,0.609191034744361,0.3326237532059412,0.4295609646172793,0.1437242319175412,0.2673241239504888,0.3649117802276549,0.0,0.695423110596896
0.0,0.7205280906923672,0.0,0.0,0.0,0.0,0.0,0.0,0.0,0.0,0.0,0.0,0.0,0.0,0.0793915783844465,0.0837525077122147,0.0,0.5353037321349329,0.0,0.1002786418974294,0.1716819348313149,0.1075263177698541,0.5439575567103992,0.0,0.2874172964074494,0.5598293436339465,0.2456062700215291,0.0,0.2655590341602499,0.0,0.0698777599349926,0.3289544397664,0.0,0.0,0.0509232388393253,0.0,0.0,0.0,0.3278073531663722,0.0,0.0,0.0,0.0,0.0,0.0,0.0,0.0,0.0,0.0,0.0,0.5911364731615073,0.0,0.4010008935506437,0.1609218699435753,0.5668652591068956,0.0,0.0,0.4671699143009709,0.0,0.1380234722674908,0.2893765195346356,0.6286553019597683,0.3623472183932011,0.0,0.0295091640504937,0.3452328438453709,0.2204510557833014,0.4938033167277084,0.0,0.4333653332996081,0.6356042181011669,0.0777368604657442,0.0736806219593539,0.0,0.0,0.0
0.0,0.0,0.8963834125519683,0.0,0.5826798691619912,0.1218280179797436,0.0,0.1462720340563583,0.7955606533060097,0.0,0.8450271999040466,0.0,0.1537973226196612,0.0,0.0,0.0,0.0,0.0,0.7501926898305954,0.0,0.0,0.0,0.2724979922208729,0.0,0.0,0.0,0.5516449298879348,0.0,0.0,0.0,0.0,0.0,0.0,0.0,0.0,0.0663831241197014,0.0,0.0,0.0,0.0,0.0,0.0,0.0339444377976955,0.0,0.0,0.0,0.0,0.0,0.0,0.3837753925416405,0.2116006734125678,0.1879381689458697,0.2230816064553935,0.721001860845911,0.0,0.8836055835345152,0.0,0.2926352002422559,0.0,0.0,0.0,0.0,0.0,0.7906261972476529,0.0,0.0,0.0,0.443880864884123,0.0,0.0,0.0,0.5540564340199525,0.6332775218121369,0.0947237549091211,0.3032775994721259,0.2598272319036226
0.0,0.0,0.0,0.0,0.0,0.0,0.0,0.0,0.0,0.0,0.0,0.0,0.0,0.0,0.0,0.0,0.0,0.0,0.0,0.0,0.0,0.0,0.0,0.0,0.0,0.0,0.0,0.0,0.0,0.0,0.0,0.0,0.0,0.0,0.0,0.0,0.0,0.0,0.473415930547826,0.0,0.0,0.0,0.2401497380740866,0.0,0.0,0.0,0.0,0.0,0.0,0.0301704966217564,0.0,0.3782108133255838,0.1918806139871709,0.0,0.0,0.0,0.0,0.1864244624296795,0.1073056975040213,0.0,0.0,0.0,0.0,0.0,0.0,0.0,0.0,0.1226944443422881,0.0,0.0,0.0,0.0,0.0,0.0,0.0,0.0
0.0,0.0,0.2307725898062402,0.0,0.0,0.0,0.0,0.0,0.0,0.0,0.3721765754114936,0.0,0.0,0.0,0.0,0.0,0.0,0.0,0.0,0.0,0.0,0.0,0.0,0.0,0.0,0.0,0.0,0.0,0.0,0.0,0.0,0.0,0.0,0.0,0.0,0.0,0.0,0.0,0.0130275655741446,0.0,0.0,0.0397604575913002,0.1077819910611161,0.0,0.0,0.0,0.0,0.3837753925416405,0.0301704966217564,0.0,0.1493411661503207,0.6028829723140235,0.1161139670034904,0.4866795612439235,0.169030166393427,0.4749076243363532,0.0828650102840706,0.4395002925650756,0.3582925588879272,0.0,0.0,0.0,0.0,0.1533193778463377,0.0,0.0,0.0,0.1548944211895173,0.0,0.0,0.0,0.309859442723299,0.5065987581813512,0.0,0.0,0.2056630738737755
0.0,0.0,0.3030534967171155,0.0,0.0,0.671681729071473,0.0,0.3156041369841681,0.230174554669883,0.0,0.2079655908530139,0.0,0.466124825350019,0.0,0.1824914527352451,0.0,0.0,0.0,0.2816868835180128,0.1038176655724329,0.0296005395471539,0.009727376623538,0.5035917352022519,0.0,0.0,0.0,0.2714155532121043,0.0280146000233062,0.187322632942582,0.0,0.0,0.0,0.0,0.0,0.0,0.0,0.0,0.0,0.0,0.0559754905119994,0.0,0.0,0.0088982341028591,0.0,0.0,0.0309297603857414,0.5911364731615073,0.2116006734125678,0.0,0.1493411661503207,0.0,0.1974715917428608,0.4106199566810709,0.2473291022933784,0.3634572809514035,0.0665463904508164,0.0,0.6828002089925013,0.1139124486525433,0.1999709453879106,0.1281285357431023,0.6674020712358744,0.3018306539883108,0.1776747150062052,0.2699946323133699,0.0794889988432661,0.2366459553737905,0.5071595123884214,0.0,0.2097976554104088,0.6306669427767954,0.1907902071572465,0.2496781200322752,0.4022710866987717,0.2516939678613099,0.0767001943536622
0.0,0.0,0.0,0.0,0.0,0.0447367521716855,0.0,0.0,0.0,0.0,0.0483458350857499,0.0,0.0,0.0,0.0,0.0,0.0,0.0,0.0,0.0,0.0,0.0,0.0,0.0,0.0,0.0,0.0649954338141851,0.0,0.0,0.0,0.0,0.0,0.0,0.0,0.0,0.0,0.0,0.0,0.1006313492792631,0.0,0.0793023610431033,0.129693472486456,0.1032214234679809,0.0,0.1348468672559576,0.0,0.0,0.1879381689458697,0.3782108133255838,0.6028829723140235,0.1974715917428608,0.0,0.1323488639645652,0.0,0.2583551662249103,0.22860493820879,0.1035129978595075,0.6187073769740931,0.1903750147899455,0.0,0.0566254214229002,0.4027935727890556,0.1327773955372756,0.0,0.0,0.0,0.0,0.0233566835393277,0.0,0.0374664630307729,0.037274755182358,0.0,0.3047479459914003,0.1796743579486259,0.0,0.2134087127471766
0.0,0.0,0.1481763007423511,0.0,0.101990844925887,0.2411979415585362,0.0,0.7873020805126082,0.0726062410691985,0.0,0.2142165906445283,0.0,0.3100128057352538,0.0,0.0,0.0,0.0,0.0,0.0782458218480125,0.0,0.3923877013751282,0.0,0.4788627872700901,0.0,0.0,0.0,0.0,0.0,0.0,0.0,0.0,0.0233268901556171,0.0,0.0,0.0,0.0,0.0,0.0,0.1877530890552502,0.2589591873720531,0.0309887149452983,0.0824931702175695,0.2608582080235243,0.0,0.0,0.2102905647431301,0.4010008935506437,0.2230816064553935,0.1918806139871709,0.1161139670034904,0.4106199566810709,0.1323488639645652,0.0,0.09859561972008,0.0,0.266002581335733,0.0,0.4906786721848267,0.0,0.0,0.0,0.0,0.0,0.1217133661559987,0.0,0.2903236921768213,0.0,0.3277431064273331,0.5089893248031545,0.0,0.5678872464581903,0.0,0.1547518671724576,0.0,0.1813793933046809,0.0
0.0,0.0,0.7809195294436798,0.0,0.6444372682459882,0.148757891740537,0.0,0.1404516395137323,0.979136655941676,0.0,0.8202827976114595,0.0,0.0,0.0,0.0,0.0,0.0,0.0,0.6522671832692598,0.0,0.0,0.0,0.2215304825856495,0.0,0.0,0.0,0.7089280979335416,0.0,0.0,0.0,0.0,0.0,0.0,0.0,0.0,0.005487377513117,0.0,0.0,0.0,0.0,0.0,0.0,0.0,0.0,0.2248623501185274,0.0,0.1609218699435753,0.721001860845911,0.0,0.4866795612439235,0.2473291022933784,0.0,0.09859561972008,0.0,0.2210175796810172,0.6856803823421969,0.4515878578818838,0.2250109695609861,0.0344824901777223,0.0,0.0,0.0,0.0,0.68130045510133,0.6916985617046983,0.0,0.6975669607872682,0.3755468888027018,0.0,0.0,0.2620435121566912,0.7018919545188625,0.5267999902050864,0.1067161172311746,0.109040817568083,0.0643136936022688
0.1664095574173109,0.0,0.0,0.0,0.0,0.0,0.0,0.0,0.0,0.5183991788493723,0.0,0.4201026314774713,0.0,0.0,0.0,0.0,0.454395377840233,0.3357579032724038,0.0,0.0,0.0,0.0,0.0,0.0006495180026534,0.1530458034971371,0.3094181112332105,0.0,0.0,0.0,0.0,0.2637074044085518,0.1711638084091862,0.0,0.0,0.0,0.0,0.0,0.0885640179472297,0.1235804391404843,0.0,0.0,0.0,0.1683342713805813,0.0,0.4478394347403149,0.203150990194865,0.5668652591068956,0.0,0.0,0.169030166393427,0.3634572809514035,0.2583551662249103,0.0,0.2210175796810172,0.0,0.0653818134884874,0.4834072321821788,0.4200818667106394,0.0,0.0,0.3292342027395691,0.7427051083997211,0.4061799479394273,0.0,0.0513811688794716,0.0,0.3226604080815829,0.0,0.0479285596177882,0.4410649569669649,0.5317354745129772,0.1165723789671917,0.3384908030651407,0.0,0.0,0.1628451400663691
