0.0,0.3478388419191449,0.0,0.0,0.0,0.3540002374159081,0.0,0.2088827266467946,0.0,0.3192253654126901,0.0,0.0,0.0,-0.0010499495490336,0.3231730517275992,0.3070685446416538,0.4359164574985122,0.3475979660229605,0.0,0.2973881839956003,0.422003748643681,0.3561292910662929,0.2189136546281567,0.3076452619128879,0.4535687446483257,0.4442151595294247,0.1429395800693248,0.1213970844588186,0.514432911529248,0.0,0.1724827119368869,0.0,0.1294907777188364,0.0,0.0,0.0,0.0,0.0,0.0658254610411377,0.03209436203493,0.3305575794979039,0.0,0.0,0.0,0.0,0.5262420218824888,0.064853821880754,0.0,0.0,0.0,0.0,0.0,0.0,0.0,0.0,0.0,0.0,0.0,0.0,0.0,0.2678069052848696,0.0,0.3725900103869297,0.0,0.0,0.432564082264531,0.2749915759564528,0.4388941041696941,0.2523674282311119,0.4292706348066867,0.3218236091463467,0.0,0.0,0.0,0.0,0.3041543366569018
0.3478388419191449,0.0,0.0,0.0,0.1664161542331058,0.5068788046918293,0.3293164638206938,0.1850695521723931,0.1387676209700328,0.0,0.0,0.0,0.1934725789676726,0.0,0.3961543190074376,0.4672541951444324,0.0,0.5478817383479555,0.0,0.4177545282036706,0.212335587902396,0.4627441901237237,0.3044739784818469,0.0,0.5884731842812516,0.5773209895836545,0.4378198683633347,0.2206383615090852,0.4733314836643073,0.0,0.092297515033429,0.0,0.0166119554145242,0.0,0.0,0.0,0.0,0.0,0.0,0.0,0.2566807922188372,0.0,0.0,0.0,0.0,0.2578144298174605,0.3689681663351321,0.0,0.0,0.0,0.4255197730305761,0.0,0.0,0.0,0.0,0.0,0.0,0.0,0.0,0.406962334554415,0.4210544996563296,0.0,0.3531350359581671,0.0,0.3120124863354591,0.1763596978101863,0.3939527280041906,0.3426224187918073,0.0,0.4378092188223437,0.415387476854001,0.4438125607570105,0.0,0.4115209339597937,0.0,0.2498582147939171
0.0,0.0,0.0,0.0438324924566878,0.4407398880007871,0.2355822825075095,0.1446429069896573,0.1389377020926094,0.5447445926265599,0.0,0.5756407034962181,0.0,0.3243470489105692,0.1669490859485098,0.0,0.0,0.0,0.0,0.5836521011449001,0.0,0.0,0.0,0.3018350619030218,0.0,0.0,0.0,0.4927844130924028,0.4137352390854477,0.0231065906090519,0.3079695651478166,0.2606510813301564,0.0,0.0,0.038664181181693,0.0052809818996114,0.1949156352216409,0.1093464437973937,0.0,0.0,0.0,0.0,0.0,0.1402002254255956,0.0,0.0,0.0,0.0,0.6306279929022258,0.0,0.4673317514473477,0.1596191012838079,0.3058538010831291,0.1698384209099395,0.5341786588723031,0.0,0.6105414270396018,0.0,0.3227996009592255,0.1989956488138828,0.0,0.0,0.0,0.0,0.603870763053571,0.0,0.0,0.0,0.1263950246252512,0.0,0.0,0.0,0.3823472467631451,0.0,0.0,0.0,0.0
0.0,0.0,0.0438324924566878,0.0,0.0,0.0,0.0,0.0,0.0,0.0,0.0435162586433195,0.1341282345767459,0.1509760149910992,0.0,0.0,0.0,0.0,0.0,0.0856937720501427,0.0,0.0,0.0,0.0,0.0,0.0,0.0,0.0,0.043168780201907,0.0,0.0,0.0478322767688651,0.1815214289189644,0.0,0.1349454811472666,0.0172925746739151,0.0946605090499715,0.2874094191689433,0.0,0.0,0.0,0.0,0.0,0.0,0.0,0.0,0.0,0.0,0.0,0.0,0.0,0.0,0.0,0.0,0.0,0.0,0.0,0.0,0.0,0.0,0.0,0.0,0.0,0.0,0.0,0.0,0.0,0.0,0.0,0.0,0.0,0.0,0.0,0.0,0.0,0.0,0.0
0.0,0.1664161542331058,0.4407398880007871,0.0,0.0,0.38812878475872,0.4234771112165773,0.1295409675014645,0.5922767165438477,0.0731197425687568,0.538589257088591,0.2665468613779104,0.2470745040074576,0.1798448220093861,0.0,0.0334657045667138,0.0,0.0,0.4149144920242633,0.4283588959287728,0.0,0.3698118854416831,0.2187101768720985,0.0,0.0771850393725509,0.101651224970027,0.4556301783306204,0.392937266967723,0.216914261854513,0.0,0.0713703419744877,0.0,0.0,0.0,0.0,0.0936334572895778,0.101913616348276,0.0,0.0,0.0,0.0,0.0,0.1527567125593956,0.0,0.0,0.0,0.0,0.4909233984821346,0.0,0.0,0.1591574573119512,0.0,0.2003391834718303,0.5619613047505555,0.0,0.4968038057768013,0.0,0.0,0.0,0.0,0.0,0.0,0.0,0.4803811911688412,0.0,0.0,0.0,0.190491058474001,0.0,0.0,0.0,0.3881627951830473,0.0,0.0,0.0,0.0
0.3540002374159081,0.5068788046918293,0.2355822825075095,0.0,0.38812878475872,0.0,0.4834520924816807,0.3225471318420692,0.3658695770217674,0.2167921453939784,0.2794613028089331,0.1103707429850075,0.2071493241135743,0.1710883404780683,0.4257550009663303,0.2514058453003615,0.0,0.4053087616737622,0.2208026199253448,0.4889402713205731,0.2169118166256386,0.4768204125888884,0.4039231680327715,0.0,0.4410586056077423,0.4629630500317176,0.4914539746350285,0.3111417775334034,0.4802735289174191,0.2542945558512822,0.0561318676452534,0.0,0.0,0.0,0.0,0.030871973720516,0.0,0.0,0.0,0.0,0.1358702935742145,0.0,0.1050313635023977,0.0,0.0,0.0,0.0,0.3212531074854818,0.0,0.1356113955197102,0.4545942012586054,0.374658778509625,0.3381695296981782,0.3392831365209584,0.0,0.2433501656884501,0.0,0.3741295100981552,0.0,0.3971491325572751,0.0,0.0,0.0,0.2970514782777752,0.4392485613671538,0.1712497797204613,0.4011462904506767,0.4676906238160903,0.0,0.0,0.3120223942205624,0.5086821851322492,0.4597622202281326,0.4029924724108348,0.0,0.2456629045591787
0.0,0.3293164638206938,0.1446429069896573,0.0,0.4234771112165773,0.4834520924816807,0.0,0.0604185738915195,0.3309168610818152,0.2535285164366157,0.2730694377520306,0.1339729779824275,0.0658720960531366,0.1129340890021466,0.0,0.0675558124020689,0.3265590796723044,0.2330650817394688,0.1355256531293779,0.5004777244648259,0.0,0.4429673570808495,0.123979357413598,0.0832110288706565,0.2877721581751521,0.2500213669821316,0.4143981310691258,0.2581475920804116,0.5275349175859528,0.0,0.0,0.0,0.0,0.0,0.0,0.0,0.0,0.0,0.0,0.0,0.0,0.0,0.1370650829318291,0.0,0.0,0.0,0.0,0.0,0.0,0.0,0.1730134912575965,0.0,0.0,0.0,0.0,0.0,0.0,0.0,0.0,0.0,0.0,0.0,0.0,0.0,0.0,0.0,0.0,0.3560622269613839,0.0,0.0,0.0,0.4299529023630217,0.0,0.0,0.0,0.0
0.2088827266467946,0.1850695521723931,0.1389377020926094,0.0,0.1295409675014645,0.3225471318420692,0.0604185738915195,0.0,0.1042729928789425,0.3073994829934804,0.0837429874700414,0.0,0.1588053243525742,0.1344644031841303,0.0824968309302201,0.087242961789159,0.0,0.1650885836526616,0.1334801622273407,0.0940017285399908,0.345907902982166,0.0797930200240082,0.531396025188286,0.4267352634276237,0.2445461644837111,0.2822472924041396,0.1045970284194299,0.1825004253729111,0.1131091144034375,0.1836421369189915,0.157496655300142,0.119141277133005,0.2188578627083738,0.115425372199884,0.0,0.143206301383347,0.0,0.0,0.117604686355179,0.0,0.152987333934132,0.0,0.088218824909385,0.0,0.0,0.0,0.0,0.1145117743961942,0.0,0.0502262302778997,0.3316796556506549,0.1393457304355904,0.5079286138760725,0.0781743786581841,0.0,0.1266555429923164,0.0,0.2190818130086917,0.0863239922700146,0.1012797613781588,0.0,0.0,0.0,0.1198148576867652,0.0600643318246535,0.2060660773381656,0.0542771606743616,0.3643300981149181,0.0,0.0,0.0,0.0767587558024247,0.1441161411731327,0.0918287766061667,0.0,0.0770450328260407
0.0,0.1387676209700328,0.5447445926265599,0.0,0.5922767165438477,0.3658695770217674,0.3309168610818152,0.1042729928789425,0.0,0.0545858918582737,0.6004392987579087,0.2853298810720759,0.3172898525160338,0.1254572424830336,0.0,0.1064030940307724,0.0,0.0,0.507382463578847,0.4415115757750255,0.0,0.41768030563506,0.2600160542325575,0.0,0.0569160878035468,0.0575178681678613,0.5331101320878204,0.4384878067508304,0.1943264176508212,0.3501425371429451,0.2056500610334315,0.0,0.0,0.0,0.0,0.1436068388691433,0.1063890145594862,0.030039089706527,0.0,0.0,0.0,0.0,0.1083219820758313,0.0,0.0,0.0,0.0,0.5747957334629561,0.0,0.5490079646127104,0.1824267971634682,0.4075380626090876,0.1867598527513294,0.6478719399920896,0.0,0.5871484392394584,0.0,0.3644846784532924,0.0830324002454362,0.0,0.0,0.0,0.0,0.5703367655784879,0.0,0.0,0.0,0.1809946599186325,0.0,0.0,0.0,0.4684186094936211,0.0,0.0,0.0,0.0
0.3192253654126901,0.0,0.0,0.0,0.0731197425687568,0.2167921453939784,0.2535285164366157,0.3073994829934804,0.0545858918582737,0.0,0.0,0.3658432606676907,0.0574655050867913,0.0367480870572747,0.0,0.092646313098161,0.4306068675753963,0.1303787021385025,0.0,0.0,0.345255649714652,0.1962863248610914,0.2079922269959338,0.3572498658545435,0.2194289323387071,0.1868665488563993,0.0621670936461139,0.2115292007677704,0.0,0.0,0.2071876504564783,0.0,0.0324954579947677,0.0,0.0,0.0,0.0,0.0593557654727508,0.0351101881565443,0.0789587688459865,0.101223545518807,0.0925982419438103,0.0,0.0,0.1218890996092338,0.2686114847914913,0.0,0.0,0.0,0.0,0.0,0.0,0.0,0.0,0.1077186886670621,0.0,0.1252579781472039,0.0971203783436938,0.0,0.0,0.060353118225737,0.1569864040203803,0.1117155746451413,0.0,0.0,0.0,0.0,0.0,0.1427904024855714,0.1087334140473075,0.1428976649641837,0.0,0.1731005647097322,0.0,0.0,0.2114293714312856
0.0,0.0,0.5756407034962181,0.0435162586433195,0.538589257088591,0.2794613028089331,0.2730694377520306,0.0837429874700414,0.6004392987579087,0.0,0.0,0.2521088975660251,0.30188977075457,0.1524783327361385,0.0,0.0,0.0,0.0,0.5505866706008609,0.0,0.0,0.0,0.2377964365851677,0.0483827396065525,0.0,0.0,0.5127917050679575,0.3701144346347729,0.0,0.0,0.1354047311103799,0.0,0.0,0.0,0.0,0.1534543957423559,0.0909864064773142,0.0339106123158174,0.0,0.0,0.0,0.0,0.1228760278396963,0.0,0.0,0.0,0.0,0.5786412359987443,0.0,0.5154602714188448,0.141386625725345,0.3529632621489025,0.1627574127930375,0.6041303833445547,0.0,0.6201907592050182,0.0,0.3039618517622563,0.1280997721282548,0.0,0.0,0.0,0.0,0.5946569951763802,0.0,0.0,0.0,0.1493927077923213,0.0,0.0,0.0,0.4377736859896095,0.0,0.0,0.0,0.0
0.0,0.0,0.0,0.1341282345767459,0.2665468613779104,0.1103707429850075,0.1339729779824275,0.0,0.2853298810720759,0.3658432606676907,0.2521088975660251,0.0,0.2366457072859973,0.0,0.0,0.0,0.1080514144320361,0.0,0.0,0.0,0.1385270046062328,0.0,0.2436988349423673,0.2949256761063518,0.0,0.0,0.0,0.3707598912683564,0.0,0.0,0.2321152620221311,0.0,0.0,0.0112047252913872,0.0,0.1438497917159917,0.0900167776886503,0.1887926241304704,0.0,0.0,0.0,0.0825432036824313,0.0,0.0,0.0712429459610004,0.0,0.0,0.0,0.0,0.0,0.0,0.0,0.0,0.0,0.2777019353484741,0.0,0.5054424059546393,0.0,0.0,0.0,0.0,0.0,0.0,0.0,0.0,0.0,0.0,0.0,0.0459627462747376,0.0,0.0183811845824768,0.0,0.1747861705011534,0.0,0.0,0.1892350567016513
0.0,0.1934725789676726,0.3243470489105692,0.1509760149910992,0.2470745040074576,0.2071493241135743,0.0658720960531366,0.1588053243525742,0.3172898525160338,0.0574655050867913,0.30188977075457,0.2366457072859973,0.0,0.0,0.0576369414766508,0.3204613829901303,0.1843732348340606,0.3182327901167164,0.3329511812665042,0.1458053809909146,0.1843581452808252,0.161067944291618,0.2948207020884302,0.1799051954314649,0.1242465376490072,0.1114019073418133,0.2864092851021524,0.4699671863823831,0.0634753203864389,0.3180225370105367,0.3788085068812896,0.1138293955976786,0.1284115310737517,0.2947035166378071,0.0955446949646608,0.2529756429825281,0.1477529125857433,0.0979525939822838,0.0,0.0,0.0,0.0,0.0600288924063985,0.0,0.0,0.0,0.0,0.273709215203913,0.0,0.0,0.2652303910094154,0.0,0.0913672726288126,0.0,0.0,0.0,0.0,0.0,0.0,0.0,0.0,0.0,0.0,0.0,0.1616278176825442,0.0,0.0,0.0277692377301447,0.0,0.0,0.0,0.231995999945248,0.0,0.2619345931370975,0.0,0.0
-0.0010499495490336,0.0,0.1669490859485098,0.0,0.1798448220093861,0.1710883404780683,0.1129340890021466,0.1344644031841303,0.1254572424830336,0.0367480870572747,0.1524783327361385,0.0,0.0,0.0,0.0,0.0,0.0,0.0,0.1042897405776033,0.0,0.0,0.0,0.2225993569526815,0.0,0.0,0.0,0.1886377957769881,0.0169934828333851,0.0,0.0,0.0,0.0,0.0,0.0,0.0,0.145735805523361,0.0,0.0,0.0,0.0,0.0,0.0,0.0914049448268493,0.0,0.0,0.0,0.0,0.1469252496248426,0.0,0.0,0.0,0.0,0.0,0.1195776931396156,0.0,0.1818394469462674,0.0,0.0,0.0,0.0,0.0,0.0,0.0,0.1411103528766862,0.0,0.0,0.0,0.1543013338964463,0.0,0.0,0.0,0.1222193685535855,0.0,0.0,0.0,0.0
0.3231730517275992,0.3961543190074376,0.0,0.0,0.0,0.4257550009663303,0.0,0.0824968309302201,0.0,0.0,0.0,0.0,0.0576369414766508,0.0,0.0,0.2287494475661911,0.0,0.3778278164144455,0.0,0.5784768316052851,0.196656080541232,0.5881996959818523,0.1982621403085597,0.1661877567268806,0.3698657669286427,0.3763500770672222,0.4061191262614483,0.3388720141942756,0.4751336452852593,0.2820490029296372,0.1227058949288308,0.0,0.0,0.0,0.0,0.0,0.0,0.0,0.0,0.0,0.0338423703156051,0.0,0.0957753375944592,0.0,0.0,0.3712484094789347,0.2530837715293826,0.0,0.0,0.0,0.273221087798663,0.0,0.1880418670356991,0.0,0.0,0.0,0.0,0.0,0.0,0.5986444468683433,0.3584223556047847,0.0,0.0,0.0,0.5578117528364137,0.2051694842649175,0.5596860949691017,0.3785183665487435,0.0,0.3336003834368307,0.3006268454818783,0.4620860492660746,0.5102089237088127,0.4470587670085047,0.0,0.4025721013190925
0.3070685446416538,0.4672541951444324,0.0,0.0,0.0334657045667138,0.2514058453003615,0.0675558124020689,0.087242961789159,0.1064030940307724,0.092646313098161,0.0,0.0,0.3204613829901303,0.0,0.2287494475661911,0.0,0.3965677763028473,0.5761241551676782,0.0,0.2167889926488305,0.2750929909482523,0.3371675341879548,0.1547608854109181,0.1934536999590417,0.4294317411069014,0.4736340105195729,0.2530399356979252,0.278157206288184,0.3362419664336425,0.2125919498384985,0.4053886976873926,0.1292760011235551,0.2274551233842137,0.2658946855846229,0.0704902390191924,0.0,0.0,0.0,0.0800402801118313,0.1938516193856187,0.243196126847608,0.0,0.0,0.0,0.0,0.2873290926061505,0.3468446919631964,0.0,0.0,0.0,0.0,0.0,0.0,0.0,0.0,0.0,0.0,0.0,0.0,0.3027456991789847,0.5331054358393679,0.0,0.4588956449670591,0.0,0.1882941905891624,0.0613079516007597,0.3325270714224596,0.0,0.0,0.3133166742849952,0.4695178094857041,0.2639936951359162,0.0,0.0,0.0,0.4361174724701381
0.4359164574985122,0.0,0.0,0.0,0.0,0.0,0.3265590796723044,0.0,0.0,0.4306068675753963,0.0,0.1080514144320361,0.1843732348340606,0.0,0.0,0.3965677763028473,0.0,0.4736036624260626,0.0,0.3640542392379928,0.0,0.4016443275730019,0.0,0.293594156277637,0.4656221260608313,0.4671545077354464,0.0,0.2894185071603872,0.5217121863298698,0.0,0.2515860479459419,0.0,0.1115112501531805,0.0,0.0,0.0,0.0,0.0,0.0125827963320142,0.0855936099799268,0.2340982986961958,0.0,0.0,0.0,0.0,0.0,0.0,0.0,0.0,0.0,0.0,0.0,0.0,0.0,0.0067993519226226,0.0,0.0,0.0,0.0,0.0,0.0,0.3757796737328495,0.4055891097803147,0.0,0.0,0.0,0.0,0.0,0.1128824591700318,0.2879030802698519,0.3485333177313615,0.0,0.0,0.0,0.0,0.3062385194695091
0.3475979660229605,0.5478817383479555,0.0,0.0,0.0,0.4053087616737622,0.2330650817394688,0.1650885836526616,0.0,0.1303787021385025,0.0,0.0,0.3182327901167164,0.0,0.3778278164144455,0.5761241551676782,0.4736036624260626,0.0,0.0,0.3890788074456585,0.2789478831459964,0.4699325006873298,0.2481359231143529,0.2250176979134104,0.5436433522774762,0.5599488965481564,0.3727061410581438,0.346535600903309,0.4498333942702736,0.2482440782835667,0.3087947812094514,0.0,0.1387990058403048,0.1225157927317709,0.0,0.0,0.0,0.0,0.0,0.1147179266844076,0.2185691793716339,0.0,0.0,0.0,0.0,0.2875693469971468,0.3350826142511233,0.0,0.0,0.0,0.0,0.0,0.0,0.0,0.1186297888663331,0.0,0.0122431239129146,0.0,0.0,0.0,0.5141693311794333,0.4126472969798056,0.5135453593319408,0.0,0.0,0.0,0.4179188567768274,0.0,0.1578273018330591,0.4059598943178252,0.4965358776952325,0.0,0.0,0.0,0.0,0.4091459732790135
0.0,0.0,0.5836521011449001,0.0856937720501427,0.4149144920242633,0.2208026199253448,0.1355256531293779,0.1334801622273407,0.507382463578847,0.0,0.5505866706008609,0.0,0.3329511812665042,0.1042897405776033,0.0,0.0,0.0,0.0,0.0,0.0,0.0,0.0,0.2908494164769574,0.0,0.0,0.0,0.4408134423475265,0.4107106401017213,0.0,0.0,0.3087526762727505,0.0,0.0,0.0987491398151887,0.0167865236044379,0.2479597779982205,0.1536819704054798,0.0806935537152489,0.0,0.0,0.0,0.0,0.1781920296702777,0.0,0.0,0.0,0.0,0.5412546837440729,0.0,0.4363548083616371,0.1895105482686334,0.2801334478950169,0.1530587903115628,0.5143497866540119,0.0,0.5623289180805905,0.0,0.0,0.1785540521433864,0.0,0.0,0.0,0.0,0.6093741191083873,0.0,0.0,0.0,0.1437600556899819,0.0,0.0,0.0,0.3316566781653816,0.0,0.0,0.0,0.0
0.2973881839956003,0.4177545282036706,0.0,0.0,0.4283588959287728,0.4889402713205731,0.5004777244648259,0.0940017285399908,0.4415115757750255,0.0,0.0,0.0,0.1458053809909146,0.0,0.5784768316052851,0.2167889926488305,0.3640542392379928,0.3890788074456585,0.0,0.0,0.1715658004636576,0.6383400605946892,0.2309942088732795,0.0,0.3520748711247733,0.3310857464526162,0.5263323095242539,0.3848524919070038,0.5264169842705727,0.3267474610987176,0.1546343335478519,0.0,0.0,0.0,0.0,0.0006556848015045,0.0,0.0,0.0,0.0,0.0,0.0,0.0,0.0,0.0,0.0,0.2874320767426825,0.0,0.0,0.0,0.2733174229940256,0.0,0.2099009493165253,0.0,0.0,0.0,0.0,0.3515716936591216,0.0,0.5422554259567356,0.0,0.0,0.0,0.0,0.6324001603410061,0.1554214911584649,0.6113522781169323,0.3615241521290249,0.0,0.0,0.2712948722721963,0.5435380028662632,0.5468897736386498,0.5052594630498651,0.0,0.4166179935473968
0.422003748643681,0.212335587902396,0.0,0.0,0.0,0.2169118166256386,0.0,0.345907902982166,0.0,0.345255649714652,0.0,0.1385270046062328,0.1843581452808252,0.0,0.196656080541232,0.2750929909482523,0.0,0.2789478831459964,0.0,0.1715658004636576,0.0,0.2297048394391656,0.3284988393066955,0.3777526591955781,0.3455919601674224,0.2715760118444815,0.0959302958258074,0.2440704833066654,0.3397831864838306,0.3649977369272081,0.3109796594933005,0.1424687448259237,0.2539304389748563,0.1214186807691728,0.0,0.0070191945537224,0.0,0.0,0.1968488334715153,0.2655225258442297,0.2110407558481059,0.1097839799752023,0.0,0.0,0.0,0.4178512979114439,0.2036803196271084,0.0,0.0,0.0,0.2178582941384277,0.0,0.3077867884338203,0.0,0.0,0.0,0.0,0.0,0.0,0.2486741565241239,0.2262407542155023,0.0,0.0,0.0,0.1837934639620364,0.4789751476812528,0.2250290802510033,0.3613678036803606,0.0,0.2994608638541759,0.3657169470112324,0.1352411534737806,0.278273423952471,0.3429971456380156,0.0,0.3162833763119677
0.3561292910662929,0.4627441901237237,0.0,0.0,0.3698118854416831,0.4768204125888884,0.4429673570808495,0.0797930200240082,0.41768030563506,0.1962863248610914,0.0,0.0,0.161067944291618,0.0,0.5881996959818523,0.3371675341879548,0.4016443275730019,0.4699325006873298,0.0,0.6383400605946892,0.2297048394391656,0.0,0.2326269128667573,0.0,0.4066774687556113,0.3949730791733861,0.5178155415762679,0.3915802419659584,0.5467861929267906,0.3534377006460801,0.2327965038238701,0.0,0.0,0.0,0.0,0.0147196377117783,0.0,0.0,0.0,0.0,0.0229395285150676,0.0,0.0,0.0,0.0,0.3957096405152416,0.3164343784642543,0.0,0.0,0.0,0.273508778009508,0.0,0.0,0.0,0.0,0.0,0.0,0.0,0.0,0.5746508771797219,0.4792053229664619,0.0,0.4611142934573267,0.0,0.6041182702510624,0.1719515287884149,0.6360050685457849,0.3517711295868448,0.0,0.3377270877809819,0.3312308898938124,0.5363520191172917,0.5612009524564379,0.5237350566595357,0.0,0.4726684176800558
0.2189136546281567,0.3044739784818469,0.3018350619030218,0.0,0.2187101768720985,0.4039231680327715,0.123979357413598,0.531396025188286,0.2600160542325575,0.2079922269959338,0.2377964365851677,0.2436988349423673,0.2948207020884302,0.2225993569526815,0.1982621403085597,0.1547608854109181,0.0,0.2481359231143529,0.2908494164769574,0.2309942088732795,0.3284988393066955,0.2326269128667573,0.0,0.3392893125402003,0.3199241287329852,0.28836792842609,0.3219293887100994,0.3275568241804651,0.1579809123153714,0.3119822322432372,0.2591325806335695,0.0049676288390159,0.1119241283305105,0.1260487928671645,0.0,0.2374181478631491,0.0,0.1566747641274678,0.0,0.0941393207772294,0.1032340442602225,0.0687851415524335,0.1550172869504623,0.0,0.0,0.0,0.3311732250926521,0.2716843517711838,0.0,0.1757176874293734,0.4610160655038404,0.2867130914065793,0.4656019293594549,0.2403963136571184,0.0,0.2837019917863432,0.0,0.3147263146996579,0.1853697751511809,0.2404775339205591,0.0,0.0,0.0,0.2694757484104584,0.2325099175684891,0.1483962709378518,0.1957864388763296,0.4732531089251275,0.0,0.0,0.3502455494114996,0.2896065621115142,0.2789322556405169,0.2482742115684531,0.1969418203611023,0.1738847747878115
0.3076452619128879,0.0,0.0,0.0,0.0,0.0,0.0832110288706565,0.4267352634276237,0.0,0.3572498658545435,0.0483827396065525,0.2949256761063518,0.1799051954314649,0.0,0.1661877567268806,0.1934536999590417,0.293594156277637,0.2250176979134104,0.0,0.0,0.3777526591955781,0.0,0.3392893125402003,0.0,0.2245087711941327,0.2795396118752095,0.1330620587317017,0.2917947391278528,0.0,0.0,0.3074512015542053,0.0760997202884493,0.163740971305364,0.1120733135230647,0.0,0.2478488803531139,0.0559578076099783,0.0952796060326411,0.0522377131044868,0.2066328332607639,0.1133233107159448,-0.0050757934200943,0.0,0.0,0.0940410914087756,0.2744976808043349,0.1691467005351835,0.0,0.0,0.0,0.0,0.0,0.0,0.0,0.2744976078844767,0.0,0.2848802613715271,0.0,0.0,0.0,0.1550092588865544,0.2234198838592945,0.2093044895832502,0.0,0.0,0.0,0.0,0.0,0.4063121844632403,0.0983990035806225,0.3570557514643404,0.0,0.2351548526527292,0.0,0.0,0.236069359372883
0.4535687446483257,0.5884731842812516,0.0,0.0,0.0771850393725509,0.4410586056077423,0.2877721581751521,0.2445461644837111,0.0569160878035468,0.2194289323387071,0.0,0.0,0.1242465376490072,0.0,0.3698657669286427,0.4294317411069014,0.4656221260608313,0.5436433522774762,0.0,0.3520748711247733,0.3455919601674224,0.4066774687556113,0.3199241287329852,0.2245087711941327,0.0,0.592143733647435,0.3234198237472002,0.1633043489349587,0.4883894331304211,0.0,0.1198617313034579,0.0,0.1242761484600449,0.0,0.0,0.0,0.0,0.0,0.0284135514697737,0.0678046783386199,0.3424556552870685,0.0038426675112624,0.0,0.0,0.0531066800747266,0.3460199452721587,0.2683081856256131,0.0,0.0,0.0,0.0,0.0,0.0,0.0,0.0,0.0,0.0,0.0,0.0,0.3815151476072898,0.3858430143045077,0.3017427339526662,0.3911382560500416,0.0,0.263150776343658,0.3445142319638435,0.3367104747482992,0.0,0.144550514103136,0.5197989075975021,0.4599605640051811,0.0,0.0,0.4193474249514868,0.0,0.261953876867098
0.4442151595294247,0.5773209895836545,0.0,0.0,0.101651224970027,0.4629630500317176,0.2500213669821316,0.2822472924041396,0.0575178681678613,0.1868665488563993,0.0,0.0,0.1114019073418133,0.0,0.3763500770672222,0.4736340105195729,0.4671545077354464,0.5599488965481564,0.0,0.3310857464526162,0.2715760118444815,0.3949730791733861,0.28836792842609,0.2795396118752095,0.592143733647435,0.0,0.283201467617786,0.1789599460265457,0.4600734453503856,0.0,0.1265986028903883,0.0,0.1373500609061624,0.0,0.0,0.0453793725839195,0.0,0.0,0.024943021963556,0.0649619699011236,0.3345616227344944,0.0,0.0,0.0,0.046262012919846,0.3279599658119934,0.2543887118270936,0.0,0.0,0.0,0.3591024691212641,0.0,0.0,0.0,0.0,0.0,0.0,0.0,0.0,0.3589558129913574,0.3915853457530665,0.2678565798597758,0.4095165006846721,0.0,0.2316181936939377,0.2322146018453774,0.3239854146832381,0.3312002480958891,0.1669017734936556,0.4353868355811644,0.4897857086005589,0.307249687304754,0.0,0.337774798369747,0.0,0.2594398351565085
0.1429395800693248,0.4378198683633347,0.4927844130924028,0.0,0.4556301783306204,0.4914539746350285,0.4143981310691258,0.1045970284194299,0.5331101320878204,0.0621670936461139,0.5127917050679575,0.0,0.2864092851021524,0.1886377957769881,0.4061191262614483,0.2530399356979252,0.0,0.3727061410581438,0.4408134423475265,0.5263323095242539,0.0959302958258074,0.5178155415762679,0.3219293887100994,0.1330620587317017,0.3234198237472002,0.283201467617786,0.0,0.3839882815448044,0.3425935442124862,0.3453325822143905,0.1597300568981262,0.0,0.0,0.0,0.0,0.0978416209667277,0.0612553761440241,0.0,0.0,0.0,0.0,0.0,0.1217981951313134,0.0,0.0,0.0,0.4110462743658289,0.5506603714299528,0.0,0.34524518030464,0.2961512544771705,0.4421945167363129,0.1801533234664377,0.5335832972804218,0.0,0.5024887065010243,0.0,0.3653959957061098,0.0841628079742955,0.432218291178696,0.0,0.0,0.0,0.5130706989096827,0.5260445841956773,0.0,0.4916215608125147,0.3106900598459261,0.0,0.0,0.2666168620000517,0.6328463966528857,0.432035772619582,0.4352036367911767,0.1571553651067987,0.3475607147598724
0.1213970844588186,0.2206383615090852,0.4137352390854477,0.043168780201907,0.392937266967723,0.3111417775334034,0.2581475920804116,0.1825004253729111,0.4384878067508304,0.2115292007677704,0.3701144346347729,0.3707598912683564,0.4699671863823831,0.0169934828333851,0.3388720141942756,0.278157206288184,0.2894185071603872,0.346535600903309,0.4107106401017213,0.3848524919070038,0.2440704833066654,0.3915802419659584,0.3275568241804651,0.2917947391278528,0.1633043489349587,0.1789599460265457,0.3839882815448044,0.0,0.2621274952520099,0.4537796144247368,0.4076362052322916,0.0,0.0,0.1042238684872149,0.0,0.1667483007100547,0.1513402532024137,0.0703113701976151,0.0,0.0,0.0,0.0,0.191649765855056,0.0,0.0,0.0,0.0,0.437333576588106,0.0,0.0,0.2572610496911605,0.0,0.1750131120650503,0.0,0.0,0.0,0.3448547848339592,0.0,0.0,0.3780551793206187,0.0,0.0,0.0,0.0,0.4150672864843087,0.0528313404686471,0.3975510934620228,0.2239042589673708,0.0,0.0,0.0,0.3548171589662292,0.4707006930245683,0.3842125195631126,0.0,0.375149946563116
0.514432911529248,0.4733314836643073,0.0231065906090519,0.0,0.216914261854513,0.4802735289174191,0.5275349175859528,0.1131091144034375,0.1943264176508212,0.0,0.0,0.0,0.0634753203864389,0.0,0.4751336452852593,0.3362419664336425,0.5217121863298698,0.4498333942702736,0.0,0.5264169842705727,0.3397831864838306,0.5467861929267906,0.1579809123153714,0.0,0.4883894331304211,0.4600734453503856,0.3425935442124862,0.2621274952520099,0.0,0.3113363179086327,0.1087790977636869,0.0,0.0,0.0,0.0,0.0,0.0,0.0,0.0,0.0,0.2632113765533277,0.0,0.0299697790779982,0.0,0.0,0.0,0.1991852341381351,0.0,0.0,0.0,0.2710747016814979,0.0,0.2058378283880582,0.0,0.0,0.0,0.0,0.2891928765908525,0.0,0.4433391960559209,0.0,0.0,0.0,0.0,0.4647003203303237,0.3859435355777817,0.4970721817621891,0.4472822136106503,0.0,0.0,0.3206090620186688,0.4300204725635134,0.4755929367593355,0.5440753690533933,0.2915939320298323,0.412601294317425
0.0,0.0,0.3079695651478166,0.0,0.0,0.2542945558512822,0.0,0.1836421369189915,0.3501425371429451,0.0,0.0,0.0,0.3180225370105367,0.0,0.2820490029296372,0.2125919498384985,0.0,0.2482440782835667,0.0,0.3267474610987176,0.3649977369272081,0.3534377006460801,0.3119822322432372,0.0,0.0,0.0,0.3453325822143905,0.4537796144247368,0.3113363179086327,0.0,0.3981369586303635,0.0,0.0327540702887172,0.0723642449593962,0.0,0.0,0.0,0.0,0.0,0.0,0.0,0.0,0.0,0.0,0.0,0.0,0.0,0.0,0.0,0.0,0.1901251147991864,0.0,0.0,0.0,0.0,0.0,0.0,0.0,0.0,0.0,0.0,0.0,0.0,0.0,0.3639361306802409,0.0,0.0,0.3102515868155231,0.0,0.0,0.0,0.333323559181149,0.0,0.4148726707789773,0.0,0.0
0.1724827119368869,0.092297515033429,0.2606510813301564,0.0478322767688651,0.0713703419744877,0.0561318676452534,0.0,0.157496655300142,0.2056500610334315,0.2071876504564783,0.1354047311103799,0.2321152620221311,0.3788085068812896,0.0,0.1227058949288308,0.4053886976873926,0.2515860479459419,0.3087947812094514,0.3087526762727505,0.1546343335478519,0.3109796594933005,0.2327965038238701,0.2591325806335695,0.3074512015542053,0.1198617313034579,0.1265986028903883,0.1597300568981262,0.4076362052322916,0.1087790977636869,0.3981369586303635,0.0,0.128996398965576,0.2127134547443624,0.3901734092876923,0.114862843450427,0.2173002281405099,0.0705331881405266,0.1310633488043993,0.0367098930546712,0.2137186592290145,0.0078046241478537,0.0,0.0,0.0,0.0,0.2576834302750153,0.2901022622345614,0.0,0.0,0.0,0.09107395422695,0.0,0.0513785299624582,0.0,0.4101897251984115,0.0,0.2645105133699779,0.0,0.0,0.1935502681295659,0.3261237225459003,0.3073787842456328,0.2716876510244661,0.0,0.1755511476737339,0.0123102482435636,0.2259528955747631,0.0460353818033608,0.302905569716465,0.0733370688809177,0.3462822989204187,0.1057380802480991,0.2351837007369356,0.2815660857943584,0.0,0.4211348934424634
0.0,0.0,0.0,0.1815214289189644,0.0,0.0,0.0,0.119141277133005,0.0,0.0,0.0,0.0,0.1138293955976786,0.0,0.0,0.1292760011235551,0.0,0.0,0.0,0.0,0.1424687448259237,0.0,0.0049676288390159,0.0760997202884493,0.0,0.0,0.0,0.0,0.0,0.0,0.128996398965576,0.0,0.4123562731831546,0.3202023389521408,0.2883053407967464,0.1217653561673691,0.0,0.0686779671138668,0.5381650052235719,0.3915377581324197,0.0969319158295457,0.0469093683229842,0.0,0.0,0.0981019293071981,0.0,0.0290527913074095,0.0,0.0,0.0,0.0,0.0,0.0,0.0,0.175945859678195,0.0,0.0,0.0,0.0,0.0,0.0,0.1634480774782661,0.0,0.0,0.0,0.0,0.0,0.0,0.2156007993232207,0.0,0.1023230462736665,0.0,0.0,0.0,0.0493169236131836,0.0
0.1294907777188364,0.0166119554145242,0.0,0.0,0.0,0.0,0.0,0.2188578627083738,0.0,0.0324954579947677,0.0,0.0,0.1284115310737517,0.0,0.0,0.2274551233842137,0.1115112501531805,0.1387990058403048,0.0,0.0,0.2539304389748563,0.0,0.1119241283305105,0.163740971305364,0.1242761484600449,0.1373500609061624,0.0,0.0,0.0,0.0327540702887172,0.2127134547443624,0.4123562731831546,0.0,0.4097526397756628,0.2588121922140194,0.0276154851813261,0.0,0.0228939446612188,0.3886747616240319,0.5252995459415823,0.272772727001998,0.0461571294774515,0.0,0.0,0.1257609792020469,0.0294189853106619,0.0,0.0,0.0,0.0,0.0,0.0,0.0,0.0,0.1369980374942583,0.0,0.0,0.0,0.0,0.0,0.0431651510028055,0.2282423678970638,0.0771605089220149,0.0,0.0,0.0995318472751069,0.0,0.0,0.2741089511428486,0.0061690985503608,0.2055953209585816,0.0,0.0,0.0,0.0,0.0
0.0,0.0,0.038664181181693,0.1349454811472666,0.0,0.0,0.0,0.115425372199884,0.0,0.0,0.0,0.0112047252913872,0.2947035166378071,0.0,0.0,0.2658946855846229,0.0,0.1225157927317709,0.0987491398151887,0.0,0.1214186807691728,0.0,0.1260487928671645,0.1120733135230647,0.0,0.0,0.0,0.1042238684872149,0.0,0.0723642449593962,0.3901734092876923,0.3202023389521408,0.4097526397756628,0.0,0.3134040123476097,0.2114992147101351,0.0962300039809373,0.2808864294520971,0.2163555621055256,0.4300495031663275,0.1379816657399235,0.0486736043577952,0.0,0.0474133085445905,0.1182357728877334,0.0,0.1289133432347905,0.0,0.0,0.0,0.0437427225029095,0.0,0.0,0.0,0.3493346910337283,0.0,0.1545301981473168,0.1411890436167927,0.0,0.0,0.0825863256841011,0.1801911852323128,0.0,0.0,0.0,0.0,0.0,0.0,0.2122798632714092,0.0,0.210328938270226,0.0,0.0,0.0,0.0,0.0712609213325282
0.0,0.0,0.0052809818996114,0.0172925746739151,0.0,0.0,0.0,0.0,0.0,0.0,0.0,0.0,0.0955446949646608,0.0,0.0,0.0704902390191924,0.0,0.0,0.0167865236044379,0.0,0.0,0.0,0.0,0.0,0.0,0.0,0.0,0.0,0.0,0.0,0.114862843450427,0.2883053407967464,0.2588121922140194,0.3134040123476097,0.0,0.0760847881095711,0.0589427143292709,0.0330978634413166,0.2455511814364201,0.2545215361215902,0.0,0.0120513850412213,0.0,0.0180930273351775,0.0429133905350245,0.0,0.0362552323702587,0.0,0.0,0.0,0.0,0.0,0.0,0.0,0.1970917354048358,0.0,0.0,0.0,0.0,0.0,0.0,0.0,0.0,0.0,0.0,0.0,0.0,0.0,0.0,0.0,0.0084854950520238,0.0,0.0,0.0,0.0,0.0
0.0,0.0,0.1949156352216409,0.0946605090499715,0.0936334572895778,0.030871973720516,0.0,0.143206301383347,0.1436068388691433,0.0,0.1534543957423559,0.1438497917159917,0.2529756429825281,0.145735805523361,0.0,0.0,0.0,0.0,0.2479597779982205,0.0006556848015045,0.0070191945537224,0.0147196377117783,0.2374181478631491,0.2478488803531139,0.0,0.0453793725839195,0.0978416209667277,0.1667483007100547,0.0,0.0,0.2173002281405099,0.1217653561673691,0.0276154851813261,0.2114992147101351,0.0760847881095711,0.0,0.185766513966926,0.0942806486208232,0.0,0.0800254630689372,0.0,0.0,0.0753260643438602,0.1655081538117229,0.0,0.0,0.0,0.1673872631447325,0.0,0.2290778072542377,0.1556737378390363,0.0283519355013595,0.0763812626853967,0.1876367772337463,0.0,0.2043125227830123,0.3470527650703019,0.1481524089915632,0.2253914710363205,0.0,0.0,0.0,0.0,0.2087523703345827,0.0024157689494909,0.0,0.0379790754132156,0.0075678480321272,0.0,0.0,0.0,0.0181461738220898,0.07438724756618,0.0,0.0,0.0
0.0,0.0,0.1093464437973937,0.2874094191689433,0.101913616348276,0.0,0.0,0.0,0.1063890145594862,0.0,0.0909864064773142,0.0900167776886503,0.1477529125857433,0.0,0.0,0.0,0.0,0.0,0.1536819704054798,0.0,0.0,0.0,0.0,0.0559578076099783,0.0,0.0,0.0612553761440241,0.1513402532024137,0.0,0.0,0.0705331881405266,0.0,0.0,0.0962300039809373,0.0589427143292709,0.185766513966926,0.0,0.1292212238362912,0.0,0.0,0.0,0.0,0.2493043346071985,0.337840233551851,0.0,0.0,0.0,0.0,0.0,0.0,0.0,0.0,0.0,0.0,0.0,0.0,0.1885525900276959,0.0,0.0,0.0,0.0,0.0,0.0,0.0,0.0,0.0,0.0,0.0,0.0,0.0,0.0,0.0,0.0,0.0,0.0,0.0
0.0,0.0,0.0,0.0,0.0,0.0,0.0,0.0,0.030039089706527,0.0593557654727508,0.0339106123158174,0.1887926241304704,0.0979525939822838,0.0,0.0,0.0,0.0,0.0,0.0806935537152489,0.0,0.0,0.0,0.1566747641274678,0.0952796060326411,0.0,0.0,0.0,0.0703113701976151,0.0,0.0,0.1310633488043993,0.0686779671138668,0.0228939446612188,0.2808864294520971,0.0330978634413166,0.0942806486208232,0.1292212238362912,0.0,0.0327582589845742,0.0936218530189059,0.0,0.064894047651398,0.0,0.0,0.143911862458018,0.0,0.0,0.0,0.0,0.0,0.0,0.0,0.0,0.0,0.1865745161626322,0.0,0.2371682435129464,0.0,0.0,0.0,0.0,0.0,0.0,0.0,0.0,0.0,0.0,0.0,0.0951207809873188,0.0,0.0339707947052948,0.0,0.0,0.0,0.0,0.0417310563420567
0.0658254610411377,0.0,0.0,0.0,0.0,0.0,0.0,0.117604686355179,0.0,0.0351101881565443,0.0,0.0,0.0,0.0,0.0,0.0800402801118313,0.0125827963320142,0.0,0.0,0.0,0.1968488334715153,0.0,0.0,0.0522377131044868,0.0284135514697737,0.024943021963556,0.0,0.0,0.0,0.0,0.0367098930546712,0.5381650052235719,0.3886747616240319,0.2163555621055256,0.2455511814364201,0.0,0.0,0.0327582589845742,0.0,0.3865563690290933,0.2280783287934635,0.0771354899065194,0.0,0.0,0.1626588646774446,0.0430597141053145,0.0,0.0,0.1232964415701817,0.0,0.0327491543390816,0.0,0.0648872843229006,0.0,0.0587017964158356,0.0,0.0,0.0,0.065333780900283,0.0,0.0,0.1558952138998281,0.0,0.0,0.0,0.145353892475793,0.0,0.0,0.1868644021551857,0.0594960803801625,0.091546115337964,0.0,0.0,0.0,0.1314477736055422,0.0
0.03209436203493,0.0,0.0,0.0,0.0,0.0,0.0,0.0,0.0,0.0789587688459865,0.0,0.0,0.0,0.0,0.0,0.1938516193856187,0.0855936099799268,0.1147179266844076,0.0,0.0,0.2655225258442297,0.0,0.0941393207772294,0.2066328332607639,0.0678046783386199,0.0649619699011236,0.0,0.0,0.0,0.0,0.2137186592290145,0.3915377581324197,0.5252995459415823,0.4300495031663275,0.2545215361215902,0.0800254630689372,0.0,0.0936218530189059,0.3865563690290933,0.0,0.2429680199005565,0.0722354432507515,0.0,0.0,0.180406151831506,0.0,0.0088865624926287,0.0,0.0,0.0,0.083426159886264,0.0,0.076185554085306,0.0,0.2127461627941346,0.0,0.0392520895756819,0.1076011856255717,0.0,0.0,0.0108279931407554,0.264822614696028,0.0306899683520184,0.0,0.0,0.1032859386142751,0.0,0.0,0.2330906356934324,0.0,0.2004159862609983,0.0,0.0,0.0,0.0887719201113304,0.0
0.3305575794979039,0.2566807922188372,0.0,0.0,0.0,0.1358702935742145,0.0,0.152987333934132,0.0,0.101223545518807,0.0,0.0,0.0,0.0,0.0338423703156051,0.243196126847608,0.2340982986961958,0.2185691793716339,0.0,0.0,0.2110407558481059,0.0229395285150676,0.1032340442602225,0.1133233107159448,0.3424556552870685,0.3345616227344944,0.0,0.0,0.2632113765533277,0.0,0.0078046241478537,0.0969319158295457,0.272772727001998,0.1379816657399235,0.0,0.0,0.0,0.0,0.2280783287934635,0.2429680199005565,0.0,-0.0178273286445763,0.0,0.0,0.0764929768518689,0.2099346464250432,0.0,0.0,0.0,0.0,0.1376229348772787,0.0,0.0799875567742438,0.0,0.0,0.0,0.0,0.0,0.0,0.0,0.1522187387926665,0.1849798914376267,0.1714544919783063,0.0,0.0,0.2585881640620849,0.0,0.1816660608325198,0.0610209698068239,0.2630128684344453,0.2463227653834582,0.0,0.0099660057114615,0.1291243302504512,0.0872768911747039,0.0818902284578412
0.0,0.0,0.0,0.0,0.0,0.0,0.0,0.0,0.0,0.0925982419438103,0.0,0.0825432036824313,0.0,0.0,0.0,0.0,0.0,0.0,0.0,0.0,0.1097839799752023,0.0,0.0687851415524335,-0.0050757934200943,0.0038426675112624,0.0,0.0,0.0,0.0,0.0,0.0,0.0469093683229842,0.0461571294774515,0.0486736043577952,0.0120513850412213,0.0,0.0,0.064894047651398,0.0771354899065194,0.0722354432507515,-0.0178273286445763,0.0,0.0,0.0,0.0,0.0,0.0,0.0,0.0,0.0,0.0485784042892611,0.0040244869009788,0.0413734054434489,0.0,0.0,0.0,0.0,0.0,0.0,0.0,0.0,0.0,0.0,0.0,0.0,0.0761994049067083,0.0,0.0186394624172215,0.0,0.0,0.0,0.0,0.0,0.0,0.0292420785330499,0.0
0.0,0.0,0.1402002254255956,0.0,0.1527567125593956,0.1050313635023977,0.1370650829318291,0.088218824909385,0.1083219820758313,0.0,0.1228760278396963,0.0,0.0600288924063985,0.0914049448268493,0.0957753375944592,0.0,0.0,0.0,0.1781920296702777,0.0,0.0,0.0,0.1550172869504623,0.0,0.0,0.0,0.1217981951313134,0.191649765855056,0.0299697790779982,0.0,0.0,0.0,0.0,0.0,0.0,0.0753260643438602,0.2493043346071985,0.0,0.0,0.0,0.0,0.0,0.0,0.3367699069408902,0.0,0.0,0.0,0.112775639838978,0.071852309274769,0.0974670123745396,0.0523089038310179,0.0444219163181809,0.11481129963716,0.106315152566594,0.0652083182647416,0.1324617614883255,0.1720881972537852,0.1121422604230302,0.1521098779469036,0.0517495873775174,0.0,0.0,0.0,0.1848030416154381,0.0985700221196101,-0.0016888528893174,0.0746738401652306,0.1128409805264969,0.0,0.030357476476708,0.0423199294385087,0.0399520039443856,0.0652511108604213,0.0,0.0,0.0394101966730904
0.0,0.0,0.0,0.0,0.0,0.0,0.0,0.0,0.0,0.0,0.0,0.0,0.0,0.0,0.0,0.0,0.0,0.0,0.0,0.0,0.0,0.0,0.0,0.0,0.0,0.0,0.0,0.0,0.0,0.0,0.0,0.0,0.0,0.0474133085445905,0.0180930273351775,0.1655081538117229,0.337840233551851,0.0,0.0,0.0,0.0,0.0,0.3367699069408902,0.0,0.0,0.0,0.0,0.1047903338982382,0.0647100302739862,0.0953671961516347,0.0316458428592321,0.0,0.0,0.0802539885347874,0.1098676452662237,0.0962658429806001,0.1210811533951934,0.1397575957591921,0.1849601237217294,0.0,0.0,0.0,0.0,0.1498793646308391,0.0,0.0,0.0,0.0,0.0,0.0,0.0,0.0629101631920999,0.0,0.0,0.0,0.0597745754640399
0.0,0.0,0.0,0.0,0.0,0.0,0.0,0.0,0.0,0.1218890996092338,0.0,0.0712429459610004,0.0,0.0,0.0,0.0,0.0,0.0,0.0,0.0,0.0,0.0,0.0,0.0940410914087756,0.0531066800747266,0.046262012919846,0.0,0.0,0.0,0.0,0.0,0.0981019293071981,0.1257609792020469,0.1182357728877334,0.0429133905350245,0.0,0.0,0.143911862458018,0.1626588646774446,0.180406151831506,0.0764929768518689,0.0,0.0,0.0,0.0,0.0371642512637916,0.0,0.0,0.1479559586834827,0.0174812595391902,0.0,0.0445278339098065,0.0,0.0,0.1135912743626261,0.0,0.1062190768845156,0.0045796008821881,0.0,0.0,0.0,0.1202627856412412,0.0332319912359539,0.0,0.0,0.0,0.0,0.0,0.1616198137328754,0.0457268986642432,0.096323356302272,0.0,0.0,0.0,0.0,0.0500210156205029
0.5262420218824888,0.2578144298174605,0.0,0.0,0.0,0.0,0.0,0.0,0.0,0.2686114847914913,0.0,0.0,0.0,0.0,0.3712484094789347,0.2873290926061505,0.0,0.2875693469971468,0.0,0.0,0.4178512979114439,0.3957096405152416,0.0,0.2744976808043349,0.3460199452721587,0.3279599658119934,0.0,0.0,0.0,0.0,0.2576834302750153,0.0,0.0294189853106619,0.0,0.0,0.0,0.0,0.0,0.0430597141053145,0.0,0.2099346464250432,0.0,0.0,0.0,0.0371642512637916,0.0,0.1920682877642761,0.0,0.0,0.0,0.1806315768105135,0.0,0.2281646126639133,0.0,0.0237468640230661,0.0,0.0,0.1745339666361686,0.0,0.3688229527588553,0.3542869552861059,0.3157714460715355,0.4194449351997085,0.0,0.3311318486947991,0.4573793704824107,0.3925893370132569,0.3928878828073588,0.2950680200031529,0.3834984490898072,0.3770265399219639,0.2488488343275624,0.3325112070614873,0.4208012801955319,0.0,0.3987273684359908
0.064853821880754,0.3689681663351321,0.0,0.0,0.0,0.0,0.0,0.0,0.0,0.0,0.0,0.0,0.0,0.0,0.2530837715293826,0.3468446919631964,0.0,0.3350826142511233,0.0,0.2874320767426825,0.2036803196271084,0.3164343784642543,0.3311732250926521,0.1691467005351835,0.2683081856256131,0.2543887118270936,0.4110462743658289,0.0,0.1991852341381351,0.0,0.2901022622345614,0.0290527913074095,0.0,0.1289133432347905,0.0362552323702587,0.0,0.0,0.0,0.0,0.0088865624926287,0.0,0.0,0.0,0.0,0.0,0.1920682877642761,0.0,0.0,0.0,0.0,0.3808673192577835,0.3355305086773386,0.1963564549522804,0.3310078108942412,0.3283657450507778,0.0,0.0,0.4382994598638333,0.0,0.3271784767617485,0.4389187330053586,0.2021293451541105,0.2956182161822488,0.0,0.3076628771862578,0.0808144110169952,0.3740975548107183,0.2186083427476424,0.0,0.3731792116617393,0.4559980618334591,0.3860456332621302,0.34794673174658,0.3768931820010365,0.0,0.3014673602327375
