0.0,0.4641554143293843,0.0,0.0,0.0,0.4482898689597239,0.0,0.4470938238195224,0.0,0.2411219464618986,0.0,0.0,0.0,0.0,0.3353236921422599,0.741217651969812,0.4513585454094076,0.5892136323807483,0.0,0.3232496161487437,0.591783429862871,0.6969200071637018,0.4897628923549592,0.0,0.6701401553228686,0.3867593670370533,0.436060059601136,0.3053996829691732,0.7875842233533261,0.0,0.7194821004260816,0.2427036118170438,0.5655219103290262,0.502531081669727,0.0,0.0,0.0,0.0,0.0,0.4907235113488924,0.2149781995534003,0.0,0.0,0.0,0.0,0.8306444438746375,0.5188912523568112,0.0,0.0,0.0,0.0,0.0,0.0,0.0,0.6028845106698623,0.0,0.0,0.0,0.0,0.0,0.7156475803854561,0.0,0.5817916472622271,0.0,0.0,0.5502291713926641,0.3470286788921506,0.0,0.0,0.7458113694090073,0.5569048012845934,0.0,0.0,0.0,0.0,0.0
0.4641554143293843,0.0,0.0,0.0,0.0,0.4221804207462406,0.2409731797448245,0.5367116447806953,0.0919219167004165,0.0,0.0,0.0,0.5316888286860136,0.0,0.1669236597026661,0.3713469430350964,0.0,0.4408088634640428,0.0,0.1806509167432602,0.5282246883856112,0.3747763487577427,0.5020656031801873,0.0,0.7001426703974526,0.5160799634202372,0.0,0.0793472800542603,0.3900206079740156,0.0,0.5243936513530001,0.4356163453251236,0.2782833482889667,0.2412919300497667,0.0,0.0,0.0,0.0,0.0926153056063507,0.2566820803373315,0.0,0.0,0.0,0.0,0.0,0.3899047035221313,0.624611149274933,0.0,0.0,0.0,0.0,0.0,0.0,0.0,0.0,0.0,0.0,0.0,0.0,0.134498767596994,0.1269185453188831,0.0,0.1438642592640815,0.0,0.0,0.4574662557131229,0.0,0.2951520513945196,0.0,0.5888907396365921,0.4226500201482379,0.0,0.0,0.0770726501538423,0.0,0.0
0.0,0.0,0.0,0.0,0.3930567924389793,0.5414294517531134,0.4589296774979658,0.2779336637484801,0.7682236102218762,0.038922913841376,0.8655197275316554,0.0,0.2700815572583336,0.3040312440710511,0.0,0.0,0.0,0.0,0.8289360815849273,0.0,0.0,0.0,0.475619952316946,0.0,0.0,0.0,0.8989147238817522,0.508975923270123,0.0,0.5326409518082205,0.2755762857170318,0.0,0.0,0.1701427607908795,0.0,0.0,0.0,0.0,0.0,0.0,0.0,0.0,0.0,0.0,0.0,0.0,0.0,0.7996845842086612,0.0,0.4048259034969042,0.467942661266554,0.0,0.4483359751308424,0.7632999966994527,0.0,0.749882377419306,0.0,0.0,0.3842857910133896,0.0,0.0,0.0,0.0,0.7853480238486533,0.0,0.0,0.0,0.504957935868113,0.0,0.0,0.0,0.8012012163282931,0.0,0.0,0.0,0.0
0.0,0.0,0.0,0.0,0.0,0.0,0.2004188804710708,0.1639154307082255,0.0,0.0,0.0,0.0,0.3299160213733724,0.0,0.0,0.0,0.0,0.0,0.0,0.0,0.0,0.0,0.0,0.0,0.0,0.0,0.0,0.1119112915053742,0.0,0.0,0.0,0.4296177103243186,0.0,0.3439307564621297,0.0,0.0906206149845196,0.3836563407272673,0.0,0.0,0.0,0.0,0.0,0.0,0.0,0.0,0.0,0.0,0.0,0.0,0.0,0.0,0.0,0.0,0.0,0.0,0.0,0.0,0.0,0.0,0.0,0.0,0.0,0.0,0.0,0.0,0.0,0.0,0.0,0.0,0.0,0.0,0.0,0.0,0.0,0.0,0.0
0.0,0.0,0.3930567924389793,0.0,0.0,0.2286782316415759,0.0,0.0,0.3155725606436891,0.0,0.2712430568457101,0.0525839369260341,0.0,0.1470971255496974,0.0,0.0,0.0,0.0,0.5846101381581205,0.3333012429602418,0.0,0.0,0.0,0.0,0.0,0.0,0.489893894042388,0.1994612623165092,0.0,0.0,0.0,0.0,0.0,0.0,0.3360972406412889,0.0,0.0,0.2702030100851076,0.0,0.0,0.0,0.0,0.0,0.0,0.0,0.0,0.0,0.5553245896045459,0.0,0.0,0.0,0.0,0.0,0.293666808895526,0.0,0.2507980278018115,0.0,0.0,0.0,0.0,0.0,0.0,0.0,0.0,0.0,0.0,0.0,0.1431816410360202,0.0,0.0,0.0,0.4862513595771617,0.0,0.0,0.0,0.0
0.4482898689597239,0.4221804207462406,0.5414294517531134,0.0,0.2286782316415759,0.0,0.4684213507318218,0.5668083034218881,0.6349508999872159,0.0995207684117332,0.5422348158225242,0.0,0.4872393760403433,0.1990574668963315,0.3535580452245765,0.4209409446575141,0.0,0.2579029860919026,0.3681391812421716,0.487619146274356,0.4783054316816699,0.558028391352442,0.7658677547767271,0.0,0.4265296329483468,0.2081233527501561,0.6293532720367354,0.3347219063114958,0.6775635173666567,0.6156279198914415,0.4214886542053724,0.1105459471570983,0.4273833460153845,0.3052531943685144,0.0,0.0484505664619071,0.0,0.0,0.0,0.0,0.3409322945199867,0.0,0.0776050995783162,0.0,0.0,0.0,0.0,0.5848924998747203,0.0,0.0,0.7850255451659889,0.5276780721602161,0.635239458097769,0.5867575924456024,0.0,0.5420093928025316,0.0,0.63377103514658,0.0,0.4526219930076685,0.0,0.0,0.0,0.3747606959540767,0.5521573609231051,0.3166156138711703,0.3382381707749392,0.7436158618849662,0.0,0.0,0.0,0.5547114470467376,0.284116317884949,0.5091375357785495,0.0,0.2303693021811146
0.0,0.2409731797448245,0.4589296774979658,0.2004188804710708,0.0,0.4684213507318218,0.0,0.602674283390315,0.6464380384657124,0.4799210828661867,0.7512067270518688,0.2887462406870566,0.7689794529279264,0.0,0.0,0.6104235020036546,0.561273871713603,0.4191953838879147,0.1546583311008027,0.2392088276665848,0.0,0.5596757842488952,0.4990413363585725,0.0,0.2415819558143726,0.3320723931493912,0.4189230796380389,0.6552960345876423,0.6655876741679346,0.0,0.7317093143696738,0.1696724100435715,0.358325081339561,0.50157813914412,0.0,0.0088111845302883,0.1504382693492703,0.0,0.0,0.0,0.0,0.0,0.0,0.0,0.0,0.0,0.0,0.0,0.0,0.0,0.3878312621471159,0.0,0.0,0.0,0.0,0.0,0.0,0.0,0.0,0.0,0.0,0.0,0.0,0.0,0.0,0.0,0.0,0.4189585346838944,0.0,0.0,0.0,0.3140385413437747,0.0,0.0,0.0,0.0
0.4470938238195224,0.5367116447806953,0.2779336637484801,0.1639154307082255,0.0,0.5668083034218881,0.602674283390315,0.0,0.3651117615333266,0.3784963063307481,0.4852713372063195,0.0,0.6957334118639643,0.1123822812402359,0.0091943686349677,0.5310560570352776,0.0,0.4238684513743097,0.0,0.0288437766852146,0.5451423756042864,0.3789001310009752,0.818256312368501,0.0,0.4500225733872952,0.3671732951423885,0.112170287808146,0.2318068815182339,0.4863188830727454,0.571529780538629,0.6624123355111687,0.353482098865528,0.4853738356069335,0.4703180044285127,0.0,0.1004511760852876,0.0932421066004205,0.0,0.0,0.0,0.04637236662671,0.0,0.3374107038471347,0.0,0.0,0.0,0.0,0.1412097377860202,0.0,0.0,0.6201058100222272,0.5271718259972491,0.8124558464474559,0.5197282513603709,0.0,0.5347953893357571,0.0,0.5197600099813309,0.3349674560679058,0.0,0.0,0.0,0.0,0.0423865026944098,0.1289732989851866,0.3649069132907486,0.0,0.5833548614869988,0.0,0.0,0.0,0.0987735682978714,0.0,0.213400331166164,0.0,0.0
0.0,0.0919219167004165,0.7682236102218762,0.0,0.3155725606436891,0.6349508999872159,0.6464380384657124,0.3651117615333266,0.0,0.1594872399152476,0.8609806402325244,0.356440733776827,0.4622598952114934,0.3164120049585401,0.0,0.3605249126600522,0.0,0.0,0.6498758349841315,0.5711166804448664,0.0,0.5932155996745573,0.5665361993249423,0.0,0.0,0.0,0.8338986446081694,0.4654282296823091,0.6551315882172253,0.5700566708633267,0.4038338114314822,0.0,0.3347867958587007,0.2620876422178197,0.0,0.0,0.0,0.0498323021101901,0.0,0.0,0.0,0.0,0.0,0.0,0.0,0.0,0.0,0.7486926387368207,0.0,0.0,0.639338263778601,0.0,0.5524194617360683,0.9406603931706146,0.0,0.8337151704632023,0.0,0.0,0.3675721766985374,0.0,0.0,0.0,0.0,0.5676148993279744,0.0,0.0,0.0,0.6941715957636518,0.0,0.0,0.0,0.8262984133802553,0.0,0.0,0.0,0.0
0.2411219464618986,0.0,0.038922913841376,0.0,0.0,0.0995207684117332,0.4799210828661867,0.3784963063307481,0.1594872399152476,0.0,0.2774074667146471,0.5066166315521594,0.3975196650589102,0.2333481644319312,0.0,0.2399308097242944,0.6506485329770936,0.4490705421856044,0.0,0.0,0.0,0.0832659164811653,0.2754847913072533,0.2389176687228869,0.4419887974494456,0.5905817674879268,0.0,0.3208779552893912,0.0,0.0,0.4363642680488246,0.1980969676806372,0.0650480113917115,0.2392725971879036,0.0,0.3166140548487962,0.4121226842505852,0.0,0.0,0.1345527426489177,0.0,0.0,0.0,0.0,0.0,0.0,0.0,0.0,0.0,0.0,0.0,0.0,0.0,0.0,0.6947622073636148,0.0,0.4801367902392712,0.0,0.0,0.0,0.0,0.487588922250351,0.2666906139257262,0.0,0.0,0.0,0.0,0.0,0.2212638831623542,0.4491289801107396,0.4158913507361139,0.0,0.0,0.0,0.0,0.0
0.0,0.0,0.8655197275316554,0.0,0.2712430568457101,0.5422348158225242,0.7512067270518688,0.4852713372063195,0.8609806402325244,0.2774074667146471,0.0,0.4585585015581416,0.4912119028094932,0.2604028480453442,0.0,0.0,0.0,0.0,0.7071635153157027,0.0,0.0,0.0,0.5504450208570631,0.0,0.0,0.0,0.7665988088537891,0.5827890095236646,0.0,0.0,0.4736681269323832,0.0,0.2167943352798657,0.3694679425687766,0.0,0.0,0.0,0.0,0.0,0.0,0.0,0.0,0.0,0.0,0.0,0.0,0.0,0.7346288604907754,0.0,0.3686782762412964,0.5554369777885695,0.7563649656560284,0.6046516113788768,0.8891927883296483,0.0,0.924030527734874,0.0,0.4996097710244542,0.518399104168033,0.0,0.0,0.0,0.0,0.6722794353349445,0.0,0.0,0.0,0.5902331142663061,0.0,0.0,0.0,0.7208544104955898,0.0,0.0,0.0,0.0
0.0,0.0,0.0,0.0,0.0525839369260341,0.0,0.2887462406870566,0.0,0.356440733776827,0.5066166315521594,0.4585585015581416,0.0,0.2934363842480127,0.0,0.0,0.0,0.2815501823464195,0.0,0.0,0.0,0.0,0.0,0.0,0.5345542967668456,0.0,0.5316393963579872,0.0,0.4040734392356916,0.0,0.0,0.2414586486444215,0.0,0.0,0.1296074751309753,0.0,0.2884686935582269,0.137574523834576,0.0,0.0,0.0661188439980153,0.1727258350752607,0.0,0.0,0.0,0.0,0.0,0.0,0.0,0.0,0.0,0.0,0.0,0.0,0.0,0.2647140010159229,0.0,0.5746149439800786,0.0,0.0,0.0,0.0,0.1433969392205099,0.0,0.0,0.0,0.0,0.0,0.0,0.4872481007949016,0.0406885367192791,0.3563092351163577,0.0,0.0,0.0,0.0,0.0325041180348342
0.0,0.5316888286860136,0.2700815572583336,0.3299160213733724,0.0,0.4872393760403433,0.7689794529279264,0.6957334118639643,0.4622598952114934,0.3975196650589102,0.4912119028094932,0.2934363842480127,0.0,0.0,0.2417227871902885,0.6666886140705847,0.5852314400648099,0.5664984956729865,0.0,0.313629935822558,0.6234541510184886,0.6442211542636478,0.5889687751970557,0.0,0.4324885089076049,0.4084720858725025,0.2679025246097253,0.6025910975898792,0.6963676491564219,0.7287553283405012,0.903546597619402,0.4893526476983996,0.4322586788752283,0.5537194809603482,0.0,0.2828953760385649,0.3710886386315948,0.0,0.0,0.0,0.0,0.0,0.4428896091394049,0.0,0.0,0.0,0.0,0.0231931213672915,0.0,0.0,0.4813994680757891,0.0,0.5413378018079681,0.0,0.0,0.0,0.0,0.0,0.0,0.0,0.0,0.0,0.0,0.0,0.0,0.0,0.0,0.4253188693212462,0.0,0.0,0.0,0.2024342269392844,0.0,0.3959611422105819,0.0,0.0
0.0,0.0,0.3040312440710511,0.0,0.1470971255496974,0.1990574668963315,0.0,0.1123822812402359,0.3164120049585401,0.2333481644319312,0.2604028480453442,0.0,0.0,0.0,0.0,0.0,0.0,0.0,0.3059482058185859,0.0,0.0,0.0,0.2961813762713926,0.0,0.0,0.0,0.2741624340028759,0.0,0.0,0.0,0.0,0.0,0.0,0.0,0.0,0.1150858961780072,0.0,0.0,0.0,0.0,0.0,0.0,0.0,0.0,0.0,0.0,0.0,0.1747639760612475,0.0,0.0,0.0,0.0,0.0,0.231956725453475,0.0,0.0947851836324426,0.0,0.0,0.0,0.0,0.0,0.0,0.0,0.0,0.0,0.0,0.0,0.2746414652617647,0.0,0.0,0.0,0.0,0.0,0.0,0.0,0.0
0.3353236921422599,0.1669236597026661,0.0,0.0,0.0,0.3535580452245765,0.0,0.0091943686349677,0.0,0.0,0.0,0.0,0.2417227871902885,0.0,0.0,0.0571303530177616,0.0,0.0,0.0,0.808730990625257,0.032776181051838,0.6353174615505964,0.2151438133235442,0.1047096797140709,0.1658647758196449,0.2345607635833821,0.6656267363214539,0.2636200679816436,0.3824060027679085,0.0,0.2494467459670893,0.0,0.0,0.0,0.0,0.2468309165022946,0.0,0.0,0.0,0.0,0.2210696347983707,0.0,0.0,0.0,0.0,0.0,0.1741800067516046,0.0,0.0,0.0,0.3087529954291087,0.0,0.0314887749665964,0.0,0.0,0.0,0.0,0.0,0.0,0.8595022049756654,0.2474509629725071,0.0,0.0,0.0,0.6691528901696614,0.0,0.6581241910314847,0.2343694823803602,0.0,0.0,0.1432392932151475,0.6659261354842613,0.3013073202073692,0.4114622370333546,0.0,0.3137724155126428
0.741217651969812,0.3713469430350964,0.0,0.0,0.0,0.4209409446575141,0.6104235020036546,0.5310560570352776,0.3605249126600522,0.2399308097242944,0.0,0.0,0.6666886140705847,0.0,0.0571303530177616,0.0,0.606100491051091,0.7690963661669209,0.0,0.1349643329268565,0.7021787684030211,0.6856696698289209,0.4115532984064249,0.0,0.5500187126468318,0.2674744429084139,0.3008120044112541,0.4748287489637046,0.7042919869983041,0.6028131654867231,0.7763154666697482,0.3948422315027352,0.580179275609934,0.654459554375259,0.0,0.0,0.0,0.0,0.1089929101060762,0.5308778762441403,0.2397222825462082,0.0,0.0,0.0,0.0,0.6962036665675897,0.3214830458156366,0.0,0.0,0.0,0.0,0.0,0.0,0.0,0.0,0.0,0.0,0.0,0.0,0.0275738250386741,0.6172446918122404,0.0,0.4691052680038605,0.0,0.2525600461414443,0.4565599767716828,0.1708335974132778,0.0,0.0,0.5663239886205141,0.3996422703479334,0.0,0.0,0.0,0.0,0.1570443490176774
0.4513585454094076,0.0,0.0,0.0,0.0,0.0,0.561273871713603,0.0,0.0,0.6506485329770936,0.0,0.2815501823464195,0.5852314400648099,0.0,0.0,0.606100491051091,0.0,0.6096862588791302,0.0,0.0530428867335969,0.0,0.3193775889610739,0.0,0.0444532544506188,0.3929240248187522,0.5910685940505122,0.0,0.4949032151125138,0.0,0.0,0.5904507822640827,0.3446042421423611,0.3469583129661124,0.4459568195699852,0.0,0.0,0.0,0.0,0.0,0.3485910037075904,0.0710629598638206,0.0,0.0,0.0,0.0,0.0,0.0,0.0,0.0,0.0,0.0,0.0,0.0,0.0,0.6301260320740087,0.0,0.3139093706549105,0.0,0.0,0.0,0.0,0.585866171254219,0.3860440172413471,0.0,0.0,0.0,0.0,0.0,0.0658635416091287,0.4016075346841091,0.3848370809670869,0.0,0.0,0.0,0.0,0.0
0.5892136323807483,0.4408088634640428,0.0,0.0,0.0,0.2579029860919026,0.4191953838879147,0.4238684513743097,0.0,0.4490705421856044,0.0,0.0,0.5664984956729865,0.0,0.0,0.7690963661669209,0.6096862588791302,0.0,0.0,0.0,0.6897447166209468,0.4276286070910386,0.287418390681188,0.0,0.6508856573547418,0.2840824498346377,0.0329945750421424,0.3167196896990731,0.5361227063701182,0.0,0.7241671329490585,0.5867245316531869,0.4343029047952267,0.5996254222283014,0.0,0.0,0.0,0.0,0.2293756112870408,0.4419664409987306,0.1536446033765683,0.0,0.0,0.0,0.0,0.5722789353594184,0.3460036067353346,0.0,0.0,0.0,0.0,0.0,0.0,0.0,0.5931605790625564,0.0,0.0340254104108758,0.0,0.0,0.0,0.5638887918420791,0.5779465844829835,0.5946273378864596,0.0,0.0,0.0,0.0517931190713574,0.0,0.0,0.6256883134980343,0.3779526518616218,0.0,0.0,0.0,0.0,0.0513115314387443
0.0,0.0,0.8289360815849273,0.0,0.5846101381581205,0.3681391812421716,0.1546583311008027,0.0,0.6498758349841315,0.0,0.7071635153157027,0.0,0.0,0.3059482058185859,0.0,0.0,0.0,0.0,0.0,0.0,0.0,0.0,0.2076816697164957,0.0,0.0,0.0,0.8083214999387897,0.3336072015650664,0.0,0.0,0.0,0.0,0.0,0.0724374937113383,0.1041366123483921,0.0,0.0,0.0,0.0,0.0,0.0,0.0,0.0,0.0,0.0,0.0,0.0,0.8324533224142784,0.0,0.0,0.3174538302532913,0.0,0.1892741319119879,0.5691838687192518,0.0,0.5340830619556786,0.0,0.0,0.2473144714114468,0.0,0.0,0.0,0.0,0.899108155611234,0.0,0.0,0.0,0.3731380148779929,0.0,0.0,0.0,0.7814582211774429,0.0,0.0,0.0,0.0
0.3232496161487437,0.1806509167432602,0.0,0.0,0.3333012429602418,0.487619146274356,0.2392088276665848,0.0288437766852146,0.5711166804448664,0.0,0.0,0.0,0.313629935822558,0.0,0.808730990625257,0.1349643329268565,0.0530428867335969,0.0,0.0,0.0,0.0789134640275212,0.7682331855646616,0.207287410916504,0.0,0.0587235902192014,0.2987325311495286,0.8184450531397983,0.5447402259896791,0.4579378818636128,0.6432756257821205,0.3717403443860115,0.0,0.0,0.097454072355335,0.0,0.2431175134884421,0.0331704977486259,0.0,0.0,0.0,0.255765430923808,0.0,0.0,0.0,0.0,0.0,0.1624926187973267,0.0,0.0,0.0,0.2649954840484679,0.0,0.1070087619428079,0.0,0.0,0.0,0.0,0.0,0.0,0.7817867795520358,0.0,0.0,0.0,0.0,0.8241285078087173,0.0,0.7583595737688096,0.262673859417485,0.0,0.0,0.0740997191918723,0.7219614288999769,0.4344300575918612,0.3171786910921571,0.0,0.3610285784452047
0.591783429862871,0.5282246883856112,0.0,0.0,0.0,0.4783054316816699,0.0,0.5451423756042864,0.0,0.0,0.0,0.0,0.6234541510184886,0.0,0.032776181051838,0.7021787684030211,0.0,0.6897447166209468,0.0,0.0789134640275212,0.0,0.5253445320252296,0.4922718027018932,0.0,0.6001693422547926,0.4176215156773906,0.1449851002073411,0.3155512742220908,0.5833081879942668,0.4775863775420193,0.6593913858316813,0.5520097036776881,0.5544676095073878,0.5458754454615964,0.0,0.0220615644585328,0.0,0.0,0.2898719933684673,0.6762387173833266,0.2613913429822475,0.0,0.0,0.0,0.0,0.6248813215552403,0.5420711544303467,0.0,0.0,0.0,0.4361715876527186,0.0,0.401051125171865,0.0,0.0,0.0,0.0,0.0,0.0,0.0835290029251905,0.5461723692973197,0.0,0.0,0.0,0.2376506349605663,0.6276981641368258,0.2151248470838955,0.3510483794069716,0.0,0.703848854635419,0.5242622773969902,0.1213713072249401,0.0,0.445896173696328,0.0,0.1696309672873612
0.6969200071637018,0.3747763487577427,0.0,0.0,0.0,0.558028391352442,0.5596757842488952,0.3789001310009752,0.5932155996745573,0.0832659164811653,0.0,0.0,0.6442211542636478,0.0,0.6353174615505964,0.6856696698289209,0.3193775889610739,0.4276286070910386,0.0,0.7682331855646616,0.5253445320252296,0.0,0.4158871137439293,0.0,0.3952920050725549,0.3208390385172675,0.6836415508585996,0.5920362934942903,0.8125377339077793,0.8226560902732438,0.7878820501365733,0.1546052610642886,0.2837832581229865,0.5363641413519443,0.0,0.1278383015809703,0.0823244434548623,0.0,0.0,0.3608027634428254,0.2869904403501397,0.0,0.0,0.0,0.0,0.6066848778389466,0.4171218527335742,0.0,0.0,0.0,0.4463670395427808,0.0,0.0,0.0,0.0,0.0,0.0,0.0,0.0,0.5928278368622797,0.6215784001190855,0.0,0.3088529904668399,0.0,0.7078825329745569,0.3265131178697786,0.6526147130106837,0.3839602014249906,0.0,0.4563531232414044,0.365393689261723,0.5962780548731864,0.0,0.6187719383892776,0.0,0.3170627999230896
0.4897628923549592,0.5020656031801873,0.475619952316946,0.0,0.0,0.7658677547767271,0.4990413363585725,0.818256312368501,0.5665361993249423,0.2754847913072533,0.5504450208570631,0.0,0.5889687751970557,0.2961813762713926,0.2151438133235442,0.4115532984064249,0.0,0.287418390681188,0.2076816697164957,0.207287410916504,0.4922718027018932,0.4158871137439293,0.0,0.0433282345781417,0.4704213724975128,0.4036949454866949,0.3618146583975705,0.2065974537516705,0.5394471551772767,0.5866183182069599,0.5106835211419974,0.2087332255442107,0.486556655639108,0.347970395829265,0.0,0.0353996024964639,0.0,0.0,0.0,0.4493350803819295,0.182964770155444,0.0,0.1461907197377842,0.0,0.0,0.0,0.5843482363473875,0.3966807298854602,0.0,0.0236857259188448,0.8224907371933746,0.5789479161706728,0.8609425322919573,0.6351001536783728,0.0,0.557436677410871,0.0,0.5852188152806439,0.3385762684834834,0.2478113733388293,0.0,0.0,0.0,0.235428241166501,0.3695986948464878,0.4261510467357233,0.1563494589275337,0.8567386236159422,0.0,0.0,0.5402384747400126,0.4211144874706202,0.0,0.3880872980132189,0.1318907530862613,0.0
0.0,0.0,0.0,0.0,0.0,0.0,0.0,0.0,0.0,0.2389176687228869,0.0,0.5345542967668456,0.0,0.0,0.1047096797140709,0.0,0.0444532544506188,0.0,0.0,0.0,0.0,0.0,0.0433282345781417,0.0,0.0,0.2991072804851262,0.0911350246979045,0.0857894540981351,0.0,0.0,0.0,0.0,0.0,0.0,0.2535635481469208,0.2138548084706068,0.0,0.1215606303529844,0.1611354210718871,0.0,0.2657457320244603,0.0,0.0,0.0,0.3158910126982009,0.0,0.0,0.0,0.0,0.0,0.0,0.0,0.0,0.0,0.0,0.0,0.3437575778645012,0.0,0.0,0.0,0.0,0.0,0.0,0.0,0.0,0.0,0.0,0.0,0.8056764422969886,0.0,0.0722802620818753,0.0,0.0,0.0,0.0,0.3568479472355266
0.6701401553228686,0.7001426703974526,0.0,0.0,0.0,0.4265296329483468,0.2415819558143726,0.4500225733872952,0.0,0.4419887974494456,0.0,0.0,0.4324885089076049,0.0,0.1658647758196449,0.5500187126468318,0.3929240248187522,0.6508856573547418,0.0,0.0587235902192014,0.6001693422547926,0.3952920050725549,0.4704213724975128,0.0,0.0,0.379180134308782,0.1435694676940988,0.0,0.56203690464173,0.0,0.4927243518462969,0.3726970942881409,0.4034493516153364,0.3446741585816339,0.0,0.0,0.0,0.0,0.1088713174534379,0.3933096727216565,0.0,0.0,0.0,0.0,0.0,0.6467822729181487,0.4515912809717252,0.0,0.0,0.0,0.0,0.0,0.0,0.0,0.6268607025606389,0.0,0.0,0.0,0.0,0.0,0.419131039218372,0.588474124929813,0.5041094565955978,0.0,0.0,0.5401716573819634,0.0,0.0,0.0,0.7779129154371509,0.4176094742752699,0.0,0.0,0.0,0.0,0.0
0.3867593670370533,0.5160799634202372,0.0,0.0,0.0,0.2081233527501561,0.3320723931493912,0.3671732951423885,0.0,0.5905817674879268,0.0,0.5316393963579872,0.4084720858725025,0.0,0.2345607635833821,0.2674744429084139,0.5910685940505122,0.2840824498346377,0.0,0.2987325311495286,0.4176215156773906,0.3208390385172675,0.4036949454866949,0.2991072804851262,0.379180134308782,0.0,0.3001888411693275,0.3331954720595032,0.2468021003112287,0.0,0.3666418800138898,0.0704755261773469,0.2057610652835512,0.1879127910836503,0.0,0.0534596381869911,0.0,0.0,0.0,0.2250306714134394,0.0,0.0,0.0,0.0,0.0,0.2373943179557733,0.5557407343168607,0.0,0.0,0.0,0.0,0.0,0.0,0.0,0.551459594016768,0.0,0.3698555664430448,0.0,0.0,0.2672987972707972,0.2506393658253888,0.431037949552837,0.2426221814189943,0.0,0.2914228131709768,0.0746393034351456,0.3411055807542565,0.1871685386072122,0.315601129752216,0.3857593488881403,0.6317506888214243,0.2040605053112254,0.0,0.0,0.0,0.0
0.436060059601136,0.0,0.8989147238817522,0.0,0.489893894042388,0.6293532720367354,0.4189230796380389,0.112170287808146,0.8338986446081694,0.0,0.7665988088537891,0.0,0.2679025246097253,0.2741624340028759,0.6656267363214539,0.3008120044112541,0.0,0.0329945750421424,0.8083214999387897,0.8184450531397983,0.1449851002073411,0.6836415508585996,0.3618146583975705,0.0911350246979045,0.1435694676940988,0.3001888411693275,0.0,0.5245630331517828,0.5615481905074898,0.5877142620497809,0.2882790479954098,0.0,0.1320796903034573,0.1376594642389003,0.0,0.0,0.0,0.0,0.0,0.0,0.3930150362788821,0.0539305454195679,0.0,0.0,0.0,0.0,0.1144714830300207,0.7993989715372,0.0,0.0,0.4603921182366028,0.5708452720619546,0.2907596089833617,0.736115637174703,0.0,0.6620990298902296,0.0,0.3172823093403082,0.2386679662238948,0.693373373904122,0.0,0.0,0.0,0.6852445608241085,0.8554813210835399,0.0,0.7385426879513896,0.4729478941339273,0.0,0.0,0.1812033322417492,0.9226225627546506,0.4919934806535374,0.5305395837470057,0.3225309134147404,0.4625819180835361
0.3053996829691732,0.0793472800542603,0.508975923270123,0.1119112915053742,0.1994612623165092,0.3347219063114958,0.6552960345876423,0.2318068815182339,0.4654282296823091,0.3208779552893912,0.5827890095236646,0.4040734392356916,0.6025910975898792,0.0,0.2636200679816436,0.4748287489637046,0.4949032151125138,0.3167196896990731,0.3336072015650664,0.5447402259896791,0.3155512742220908,0.5920362934942903,0.2065974537516705,0.0857894540981351,0.0,0.3331954720595032,0.5245630331517828,0.0,0.3947099841081822,0.5675622139411245,0.6139944693394975,0.1171190027444745,0.1001676918851013,0.4799753686941131,0.0,0.2576915754009888,0.3956301404354408,0.0,0.0,0.0,0.3732996122004794,0.0,0.2436826122566318,0.0,0.0,0.0,0.0,0.0,0.0,0.0,0.1668810551987415,0.0,0.2185956669263826,0.0,0.0,0.0,0.0,0.0,0.0,0.3049191634588037,0.0,0.0,0.0,0.0,0.5641514586307551,0.0,0.0,0.1952923312491805,0.0,0.0,0.0,0.3439095072789678,0.3163554905149148,0.2079298400367001,0.0,0.3885627685022793
0.7875842233533261,0.3900206079740156,0.0,0.0,0.0,0.6775635173666567,0.6655876741679346,0.4863188830727454,0.6551315882172253,0.0,0.0,0.0,0.6963676491564219,0.0,0.3824060027679085,0.7042919869983041,0.0,0.5361227063701182,0.0,0.4579378818636128,0.5833081879942668,0.8125377339077793,0.5394471551772767,0.0,0.56203690464173,0.2468021003112287,0.5615481905074898,0.3947099841081822,0.0,0.7620034120890362,0.7689208549138536,0.2008282086108936,0.4925809970328691,0.4145669198970201,0.0,0.0250968914870226,0.0,0.0,0.0,0.0,0.1754431639483687,0.0,0.0,0.0,0.0,0.0,0.4978665378994905,0.0,0.0,0.0,0.5868284477047083,0.0,0.4508839593149336,0.0,0.0,0.0,0.0,0.6422206995324492,0.0,0.3922032211432092,0.0,0.0,0.0,0.0,0.5108302010680557,0.5431090890323642,0.4161484513035289,0.5126756201433597,0.0,0.0,0.3735892650218787,0.5642936823231518,0.0110270493124711,0.8055608908063744,0.0,0.1088137813380351
0.0,0.0,0.5326409518082205,0.0,0.0,0.6156279198914415,0.0,0.571529780538629,0.5700566708633267,0.0,0.0,0.0,0.7287553283405012,0.0,0.0,0.6028131654867231,0.0,0.0,0.0,0.6432756257821205,0.4775863775420193,0.8226560902732438,0.5866183182069599,0.0,0.0,0.0,0.5877142620497809,0.5675622139411245,0.7620034120890362,0.0,0.7668113653910202,0.2383794553648885,0.0,0.4279776935655254,0.0,0.0,0.0,0.0,0.0,0.0,0.0,0.0,0.0,0.0,0.0,0.0,0.0,0.0,0.0,0.0,0.0,0.0,0.0,0.0,0.0,0.0,0.0,0.0,0.0,0.0,0.0,0.0,0.0,0.0,0.60128649573709,0.0,0.0,0.4981507577872091,0.0,0.0,0.0,0.5253373471116483,0.0,0.0,0.0,0.0
0.7194821004260816,0.5243936513530001,0.2755762857170318,0.0,0.0,0.4214886542053724,0.7317093143696738,0.6624123355111687,0.4038338114314822,0.4363642680488246,0.4736681269323832,0.2414586486444215,0.903546597619402,0.0,0.2494467459670893,0.7763154666697482,0.5904507822640827,0.7241671329490585,0.0,0.3717403443860115,0.6593913858316813,0.7878820501365733,0.5106835211419974,0.0,0.4927243518462969,0.3666418800138898,0.2882790479954098,0.6139944693394975,0.7689208549138536,0.7668113653910202,0.0,0.4846896415897534,0.3867911302945627,0.6053513414802303,0.0,0.2828571411254711,0.4379299246791078,0.0,0.0,0.5330107420947948,0.1467750492539546,0.0,0.0,0.0,0.0,0.6810319640582394,0.6698350322693214,0.0,0.0,0.0,0.4519765426997333,0.0,0.5019460013804637,0.0,0.6992650646902938,0.0,0.1146697545272044,0.0,0.0,0.1826794073434337,0.5693052761750704,0.0,0.3819695976439754,0.0,0.364474673657947,0.4938894333307422,0.2890548757426953,0.3640229786851039,0.0,0.70325077382019,0.4960102596666162,0.2556620895101218,0.0,0.5084279573924992,0.0,0.0421344633164937
0.2427036118170438,0.4356163453251236,0.0,0.4296177103243186,0.0,0.1105459471570983,0.1696724100435715,0.353482098865528,0.0,0.1980969676806372,0.0,0.0,0.4893526476983996,0.0,0.0,0.3948422315027352,0.3446042421423611,0.5867245316531869,0.0,0.0,0.5520097036776881,0.1546052610642886,0.2087332255442107,0.0,0.3726970942881409,0.0704755261773469,0.0,0.1171190027444745,0.2008282086108936,0.2383794553648885,0.4846896415897534,0.0,0.4142790877337703,0.3867699135423343,0.0,0.2856317234458599,0.5528776223315492,0.0538346136536477,0.696493121533734,0.5486993254422133,0.1277134364250668,0.0,0.7285078261377397,0.5621141773974251,0.0,0.2995258954904569,0.3942681489427925,0.0,0.0,0.0,0.1468233998556244,0.0,0.1714750055042888,0.0,0.4250996207573393,0.0,0.0963342799914868,0.3272854367596027,0.0,0.0,0.2633668497858911,0.0,0.3770136786693609,0.0,0.0,0.5324675522350931,0.0,0.0922168217370402,0.0685880538959691,0.4518986343421288,0.2177017410746164,0.0,0.0,0.1164370566752373,0.0,0.0
0.5655219103290262,0.2782833482889667,0.0,0.0,0.0,0.4273833460153845,0.358325081339561,0.4853738356069335,0.3347867958587007,0.0650480113917115,0.2167943352798657,0.0,0.4322586788752283,0.0,0.0,0.580179275609934,0.3469583129661124,0.4343029047952267,0.0,0.0,0.5544676095073878,0.2837832581229865,0.486556655639108,0.0,0.4034493516153364,0.2057610652835512,0.1320796903034573,0.1001676918851013,0.4925809970328691,0.0,0.3867911302945627,0.4142790877337703,0.0,0.4526876689777651,0.0,0.0,0.0,0.1723414578436428,0.2801666314747065,0.7136092415100326,0.2979198941042071,0.0,0.0,0.0,0.0067978441859619,0.6621183447511662,0.3729980143346,0.0,0.0,0.0,0.0,0.0,0.0,0.0,0.4533886711521417,0.0,0.0,0.0,0.0,0.0,0.600249366810685,0.5474265758825881,0.5155427147983127,0.0,0.1767951627294943,0.5485181425048758,0.0801435089495191,0.5224636381231493,0.0453059424194642,0.5940614616891844,0.5074329949784557,0.1726691996395844,0.0,0.5484990618406258,0.0,0.1422527018427819
0.502531081669727,0.2412919300497667,0.1701427607908795,0.3439307564621297,0.0,0.3052531943685144,0.50157813914412,0.4703180044285127,0.2620876422178197,0.2392725971879036,0.3694679425687766,0.1296074751309753,0.5537194809603482,0.0,0.0,0.654459554375259,0.4459568195699852,0.5996254222283014,0.0724374937113383,0.097454072355335,0.5458754454615964,0.5363641413519443,0.347970395829265,0.0,0.3446741585816339,0.1879127910836503,0.1376594642389003,0.4799753686941131,0.4145669198970201,0.4279776935655254,0.6053513414802303,0.3867699135423343,0.4526876689777651,0.0,0.0,0.0460877139779133,0.2534209467413918,0.0690455645481952,0.2247749071315321,0.5080825785725481,0.4625147057264988,0.0,0.4303120237259504,0.0,0.0,0.4308931066047328,0.3176345613149474,0.0,0.0,0.0,0.4581632007862635,0.0,0.4161206278545802,0.0,0.3873539409846213,0.0,0.012459403276707,0.0,0.0,0.0696255095777578,0.4911301882796358,0.0,0.4262051576878052,0.0,0.292926772692124,0.4408742214438599,0.2040185629184065,0.3348534294999175,0.0,0.4345733876244992,0.4631408755959674,0.1987192105631241,0.2178061154560516,0.4710767048716268,0.0,0.3649900646729438
0.0,0.0,0.0,0.0,0.3360972406412889,0.0,0.0,0.0,0.0,0.0,0.0,0.0,0.0,0.0,0.0,0.0,0.0,0.0,0.1041366123483921,0.0,0.0,0.0,0.0,0.2535635481469208,0.0,0.0,0.0,0.0,0.0,0.0,0.0,0.0,0.0,0.0,0.0,0.0,0.0,0.3487595074917243,0.3627480352836963,0.0,0.2118854605007482,0.502447962090393,0.0,0.123977740945451,0.3691270834472964,0.0,0.0,0.0,0.0,0.0,0.0,0.0,0.0,0.0,0.0,0.0,0.0,0.0,0.0,0.0,0.0,0.0,0.0120616805770472,0.0,0.0,0.0,0.0,0.0,0.0,0.0,0.0,0.0,0.0,0.0,0.0,0.0
0.0,0.0,0.0,0.0906206149845196,0.0,0.0484505664619071,0.0088111845302883,0.1004511760852876,0.0,0.3166140548487962,0.0,0.2884686935582269,0.2828953760385649,0.1150858961780072,0.2468309165022946,0.0,0.0,0.0,0.0,0.2431175134884421,0.0220615644585328,0.1278383015809703,0.0353996024964639,0.2138548084706068,0.0,0.0534596381869911,0.0,0.2576915754009888,0.0250968914870226,0.0,0.2828571411254711,0.2856317234458599,0.0,0.0460877139779133,0.0,0.0,0.5725748049893549,0.0,0.0556406252777615,0.0,0.0490967773816353,0.0,0.3465540836846852,0.2606444767432997,0.0,0.0,0.0,0.0,0.0,0.0,0.0,0.0,0.0,0.0,0.0,0.0,0.1355481144287756,0.0570073439619079,0.1775557617176144,0.0,0.0,0.0,0.0,0.0285442143036958,0.0,0.0,0.0,0.0,0.0,0.0,0.0,0.0,0.0,0.0,0.0,0.0
0.0,0.0,0.0,0.3836563407272673,0.0,0.0,0.1504382693492703,0.0932421066004205,0.0,0.4121226842505852,0.0,0.137574523834576,0.3710886386315948,0.0,0.0,0.0,0.0,0.0,0.0,0.0331704977486259,0.0,0.0823244434548623,0.0,0.0,0.0,0.0,0.0,0.3956301404354408,0.0,0.0,0.4379299246791078,0.5528776223315492,0.0,0.2534209467413918,0.0,0.5725748049893549,0.0,0.0,0.3683782111142039,0.0,0.045398399661373,0.0,0.0,0.0,0.0,0.0,0.0,0.0,0.0,0.0,0.0,0.0,0.0,0.0,0.0,0.0,0.0,0.0,0.0,0.0,0.0,0.0,0.0,0.0,0.0,0.0,0.0,0.0,0.0,0.0,0.0,0.0,0.0,0.0,0.0,0.0
0.0,0.0,0.0,0.0,0.2702030100851076,0.0,0.0,0.0,0.0498323021101901,0.0,0.0,0.0,0.0,0.0,0.0,0.0,0.0,0.0,0.0,0.0,0.0,0.0,0.0,0.1215606303529844,0.0,0.0,0.0,0.0,0.0,0.0,0.0,0.0538346136536477,0.1723414578436428,0.0690455645481952,0.3487595074917243,0.0,0.0,0.0,0.3139249455362824,0.1047435523962306,0.1938336975390718,0.2141682754261093,0.0,0.0,0.3415279885122044,0.0,0.0,0.0,0.0,0.0,0.0,0.0,0.0,0.0,0.0,0.0,0.0,0.0,0.0,0.0,0.0,0.0,0.0,0.0,0.0,0.0,0.0,0.0,0.2327021187965998,0.0,0.0,0.0,0.0,0.0,0.0,0.0
0.0,0.0926153056063507,0.0,0.0,0.0,0.0,0.0,0.0,0.0,0.0,0.0,0.0,0.0,0.0,0.0,0.1089929101060762,0.0,0.2293756112870408,0.0,0.0,0.2898719933684673,0.0,0.0,0.1611354210718871,0.1088713174534379,0.0,0.0,0.0,0.0,0.0,0.0,0.696493121533734,0.2801666314747065,0.2247749071315321,0.3627480352836963,0.0556406252777615,0.3683782111142039,0.3139249455362824,0.0,0.37845214275184,0.231305302223429,0.0281205512837744,0.5790158787951364,0.6157253143032175,0.2712068314608228,0.0,0.0,0.0,0.2883748295455411,0.0,0.0,0.0,0.0,0.0,0.0110788252560423,0.0,0.0,0.1179748228092275,0.0,0.0,0.1004823158927225,0.1353835847256331,0.2654907921540546,0.0,0.0,0.3326482922050374,0.0,0.0,0.257384139572767,0.1105097140726593,0.0551077226201567,0.0,0.1836088055558331,0.0,0.063280970123286,0.2952604760815642
0.4907235113488924,0.2566820803373315,0.0,0.0,0.0,0.0,0.0,0.0,0.0,0.1345527426489177,0.0,0.0661188439980153,0.0,0.0,0.0,0.5308778762441403,0.3485910037075904,0.4419664409987306,0.0,0.0,0.6762387173833266,0.3608027634428254,0.4493350803819295,0.0,0.3933096727216565,0.2250306714134394,0.0,0.0,0.0,0.0,0.5330107420947948,0.5486993254422133,0.7136092415100326,0.5080825785725481,0.0,0.0,0.0,0.1047435523962306,0.37845214275184,0.0,0.3327495059147916,0.0,0.3791071002257001,0.2286201562923998,0.024773011842653,0.5619997592648192,0.433606021351378,0.0,0.0,0.0595840008131677,0.4088257332107151,0.4681101357413915,0.4535592655892437,0.3855370141265105,0.4926761349236239,0.3420173818746204,0.0,0.4446729879752193,0.0,0.0239419035320846,0.5830498175421369,0.5907340598773524,0.5483326019140684,0.0,0.2119849999093679,0.5882964459119252,0.1765560266870952,0.396224939069887,0.0887251995732079,0.6127032698095405,0.4300132847458364,0.0840107422065288,0.0514780115562509,0.5056704729936417,0.0493267354234602,0.242855461594376
0.2149781995534003,0.0,0.0,0.0,0.0,0.3409322945199867,0.0,0.04637236662671,0.0,0.0,0.0,0.1727258350752607,0.0,0.0,0.2210696347983707,0.2397222825462082,0.0710629598638206,0.1536446033765683,0.0,0.255765430923808,0.2613913429822475,0.2869904403501397,0.182964770155444,0.2657457320244603,0.0,0.0,0.3930150362788821,0.3732996122004794,0.1754431639483687,0.0,0.1467750492539546,0.1277134364250668,0.2979198941042071,0.4625147057264988,0.2118854605007482,0.0490967773816353,0.045398399661373,0.1938336975390718,0.231305302223429,0.3327495059147916,0.0,0.1223616146490853,0.1553445227943417,0.2730318153973993,0.2332984949846745,0.1289199825298257,0.0605410239114286,0.4957148863157017,0.1180114593154772,0.2733234123127629,0.3393933246981027,0.204779815433632,0.1682269588571649,0.3209718218978137,0.0,0.4295918502276346,0.0,0.2633492599319986,0.0,0.374263065013074,0.3781079859415179,0.1282189497067792,0.3098800516524949,0.3655292678309841,0.4325799189177717,0.0530974345766597,0.4174630571188323,0.2681615039531775,0.214707006044471,0.0569347640677962,0.1293393689722648,0.3378282166399118,0.5156024200174364,0.3437702455952054,0.4291058860093362,0.6435569607924855
0.0,0.0,0.0,0.0,0.0,0.0,0.0,0.0,0.0,0.0,0.0,0.0,0.0,0.0,0.0,0.0,0.0,0.0,0.0,0.0,0.0,0.0,0.0,0.0,0.0,0.0,0.0539305454195679,0.0,0.0,0.0,0.0,0.0,0.0,0.0,0.502447962090393,0.0,0.0,0.2141682754261093,0.0281205512837744,0.0,0.1223616146490853,0.0,0.0,0.0,0.4333504765365542,0.0,0.0,0.3416184252077232,0.5621289900986398,0.4413114799171151,0.0,0.0,0.0,0.0,0.0,0.0,0.0,0.0,0.0,0.0899220016286174,0.0,0.0,0.0,0.4126713844780063,0.0,0.0,0.0136954799199168,0.0,0.256392351176911,0.0,0.0,0.04381545095841,0.537564330546271,0.0,0.2915468757495157,0.2916068928291217
0.0,0.0,0.0,0.0,0.0,0.0776050995783162,0.0,0.3374107038471347,0.0,0.0,0.0,0.0,0.4428896091394049,0.0,0.0,0.0,0.0,0.0,0.0,0.0,0.0,0.0,0.1461907197377842,0.0,0.0,0.0,0.0,0.2436826122566318,0.0,0.0,0.0,0.7285078261377397,0.0,0.4303120237259504,0.0,0.3465540836846852,0.0,0.0,0.5790158787951364,0.3791071002257001,0.1553445227943417,0.0,0.0,0.6979454876920999,0.0,0.0,0.0,0.0,0.0,0.0,0.1833161120138266,0.1182295307784309,0.1754498984404871,0.0,0.2183721090925728,0.0245719354445036,0.0,0.3835271130762278,0.0610718578719686,0.0,0.0,0.2491148118647493,0.0,0.0,0.0,0.4135451621115898,0.0,0.0549547386576103,0.0,0.309719350663257,0.0310896430058967,0.0,0.0582656266939004,0.1105313604120078,0.0,0.0748508110815749
0.0,0.0,0.0,0.0,0.0,0.0,0.0,0.0,0.0,0.0,0.0,0.0,0.0,0.0,0.0,0.0,0.0,0.0,0.0,0.0,0.0,0.0,0.0,0.0,0.0,0.0,0.0,0.0,0.0,0.0,0.0,0.5621141773974251,0.0,0.0,0.123977740945451,0.2606444767432997,0.0,0.0,0.6157253143032175,0.2286201562923998,0.2730318153973993,0.0,0.6979454876920999,0.0,0.172290960291611,0.0,0.0,0.0,0.2599266983012065,0.0,0.0,0.0,0.0,0.0,0.0,0.0,0.0,0.1226454363432506,0.0,0.0,0.0,0.0,0.0,0.0,0.0,0.0,0.0,0.0,0.0,0.0,0.0,0.0,0.3215008338487885,0.0,0.0,0.2938037533038079
0.0,0.0,0.0,0.0,0.0,0.0,0.0,0.0,0.0,0.0,0.0,0.0,0.0,0.0,0.0,0.0,0.0,0.0,0.0,0.0,0.0,0.0,0.0,0.3158910126982009,0.0,0.0,0.0,0.0,0.0,0.0,0.0,0.0,0.0067978441859619,0.0,0.3691270834472964,0.0,0.0,0.3415279885122044,0.2712068314608228,0.024773011842653,0.2332984949846745,0.4333504765365542,0.0,0.172290960291611,0.0,0.0,0.0,0.0,0.0,0.0,0.0,0.0,0.0,0.0,0.0,0.0,0.0,0.0,0.0,0.0,0.0,0.0,0.0,0.0,0.0,0.0,0.0,0.0,0.3210491477697916,0.0,0.0,0.0,0.4311762945063108,0.0,0.0,0.3429791807440744
0.8306444438746375,0.3899047035221313,0.0,0.0,0.0,0.0,0.0,0.0,0.0,0.0,0.0,0.0,0.0,0.0,0.0,0.6962036665675897,0.0,0.5722789353594184,0.0,0.0,0.6248813215552403,0.6066848778389466,0.0,0.0,0.6467822729181487,0.2373943179557733,0.0,0.0,0.0,0.0,0.6810319640582394,0.2995258954904569,0.6621183447511662,0.4308931066047328,0.0,0.0,0.0,0.0,0.0,0.5619997592648192,0.1289199825298257,0.0,0.0,0.0,0.0,0.0,0.4809885954459811,0.0,0.0,0.0,0.6290725350171607,0.0,0.4995871270026123,0.0,0.6461210827261631,0.0,0.0,0.6114407447520904,0.0,0.2167443546828717,0.7448481227723817,0.0,0.6945317699499887,0.0,0.3257751146180522,0.6884349291164055,0.2720441841301215,0.5745910406610522,0.0,0.7908091822968685,0.5638687607583092,0.4447980443740674,0.0,0.8040797108507548,0.0,0.1191675308066173
0.5188912523568112,0.624611149274933,0.0,0.0,0.0,0.0,0.0,0.0,0.0,0.0,0.0,0.0,0.0,0.0,0.1741800067516046,0.3214830458156366,0.0,0.3460036067353346,0.0,0.1624926187973267,0.5420711544303467,0.4171218527335742,0.5843482363473875,0.0,0.4515912809717252,0.5557407343168607,0.1144714830300207,0.0,0.4978665378994905,0.0,0.6698350322693214,0.3942681489427925,0.3729980143346,0.3176345613149474,0.0,0.0,0.0,0.0,0.0,0.433606021351378,0.0605410239114286,0.0,0.0,0.0,0.0,0.4809885954459811,0.0,0.0,0.0,0.0,0.4928694557796055,0.500975972615325,0.4788271121534112,0.4326197650242598,0.7387410120824105,0.0,0.0,0.494323877509262,0.0,0.1951719231023595,0.4854632172845125,0.6533058386312157,0.346869062306843,0.0,0.3139682788852231,0.5136974022481053,0.3212008542319635,0.4616791699040882,0.0,0.7685011178172326,0.6624187874468076,0.2234805398051493,0.0,0.3126282293850864,0.0,0.0
0.0,0.0,0.7996845842086612,0.0,0.5553245896045459,0.5848924998747203,0.0,0.1412097377860202,0.7486926387368207,0.0,0.7346288604907754,0.0,0.0231931213672915,0.1747639760612475,0.0,0.0,0.0,0.0,0.8324533224142784,0.0,0.0,0.0,0.3966807298854602,0.0,0.0,0.0,0.7993989715372,0.0,0.0,0.0,0.0,0.0,0.0,0.0,0.0,0.0,0.0,0.0,0.0,0.0,0.4957148863157017,0.3416184252077232,0.0,0.0,0.0,0.0,0.0,0.0,0.1211447813126887,0.5853454829807297,0.6051421205263104,0.5454308699795044,0.4378269805577945,0.7174579217163414,0.0,0.7010099127171281,0.0,0.4104859687770735,0.1029288055367246,0.0,0.0,0.0,0.0,0.7829173311465637,0.0,0.0,0.0,0.6390324280932496,0.0,0.0,0.0,0.8131702649199064,0.6026555440305428,0.5366917377481772,0.503710043390616,0.5675482843916113
0.0,0.0,0.0,0.0,0.0,0.0,0.0,0.0,0.0,0.0,0.0,0.0,0.0,0.0,0.0,0.0,0.0,0.0,0.0,0.0,0.0,0.0,0.0,0.0,0.0,0.0,0.0,0.0,0.0,0.0,0.0,0.0,0.0,0.0,0.0,0.0,0.0,0.0,0.2883748295455411,0.0,0.1180114593154772,0.5621289900986398,0.0,0.2599266983012065,0.0,0.0,0.0,0.1211447813126887,0.0,0.672319188745847,0.0,0.0,0.0,0.0,0.0,0.0,0.0,0.0,0.0,0.0,0.0,0.0,0.0,0.1589088563599117,0.0,0.0,0.0,0.0,0.0,0.0,0.0,0.0,0.6902138826506679,0.0,0.0,0.3375686577344935
0.0,0.0,0.4048259034969042,0.0,0.0,0.0,0.0,0.0,0.0,0.0,0.3686782762412964,0.0,0.0,0.0,0.0,0.0,0.0,0.0,0.0,0.0,0.0,0.0,0.0236857259188448,0.0,0.0,0.0,0.0,0.0,0.0,0.0,0.0,0.0,0.0,0.0,0.0,0.0,0.0,0.0,0.0,0.0595840008131677,0.2733234123127629,0.4413114799171151,0.0,0.0,0.0,0.0,0.0,0.5853454829807297,0.672319188745847,0.0,0.1500274099664967,0.4902374559977665,0.0865934079307901,0.4579557076334167,0.0,0.4935339076495168,0.0,0.1663201153512803,0.10166681817176,0.0,0.0,0.0,0.0,0.4443071022191754,0.0,0.0,0.0,0.2301524765637686,0.0,0.0,0.0,0.4102103901994475,0.5965891851171085,0.0,0.0,0.3479185329382937
0.0,0.0,0.467942661266554,0.0,0.0,0.7850255451659889,0.3878312621471159,0.6201058100222272,0.639338263778601,0.0,0.5554369777885695,0.0,0.4813994680757891,0.0,0.3087529954291087,0.0,0.0,0.0,0.3174538302532913,0.2649954840484679,0.4361715876527186,0.4463670395427808,0.8224907371933746,0.0,0.0,0.0,0.4603921182366028,0.1668810551987415,0.5868284477047083,0.0,0.4519765426997333,0.1468233998556244,0.0,0.4581632007862635,0.0,0.0,0.0,0.0,0.0,0.4088257332107151,0.3393933246981027,0.0,0.1833161120138266,0.0,0.0,0.6290725350171607,0.4928694557796055,0.6051421205263104,0.0,0.1500274099664967,0.0,0.6145043141170408,0.7984703448893374,0.6779173030407167,0.3872943237954361,0.5934464583001249,0.0,0.7739683201903078,0.2226170774723518,0.3874344286742815,0.4273041805496164,0.4820816931770721,0.3185637921060923,0.3208866298587213,0.4746008830872098,0.5241507401484128,0.2536304771564219,0.9026256772086414,0.0,0.5985035605645314,0.5155492202453601,0.6100464910193563,0.2257756219470371,0.6375275817104116,0.2781304188874332,0.205087163207123
