0.0,0.3171620365146493,0.0,0.0,0.0,0.0628651482232061,0.0,0.2422470694746063,0.0,0.2694118734564661,0.0,0.1882804032085657,0.1489431027262632,0.0,0.4478787053792979,0.2770282706964561,0.3280153306253547,0.146871026529167,0.0,0.4557069148240851,0.5343398030904465,0.413262467733859,0.1914932370332084,0.3848110296924451,0.4454992409682448,0.499942112551875,0.3169161087854882,0.3400835738898606,0.384491381974593,0.0,0.3395985343915398,0.0,0.1228705734949241,0.010562999130346,0.0,0.0,0.0,0.4463266302823677,0.0622355862979553,0.397104950874752,0.1288556239668631,0.0,0.0,0.0,0.0,0.6341258731357625,0.0319296264568205,0.0,0.0,0.0,0.0,0.0,0.0,0.0,0.1478124529094663,0.0,0.0,0.0,0.0,0.0,0.2479667080648402,0.0,0.3320893859320361,0.0,0.0,0.3202686364806444,0.3640031362301973,0.0,0.3667985771290218,0.2358923029256984,0.2903017937931456,0.0,0.0,0.0,0.0,0.2098914738823611
0.3171620365146493,0.0,0.0,0.0,0.2875975332287011,0.6997157159774338,0.5426127860304799,0.456751916290687,0.3712994480524255,0.0,0.0,0.0,0.5688072972498154,0.0,0.3348427763860381,0.6750668220909007,0.4201200123738906,0.4720605052120399,0.0,0.2728487020052929,0.3680222993489433,0.5026808211805581,0.4841427562693042,0.0,0.7409861354397884,0.6990335181765742,0.4303195226879392,0.4040871378716953,0.551222320113731,0.0,0.259762913350223,0.0787470245168778,0.1274731258764433,0.1893088511055341,0.1673014048803838,0.0,0.0,0.0,0.0,0.3042542270686738,0.0,0.0,0.0,0.0,0.0,0.0754684321162535,0.1360336065058968,0.0,0.0,0.0,0.4967494581677998,0.0,0.0,0.0,0.0,0.0,0.0,0.0,0.0,0.3422953675182598,0.0,0.0,0.2215340588562418,0.0,0.3713581499604308,0.0983960826817063,0.2113163603956422,0.3483961493314644,0.0,0.0956149586351995,0.1401667325362518,0.3907921423835364,0.0,0.0690532050251152,0.0,0.0
0.0,0.0,0.0,0.0,0.284588045338031,0.1029521770650651,0.0,0.3084863758613838,0.6007046979839816,0.0130155587459996,0.6172979650788534,0.2032315401950616,0.2442180517188433,0.0441245127256745,0.0,0.0,0.0,0.0,0.5487152862931151,0.0,0.0,0.0,0.354324389586253,0.0,0.0,0.0,0.5162137752013237,0.3598361280883781,0.0,0.0,0.2262129221477155,0.0,0.0,0.178920220542775,0.0,0.3850620459578829,0.0329794519890158,0.0,0.0,0.0,0.0,0.0,0.2087910812484536,0.0,0.0,0.0,0.0,0.6885336642868223,0.0,0.2981319020420038,0.028860446249982,0.1277273272045507,0.1616427469553845,0.705002697557515,0.0,0.4635047997223356,0.0,0.0,0.1466356900082989,0.0,0.0,0.0,0.0,0.5753103490654067,0.0,0.0,0.0,0.1847295224104351,0.0,0.0,0.0,0.2336486440472132,0.362859621336504,0.0,0.0,0.0
0.0,0.0,0.0,0.0,0.2426890953215583,0.0790717361182308,0.4945380171937982,0.2675683242453596,0.0,0.0903760496278402,0.1507296041877791,0.0,0.0720999922056456,0.1681087106205724,0.0,0.0,0.0,0.0,0.0,0.1607803828501734,0.0,0.0,0.1328418514244674,0.0,0.0,0.0,0.1774779354954833,0.075675968332791,0.1930002692593667,0.0,0.0,0.3736919337781639,0.0,0.0301066026820372,0.0,0.0609904294747377,0.1279007436792653,0.0,0.0,0.0,0.0,0.0,0.0,0.0,0.0,0.0,0.0,0.0,0.0,0.0,0.0,0.0,0.0,0.0,0.0,0.0,0.0,0.0,0.0,0.0,0.0,0.0,0.0,0.0,0.0,0.0,0.0,0.0,0.0,0.0,0.0,0.0,0.0,0.0,0.0,0.0
0.0,0.2875975332287011,0.284588045338031,0.2426890953215583,0.0,0.2319462842599589,0.4267177723954996,0.1401406885573627,0.6627614106105799,0.1448048995518422,0.4718298786387225,0.0,0.1302729929556115,0.094348302329936,0.0,0.2501732886558336,0.0,0.0,0.2393756584742873,0.2511867706762559,0.0,0.3513722546565716,0.2828548432148659,0.0,0.0874554655949307,0.0907712314019161,0.4540016781847149,0.20603462700616,0.2330108558782095,0.0,0.0443078015636946,0.0758639972249402,0.0791222642608388,0.2353516140228533,0.0291376138976412,0.2032305767113154,0.136521727860757,0.0951750297661475,0.0,0.0,0.0,0.0,0.1035438141610197,0.0,0.0,0.0,0.0,0.327593823731682,0.0,0.3345911807595771,0.0595087687397043,0.0,0.1383939262675355,0.4477296998671303,0.0,0.291163940813426,0.0,0.0,0.0,0.0,0.0,0.0,0.0,0.2107461182202262,0.0,0.0,0.0,0.3021827439315626,0.0,0.0,0.0,0.461871225742576,0.0,0.0,0.0,0.0
0.0628651482232061,0.6997157159774338,0.1029521770650651,0.0790717361182308,0.2319462842599589,0.0,0.4065448588486444,0.5706635229937509,0.2620096903765797,0.1998907662559048,0.061379172943932,0.1492677649537551,0.5707529192940692,0.3732999294699609,0.1311161943122178,0.3038760646984418,0.1187869099413045,0.3345810557672452,0.3552184247957894,0.0564664223550585,0.2803243265153817,0.0917002809877659,0.7076617614996347,0.0,0.3969014861752762,0.4400842349029853,0.429393748483494,0.184493805810954,0.3753203402763231,0.142581601754616,0.0890014439929873,0.2688455664426706,0.2106408545686395,0.0685396261949794,0.0645409376377999,0.3041347982861515,0.0,0.0548293476862138,0.0914415005535545,0.0,0.0081589934406741,0.0,0.0612027250281009,0.0,0.0,0.0,0.3584820419002901,0.0,0.0,0.0,0.7341948083167319,0.17285236395514,0.4876866135222213,0.1277990331155032,0.0,0.0,0.0,0.4213388662957746,0.0,0.0798127514897179,0.0,0.0,0.0,0.190396965049268,0.049872900779889,0.0750443130451162,0.0298877648443492,0.6281334175561903,0.0,0.0,0.3402217236737778,0.2678072775937062,0.0381939676520384,0.0,0.1082026137671851,0.0
0.0,0.5426127860304799,0.0,0.4945380171937982,0.4267177723954996,0.4065448588486444,0.0,0.2176628386971116,0.1671023091676792,0.294061567657597,0.0583899573934107,0.0,0.2415506288872089,0.0979763725834085,0.0,0.3458379585273421,0.2942099985554429,0.0375206597395156,0.0,0.0555344043126866,0.0,0.3274082090461517,0.1736243458256284,0.0,0.4042923219366018,0.1192476805204465,0.3274548022071166,0.1322870407177314,0.4955195884955081,0.0,0.0,0.2968308401568712,0.0813973102485073,0.1886248564121518,0.2898739781582851,0.0,0.0,0.047959881827959,0.2794212776755508,0.0,0.0839724729572217,0.0,0.0,0.0,0.0,0.0,0.0,0.0,0.0,0.0,0.1801154063918515,0.0,0.1975681388775212,0.0,0.0,0.0,0.0,0.0,0.0,0.0,0.0,0.0,0.0,0.0,0.0,0.0,0.0,0.2615663388357512,0.0,0.0,0.0,0.4627599485246618,0.0,0.0,0.0,0.0
0.2422470694746063,0.456751916290687,0.3084863758613838,0.2675683242453596,0.1401406885573627,0.5706635229937509,0.2176628386971116,0.0,0.2254352450707411,0.3040581126197801,0.1379209895401519,0.3392033077568714,0.4788734385135353,0.3945284875242889,0.1925183478994603,0.1556883655420146,0.0,0.1715085666767373,0.3144384235894791,0.198268772554054,0.5359739270399925,0.1004206620126564,0.8306648125650268,0.4653194048308259,0.0989649116589142,0.5641538974953128,0.1297030037603215,0.3036132772395812,0.0,0.3244961974003654,0.3005609963075547,0.1548341955532874,0.2044699230588421,0.190843204493381,0.0630021068929352,0.4381784222050387,0.0,0.0,0.042178345744062,0.0,0.0,0.0,0.2556630404737988,0.0,0.0,0.0,0.0,0.2027554834143385,0.0,0.0304123110141365,0.303331699779891,0.0,0.7501236281511507,0.2069944454688174,0.0,0.1189478992085194,0.0,0.2728451153393533,0.1339225121326896,0.2369842253390363,0.0,0.0,0.0,0.2880033165920112,0.1535503248886278,0.3887798720607547,0.0,0.6657394962282758,0.0,0.0,0.0,0.0484256530511674,0.1119864119550393,0.0,0.0,0.0
0.0,0.3712994480524255,0.6007046979839816,0.0,0.6627614106105799,0.2620096903765797,0.1671023091676792,0.2254352450707411,0.0,0.108951853403689,0.6595850527436685,0.0308869206195635,0.2924760501505609,0.0210317935819856,0.0,0.3239687126131327,0.0,0.1929344657813402,0.5690744549853447,0.4253025505240604,0.0,0.4746916070459737,0.3069708365799194,0.1454071438625038,0.1218944782118589,0.2480645512245969,0.5293204628703837,0.297437449349663,0.168729411018393,0.1885662651190726,0.1977019009728394,0.0425370270856784,0.0484768164156878,0.2136503511175853,0.0130907481460857,0.3185137312542712,0.010439949458199,0.2138547644371186,0.0,0.0,0.0,0.0,0.2024206237943819,0.0,0.0,0.0,0.0,0.4469064096969138,0.0,0.2932012365861956,0.1606588637899421,0.2291756980213414,0.1211924660370682,0.8065536709286473,0.0,0.4330933284203275,0.0,0.0,0.1232958905049737,0.0,0.0,0.0,0.0,0.5353948893372329,0.0,0.0,0.0,0.2310669253429317,0.0,0.0,0.0,0.4019598449114979,0.2780397524788948,0.0,0.0,0.0
0.2694118734564661,0.0,0.0130155587459996,0.0903760496278402,0.1448048995518422,0.1998907662559048,0.294061567657597,0.3040581126197801,0.108951853403689,0.0,0.0,0.5834520903244909,0.5253556877210033,0.0,0.0,0.6222922013205151,0.8629332021386065,0.5405510706853481,0.0,0.4729987713907972,0.0,0.4945990990904778,0.191267144409289,0.3623345794734792,0.593742765026483,0.676698869592349,0.1321357393942779,0.7068569129717938,0.483028845017277,0.0,0.6566807576083732,0.0,0.0311027110639698,0.131472133639615,0.1443337315359969,0.3215602948208288,0.0,0.646420427994718,0.0,0.1506132782017248,0.0,0.0,0.0,0.0,0.0128954187493746,0.1431433285284924,0.0,0.0,0.0,0.0,0.0,0.0,0.0,0.0,0.7837931838213825,0.0,0.6080247433502469,0.1443404142949265,0.0,0.0,0.0,0.4190492641053114,0.4180482194938933,0.0,0.0,0.0,0.0,0.0,0.2789348638855233,0.1117488675748631,0.1458636045092037,0.0,0.3393834713138847,0.0,0.0,0.2135847423436041
0.0,0.0,0.6172979650788534,0.1507296041877791,0.4718298786387225,0.061379172943932,0.0583899573934107,0.1379209895401519,0.6595850527436685,0.0,0.0,0.0,0.1172726875017045,0.1001091889127104,0.0,0.0,0.0252221184148117,0.0,0.4758872783576231,0.0,0.0,0.0,0.1454915697591107,0.0211438176234476,0.0,0.1642434649808493,0.4961673878353316,0.1815018718138895,0.0,0.0,0.0396584230846767,0.0158188501802728,0.0,0.0278992500426166,0.0,0.1683595797945201,0.0112961204317691,0.1037455618056358,0.0,0.0,0.0,0.0,0.1299917441979243,0.0,0.0,0.0,0.0,0.652006918423465,0.0,0.0896908239068502,0.0344537139156038,0.0305352581193082,0.011994462503871,0.5317090424800492,0.0,0.5072497434311815,0.0,0.0,0.0,0.0,0.0,0.0,0.0,0.490969292512373,0.0,0.0,0.0,0.0943276724456001,0.0,0.0,0.0,0.3140811195939896,0.1167982806235763,0.0,0.0,0.0
0.1882804032085657,0.0,0.2032315401950616,0.0,0.0,0.1492677649537551,0.0,0.3392033077568714,0.0308869206195635,0.5834520903244909,0.0,0.0,0.4862525833125592,0.0,0.0,0.0,0.6058413913906134,0.4676168193768544,0.0,0.0,0.2180523116043652,0.0,0.2314518272005874,0.6053744705980784,0.1608035672738006,0.6958278816680235,0.0,0.5224162817254002,0.0,0.0,0.4514719028876959,0.0,0.0411700986943594,0.0111551656328309,0.0,0.3833671964398091,0.0,0.5793739999012304,0.0,0.1844800849713838,0.0,0.0,0.2152853914648445,0.0,0.0772776828920913,0.0,0.0,0.0,0.0,0.0,0.0,0.0,0.0,0.0,0.4966001272500589,0.0,0.8135548031984873,0.3407085954853062,0.0,0.0,0.0,0.4099397054778154,0.3137688848178855,0.0,0.0,0.0,0.0,0.0,0.4343561297106772,0.0,0.1911255035126641,0.0,0.4392934911400429,0.0,0.0,0.12426476045612
0.1489431027262632,0.5688072972498154,0.2442180517188433,0.0720999922056456,0.1302729929556115,0.5707529192940692,0.2415506288872089,0.4788734385135353,0.2924760501505609,0.5253556877210033,0.1172726875017045,0.4862525833125592,0.0,0.0586878958946568,0.4008207766911714,0.4945503123095532,0.6266320195966796,0.7249492067032643,0.1758163972572298,0.4379236656975407,0.4397359217096425,0.3277680116655271,0.4811979223083945,0.3311317449724013,0.3048123916001149,0.729328841939885,0.1955152284784418,0.7334248524282122,0.3037706063755467,0.3177602078801395,0.3488993274411448,0.2335994209900158,0.150122283110705,0.1819582803151471,0.0521659690161446,0.3873369624934074,0.0699477630023503,0.4096262401136528,0.0,0.2436628599800677,0.0,0.0359363624450758,0.2186061984133189,0.0,0.1462101603684435,0.0,0.0,0.0666014677588692,0.0,0.0,0.2901665572189228,0.2565870960824348,0.2036169912925528,0.0,0.0,0.0,0.4218411883979691,0.0,0.0,0.400611627771259,0.0,0.0,0.0,0.0,0.2847162718795337,0.0,0.0624214723932997,0.344161626083808,0.0,0.0,0.2683999140373687,0.0088281011251511,0.0,0.0,0.0,0.0
0.0,0.0,0.0441245127256745,0.1681087106205724,0.094348302329936,0.3732999294699609,0.0979763725834085,0.3945284875242889,0.0210317935819856,0.0,0.1001091889127104,0.0,0.0586878958946568,0.0,0.0,0.0,0.0,0.0,0.2394295207216885,0.0,0.1395519722739087,0.0,0.4175468231571121,0.0,0.0,0.0,0.0631729245519374,0.0,0.0,0.0,0.0,0.1485451648680225,0.0,0.1242282992804838,0.0,0.1552385771429234,0.0,0.0,0.2085957828555489,0.0,0.0,0.0,0.0,0.0,0.0,0.0,0.0,0.1234192193483536,0.0,0.0,0.0,0.0,0.0,0.0455355373311891,0.0,0.2406105166075208,0.0,0.0,0.0,0.0,0.0,0.0,0.0,0.0,0.0,0.0,0.0,0.4508499139548468,0.0,0.0,0.0,0.1271399748673961,0.0,0.0,0.0,0.0
0.4478787053792979,0.3348427763860381,0.0,0.0,0.0,0.1311161943122178,0.0,0.1925183478994603,0.0,0.0,0.0,0.0,0.4008207766911714,0.0,0.0,0.4059844426916257,0.0,0.3231952094283964,0.0,0.7359499631097053,0.5718635338265227,0.6467897467058625,0.1972876651269071,0.1946061591985084,0.2758818975356149,0.473823238576965,0.4979629533272331,0.6604481018436332,0.4457894610977512,0.0,0.412943672341186,0.0786156358332104,0.0,0.1958427468854421,0.0,0.4119573181980751,0.0,0.0,0.0,0.0870379381679731,0.0,0.0,0.3636313484121089,0.0,0.0,0.0,0.0,0.0,0.0,0.0,0.0,0.0,0.0192806717257493,0.0,0.0,0.0,0.0,0.0,0.0,0.7620193906639882,0.0648109011009824,0.0,0.0,0.0,0.6582412071915904,0.3802787744429889,0.4987898627980126,0.1167200889957844,0.0,0.0,0.019869401956554,0.2527097171932432,0.2640130459005348,0.077347538312506,0.0,0.0986144718401914
0.2770282706964561,0.6750668220909007,0.0,0.0,0.2501732886558336,0.3038760646984418,0.3458379585273421,0.1556883655420146,0.3239687126131327,0.6222922013205151,0.0,0.0,0.4945503123095532,0.0,0.4059844426916257,0.0,0.5992687758653547,0.6670326104738428,0.0,0.487651429040742,0.3450515350040023,0.7099429418628679,0.1848274995445093,0.1652237760167203,0.6243813258716394,0.5906749253518193,0.3700000292161347,0.5901095769459923,0.5769953546917084,0.4051123471577799,0.5206451799917772,0.0115948028733814,0.113182352557849,0.2559285635197326,0.2468410784735074,0.0,0.0,0.0,0.0,0.2020678452136295,0.0,0.0,0.0,0.0,0.0,0.0408555626223131,0.0,0.0,0.0,0.0,0.0,0.0,0.0,0.0,0.0,0.0,0.0,0.0,0.0,0.442557197607729,0.0258403689005896,0.0,0.3325986257656788,0.0,0.500755074362891,0.08924766463763,0.3243941578325011,0.0560122253094756,0.0,0.0,0.0,0.2614740091665343,0.0,0.1342844221913003,0.0,0.0
0.3280153306253547,0.4201200123738906,0.0,0.0,0.0,0.1187869099413045,0.2942099985554429,0.0,0.0,0.8629332021386065,0.0252221184148117,0.6058413913906134,0.6266320195966796,0.0,0.0,0.5992687758653547,0.0,0.6159140660784141,0.0,0.6121456086710706,0.0,0.610270444712707,0.0,0.3799114442170365,0.4606008165389416,0.7313413785130581,0.0,0.8051130081860338,0.4689770418464287,0.0,0.6717940990240624,0.0347625349281372,0.1133799522936071,0.206472590539432,0.1762535997782275,0.0,0.0,0.6069158565578785,0.0,0.1954038861405753,0.0,0.0,0.0,0.0,0.0,0.0,0.0,0.0,0.0,0.0,0.0,0.0,0.0,0.0,0.574497747589672,0.0,0.5604565097024906,0.0,0.0,0.0,0.0,0.2489218702161627,0.4653356030217671,0.0,0.0,0.0,0.0,0.0,0.2323137967115886,0.0,0.0777036089584034,0.0,0.0,0.0,0.0,0.0
0.146871026529167,0.4720605052120399,0.0,0.0,0.0,0.3345810557672452,0.0375206597395156,0.1715085666767373,0.1929344657813402,0.5405510706853481,0.0,0.4676168193768544,0.7249492067032643,0.0,0.3231952094283964,0.6670326104738428,0.6159140660784141,0.0,0.0,0.3716234736987467,0.2777553055402558,0.3691602495991728,0.1472962857707006,0.4122644151848281,0.4292363639392799,0.6577802341706873,0.0435700479107753,0.6380697898662385,0.3618750685300651,0.2591495765876234,0.4719233086584838,0.0325190966912299,0.168774636601844,0.1491043888332392,0.0,0.0,0.0,0.0,0.0,0.2666990756412302,0.0,0.0,0.0,0.0,0.0,0.0,0.0,0.0,0.0,0.0,0.0,0.0,0.0,0.0,0.3734625574362749,0.0,0.4863383946667115,0.0,0.0,0.0,0.0,0.3649784815741538,0.4683904142246016,0.0,0.0,0.0,0.0,0.0,0.2186706174845004,0.0,0.0760377047781826,0.0,0.0,0.0,0.0,0.0751539951065242
0.0,0.0,0.5487152862931151,0.0,0.2393756584742873,0.3552184247957894,0.0,0.3144384235894791,0.5690744549853447,0.0,0.4758872783576231,0.0,0.1758163972572298,0.2394295207216885,0.0,0.0,0.0,0.0,0.0,0.0,0.0,0.0,0.3857935203990091,0.0,0.0,0.0,0.4214359580118673,0.0731948895874654,0.0,0.0,0.0485887526048249,0.1443541653761229,0.0,0.1376351432528306,0.0,0.2393952866777783,0.0,0.0,0.0,0.0,0.0,0.0,0.0308254972593579,0.0,0.0,0.0,0.0,0.3885217295759526,0.0,0.0,0.2720221638675056,0.0,0.2720617424469908,0.4290292202579761,0.0,0.5079742819395734,0.0,0.0933060711010243,0.0,0.0,0.0,0.0,0.0,0.9002856710686686,0.0,0.0,0.0,0.2779248460789376,0.0,0.0,0.0,0.3022468751051869,0.0,0.0,0.0,0.0
0.4557069148240851,0.2728487020052929,0.0,0.1607803828501734,0.2511867706762559,0.0564664223550585,0.0555344043126866,0.198268772554054,0.4253025505240604,0.4729987713907972,0.0,0.0,0.4379236656975407,0.0,0.7359499631097053,0.487651429040742,0.6121456086710706,0.3716234736987467,0.0,0.0,0.488002964026087,0.785879996531571,0.0959033601596737,0.0,0.3605994204672291,0.5348152130015168,0.5901270035663878,0.749320109556296,0.4816112415446521,0.4176670170060184,0.469792989449695,0.1308300735297713,0.0,0.0926592510872822,0.0,0.4095057999014332,0.1797736378749636,0.0,0.0,0.0496466107199842,0.0534804611959313,0.1213699174917427,0.3596256633066817,0.0,0.0,0.0,0.0,0.0,0.0,0.0,0.0,0.0,0.0,0.0,0.0,0.0,0.0,0.0,0.0,0.685677464681741,0.2390270534043032,0.0,0.0,0.0,0.776541232440789,0.2895478705359552,0.6065125409467305,0.0,0.0,0.0,0.072855789945691,0.2799016753444882,0.3618023973908448,0.1749007117765201,0.0,0.2726824556227811
0.5343398030904465,0.3680222993489433,0.0,0.0,0.0,0.2803243265153817,0.0,0.5359739270399925,0.0,0.0,0.0,0.2180523116043652,0.4397359217096425,0.1395519722739087,0.5718635338265227,0.3450515350040023,0.0,0.2777553055402558,0.0,0.488002964026087,0.0,0.3883496845274762,0.5377189211239362,0.3686015818408307,0.3474809722500476,0.5440943739481016,0.4012057671777155,0.5785361855790528,0.424344214818324,0.0,0.5153913905412059,0.1397912153072622,0.1563813070763513,0.3177842991166431,0.0163651912878454,0.0,0.0,0.0,0.0,0.2180871819647168,0.0277129236381483,0.0140287432590791,0.0,0.0,0.0,0.3436625566644585,0.1213472470779473,0.0,0.0,0.0,0.0686777030659265,0.0,0.3590907339516388,0.0,0.0,0.0,0.0,0.0899392369402531,0.0,0.5860512550053565,0.045624478823157,0.0,0.0,0.0,0.4406979940506034,0.706147266620033,0.3387059036930975,0.4089059584465423,0.0,0.1522470236598869,0.2985230855531947,0.276041196367565,0.2589220258322113,0.046397139685455,0.0,0.1112342473024296
0.413262467733859,0.5026808211805581,0.0,0.0,0.3513722546565716,0.0917002809877659,0.3274082090461517,0.1004206620126564,0.4746916070459737,0.4945990990904778,0.0,0.0,0.3277680116655271,0.0,0.6467897467058625,0.7099429418628679,0.610270444712707,0.3691602495991728,0.0,0.785879996531571,0.3883496845274762,0.0,0.0296652831252404,0.0,0.552707292679092,0.4934030772082119,0.6821457910900616,0.6235873815016539,0.6178794712640652,0.4072236270362842,0.4279906217333564,0.0540142357428179,0.0,0.2315280058735149,0.2175922699074549,0.2184985676081712,0.0455188575989661,0.0,0.0,0.077546978608146,0.0,0.0,0.256007964085771,0.0,0.0,0.2249294313708809,0.0,0.0,0.0,0.0,0.0,0.0,0.0,0.0,0.0,0.0,0.0,0.0,0.0,0.608663485582289,0.1868256325972374,0.0,0.2521421478936297,0.0,0.7378100490145885,0.1498165520530218,0.6922472261126832,0.0,0.0,0.0,0.0,0.5297709756607609,0.2823074292873441,0.2211872090009062,0.0,0.0539554290956844
0.1914932370332084,0.4841427562693042,0.354324389586253,0.1328418514244674,0.2828548432148659,0.7076617614996347,0.1736243458256284,0.8306648125650268,0.3069708365799194,0.191267144409289,0.1454915697591107,0.2314518272005874,0.4811979223083945,0.4175468231571121,0.1972876651269071,0.1848274995445093,0.0,0.1472962857707006,0.3857935203990091,0.0959033601596737,0.5377189211239362,0.0296652831252404,0.0,0.3680422333170514,0.0068879646202674,0.5026126359712257,0.2502313277716175,0.2497516017599588,0.0024172166648609,0.2542804916806773,0.2223070807102561,0.1255181414609286,0.2456444772314692,0.2556204259139659,0.161164450984498,0.4139242023596409,0.0,0.2255955803203026,0.0,0.1158815455805506,0.0,0.0,0.1330359397980929,0.0221427910763943,0.0,0.0,0.0470252535252183,0.1703440141816913,0.0,0.1455349562594005,0.43104580095897,0.0476959173770741,0.7212340207782126,0.2766793679477644,0.0,0.1471519011535738,0.0,0.3584766155945609,0.2548548344518551,0.2867476705441148,0.0,0.0,0.0,0.2990061974343657,0.1349716039383643,0.3412728476873954,0.0,0.8688867821749817,0.0,0.0,0.2658689257480418,0.1092610997385571,0.037774996779868,0.0,0.0984965634804586,0.0
0.3848110296924451,0.0,0.0,0.0,0.0,0.0,0.0,0.4653194048308259,0.1454071438625038,0.3623345794734792,0.0211438176234476,0.6053744705980784,0.3311317449724013,0.0,0.1946061591985084,0.1652237760167203,0.3799114442170365,0.4122644151848281,0.0,0.0,0.3686015818408307,0.0,0.3680422333170514,0.0,0.1754261836205977,0.6227019767475184,0.0,0.3925427972734066,0.0,0.0,0.5282379849072372,0.0,0.2055864569632235,0.0525368329076397,0.0,0.4988788950717744,0.0136867947995813,0.4286816675873449,0.0,0.1355109233552751,0.0,0.0,0.0,0.0,0.1781387899208617,0.0828941056406569,0.0,0.0,0.0,0.0,0.0,0.0,0.0,0.0,0.3273149162747942,0.0,0.6009333621563513,0.0,0.0,0.0,0.0,0.3157693216755539,0.2753933353484719,0.0,0.0,0.0,0.0,0.0,0.7503803226056668,0.0,0.3372769124364065,0.0,0.4995698351018272,0.0,0.0,0.0897338076251258
0.4454992409682448,0.7409861354397884,0.0,0.0,0.0874554655949307,0.3969014861752762,0.4042923219366018,0.0989649116589142,0.1218944782118589,0.593742765026483,0.0,0.1608035672738006,0.3048123916001149,0.0,0.2758818975356149,0.6243813258716394,0.4606008165389416,0.4292363639392799,0.0,0.3605994204672291,0.3474809722500476,0.552707292679092,0.0068879646202674,0.1754261836205977,0.0,0.508345208128397,0.4773675383643377,0.3948202550486088,0.7923608369088866,0.0,0.3274731979459329,0.0319473240580192,0.0922134052195338,0.0850623947492126,0.0369581840736006,0.0,0.0,0.352191529270151,0.0059039884619486,0.4246992597311581,0.0890885301534707,0.0,0.0,0.0,0.0,0.3621304774207626,0.3388345157429175,0.0,0.0,0.0,0.0,0.0,0.0,0.0,0.5652306112368558,0.0,0.1980662716401575,0.1280812517408543,0.0,0.2482655006856065,0.3958199718293444,0.356668339700762,0.4660114338227326,0.0,0.409972231226315,0.2290059215586644,0.41969853857982,0.0,0.3241332012356021,0.5742270193958373,0.1985020896467127,0.0,0.0,0.5360947134920611,0.0,0.2442876441087712
0.499942112551875,0.6990335181765742,0.0,0.0,0.0907712314019161,0.4400842349029853,0.1192476805204465,0.5641538974953128,0.2480645512245969,0.676698869592349,0.1642434649808493,0.6958278816680235,0.729328841939885,0.0,0.473823238576965,0.5906749253518193,0.7313413785130581,0.6577802341706873,0.0,0.5348152130015168,0.5440943739481016,0.4934030772082119,0.5026126359712257,0.6227019767475184,0.508345208128397,0.0,0.1934461356776488,0.7063284262456061,0.3003865637483117,0.0,0.5518445111654395,0.0754531547896795,0.2224923936407275,0.1852741738530683,0.1141521493556018,0.4241874850600375,0.0,0.643011276529297,0.0,0.3266201313504414,0.0,0.0,0.0,0.0,0.1151078188945538,0.1480520209992098,0.0,0.0,0.0,0.0,0.1739343025822897,0.0,0.0,0.0,0.4744644899711518,0.0,0.584075755440139,0.2817621310944476,0.0,0.5094408458314365,0.0,0.3791762178363808,0.36184277456317,0.0,0.5020863492712775,0.2111873755515202,0.1737884750134022,0.2355782120906274,0.3654967047657452,0.0,0.2611781677787054,0.0290044261408379,0.3926495785712178,0.0,0.0,0.075911957118738
0.3169161087854882,0.4303195226879392,0.5162137752013237,0.1774779354954833,0.4540016781847149,0.429393748483494,0.3274548022071166,0.1297030037603215,0.5293204628703837,0.1321357393942779,0.4961673878353316,0.0,0.1955152284784418,0.0631729245519374,0.4979629533272331,0.3700000292161347,0.0,0.0435700479107753,0.4214359580118673,0.5901270035663878,0.4012057671777155,0.6821457910900616,0.2502313277716175,0.0,0.4773675383643377,0.1934461356776488,0.0,0.3151651180228588,0.6583548962706741,0.1898917056115633,0.1483019912456603,0.2513279656663656,0.0,0.1245763921269119,0.0871489470521537,0.1853902043447644,0.0,0.2025343185325488,0.0371544265001412,0.1605340210239693,0.098753261068162,0.0645657026111089,0.129255891150886,0.1304078244865313,0.0,0.0,0.2679888177852083,0.3242311086983914,0.0,0.2025102209975253,0.2599242497340358,0.2808479552137893,0.0789982126867647,0.3580079524112036,0.0,0.1121011779394984,0.0,0.0,0.0,0.4206131370966192,0.0,0.0,0.0,0.3329316732459053,0.5013750592566272,0.1603439082778628,0.7061416827254986,0.2158092002308391,0.0,0.0,0.0107097559952757,0.7451138612744165,0.0837095617582948,0.290763902369141,0.0,0.146598707873948
0.3400835738898606,0.4040871378716953,0.3598361280883781,0.075675968332791,0.20603462700616,0.184493805810954,0.1322870407177314,0.3036132772395812,0.297437449349663,0.7068569129717938,0.1815018718138895,0.5224162817254002,0.7334248524282122,0.0,0.6604481018436332,0.5901095769459923,0.8051130081860338,0.6380697898662385,0.0731948895874654,0.749320109556296,0.5785361855790528,0.6235873815016539,0.2497516017599588,0.3925427972734066,0.3948202550486088,0.7063284262456061,0.3151651180228588,0.0,0.4579570008712311,0.5259217933401529,0.6811197555064217,0.0639006270838278,0.0263933553510349,0.2183636890780796,0.0257478029218181,0.5022449118716223,0.1418113462847759,0.6311359155930405,0.0,0.1236350591338454,0.0,0.0,0.3824116976347599,0.0,0.0810648800849716,0.0,0.0,0.1551703427529776,0.0,0.0,0.0,0.0,0.0292281511744551,0.340015721760339,0.5162743345058693,0.0,0.5338018951965474,0.1307607297500991,0.0,0.6550467445475111,0.0,0.0,0.0,0.0,0.6288385701665196,0.3519535764759051,0.3294735869350361,0.0578988415806916,0.0,0.0,0.0947707367908187,0.1348447688989407,0.5050497363286391,0.0786061258646868,0.0,0.2346391999553401
0.384491381974593,0.551222320113731,0.0,0.1930002692593667,0.2330108558782095,0.3753203402763231,0.4955195884955081,0.0,0.168729411018393,0.483028845017277,0.0,0.0,0.3037706063755467,0.0,0.4457894610977512,0.5769953546917084,0.4689770418464287,0.3618750685300651,0.0,0.4816112415446521,0.424344214818324,0.6178794712640652,0.0024172166648609,0.0,0.7923608369088866,0.3003865637483117,0.6583548962706741,0.4579570008712311,0.0,0.2994090074199173,0.3321134523089628,0.1372529017512315,0.0,0.0582227409318065,0.1004896781292912,0.1102278013760305,0.0147255000924554,0.0,0.0416496285979313,0.2774902745952822,0.141183373177173,0.211410729052228,0.1450595997499207,0.0,0.0,0.0,0.4007782757414822,0.0,0.0,0.0,0.26653559724621,0.3461070887715432,0.0,0.0,0.0,0.0,0.0,0.0,0.0,0.301380097527613,0.0,0.0,0.0,0.0,0.3897884467213954,0.3274149856051842,0.5278443263187386,0.0,0.0,0.0,0.142886038019882,0.5307649729397839,0.1004348681977922,0.6329759996487591,0.0,0.3232772022305181
0.0,0.0,0.0,0.0,0.0,0.142581601754616,0.0,0.3244961974003654,0.1885662651190726,0.0,0.0,0.0,0.3177602078801395,0.0,0.0,0.4051123471577799,0.0,0.2591495765876234,0.0,0.4176670170060184,0.0,0.4072236270362842,0.2542804916806773,0.0,0.0,0.0,0.1898917056115633,0.5259217933401529,0.2994090074199173,0.0,0.4328874374332084,0.0428202793254256,0.0,0.2898529780118919,0.2105254658811904,0.0,0.0,0.0,0.0,0.0,0.0,0.0,0.0,0.0,0.0,0.0,0.0,0.0,0.0,0.0,0.0,0.0,0.0,0.0,0.0,0.0,0.0,0.0,0.0,0.0,0.0,0.0,0.0,0.0,0.4292459585882652,0.0,0.0,0.1041704455762921,0.0,0.0,0.0,0.1410232922306925,0.0,0.0766871794677245,0.0,0.0
0.3395985343915398,0.259762913350223,0.2262129221477155,0.0,0.0443078015636946,0.0890014439929873,0.0,0.3005609963075547,0.1977019009728394,0.6566807576083732,0.0396584230846767,0.4514719028876959,0.3488993274411448,0.0,0.412943672341186,0.5206451799917772,0.6717940990240624,0.4719233086584838,0.0485887526048249,0.469792989449695,0.5153913905412059,0.4279906217333564,0.2223070807102561,0.5282379849072372,0.3274731979459329,0.5518445111654395,0.1483019912456603,0.6811197555064217,0.3321134523089628,0.4328874374332084,0.0,0.0017808068839662,0.1057128173212007,0.2718794931057792,0.1869414659658,0.4827144225782934,0.0769333132944263,0.6146125641211243,0.0,0.0671311001940258,0.0,0.0,0.384441738593991,0.0,0.0,0.0,0.0,0.0,0.0,0.0,0.0,0.0,0.1072145292917761,0.0,0.5452836470112613,0.0,0.4793997150640057,0.0,0.0,0.4219688517620888,0.0258780835622623,0.3266619789974328,0.3388365766211735,0.0,0.3867116411070165,0.3087506543098006,0.1516686639646874,0.0096943202278741,0.3450849144870252,0.0,0.067246116695917,0.0129607230733625,0.3855258702157302,0.0085460988991862,0.0,0.1707426923760232
0.0,0.0787470245168778,0.0,0.3736919337781639,0.0758639972249402,0.2688455664426706,0.2968308401568712,0.1548341955532874,0.0425370270856784,0.0,0.0158188501802728,0.0,0.2335994209900158,0.1485451648680225,0.0786156358332104,0.0115948028733814,0.0347625349281372,0.0325190966912299,0.1443541653761229,0.1308300735297713,0.1397912153072622,0.0540142357428179,0.1255181414609286,0.0,0.0319473240580192,0.0754531547896795,0.2513279656663656,0.0639006270838278,0.1372529017512315,0.0428202793254256,0.0017808068839662,0.0,0.430034370283942,0.3309052158606315,0.1001728526292808,0.0911461499256997,0.2501465580384703,0.0037794724243806,0.5330114997904102,0.1273120739021328,0.4140524046906633,0.3989210751176229,0.0191223044427403,0.1779206189473951,0.2097276075934078,0.0266477633416271,0.361677510820924,0.0,0.0,0.023236888855212,0.0,0.0,0.0018912590987207,0.0,0.0,0.0,0.0,0.0,0.0,0.0,0.1802751772588407,0.0,0.0076147356769608,0.1538164174003261,0.0,0.1065678361801553,0.2489083623176328,0.0798757090246349,0.0,0.1010006488273197,0.1246901577079262,0.057725465216732,0.0,0.0,0.0,0.0353835832000136
0.1228705734949241,0.1274731258764433,0.0,0.0,0.0791222642608388,0.2106408545686395,0.0813973102485073,0.2044699230588421,0.0484768164156878,0.0311027110639698,0.0,0.0411700986943594,0.150122283110705,0.0,0.0,0.113182352557849,0.1133799522936071,0.168774636601844,0.0,0.0,0.1563813070763513,0.0,0.2456444772314692,0.2055864569632235,0.0922134052195338,0.2224923936407275,0.0,0.0263933553510349,0.0,0.0,0.1057128173212007,0.430034370283942,0.0,0.2682371535743212,0.0202148041688636,0.1682656168674453,0.0641661707249237,0.0242978015935389,0.3180749824995788,0.414195059506445,0.2681769214783452,0.0654721138167617,0.0,0.0,0.230409697450405,0.184698991533959,0.1689278293168733,0.0,0.0,0.0,0.0,0.0,0.0,0.0,0.0328158229380179,0.0,0.0,0.0,0.0,0.0,0.0364168868130859,0.1131576475019827,0.1477033545512142,0.0,0.0,0.1475404368185852,0.0685984421204741,0.1673892381209369,0.100860022105729,0.1324650192511056,0.2442178173486056,0.0,0.0,0.0,0.0,0.0
0.010562999130346,0.1893088511055341,0.178920220542775,0.0301066026820372,0.2353516140228533,0.0685396261949794,0.1886248564121518,0.190843204493381,0.2136503511175853,0.131472133639615,0.0278992500426166,0.0111551656328309,0.1819582803151471,0.1242282992804838,0.1958427468854421,0.2559285635197326,0.206472590539432,0.1491043888332392,0.1376351432528306,0.0926592510872822,0.3177842991166431,0.2315280058735149,0.2556204259139659,0.0525368329076397,0.0850623947492126,0.1852741738530683,0.1245763921269119,0.2183636890780796,0.0582227409318065,0.2898529780118919,0.2718794931057792,0.3309052158606315,0.2682371535743212,0.0,0.3728050695022736,0.1105638131588008,0.0235596735635672,0.2375641913108195,0.1620198138029073,0.0,0.0296230394645631,0.0,0.0183843238107703,0.1049716863738876,0.0,0.0,0.0,0.1942895563546531,0.0,0.0,0.0,0.1747267862068251,0.2436983912623914,0.1738535938273887,0.1997664962920559,0.0,0.0231150086453081,0.0,0.0,0.2047024698701818,0.0,0.1563851704179007,0.0,0.0,0.1170243940421469,0.1814722390765563,0.2218852674554335,0.1793008226033908,0.0,0.0,0.0,0.1591331218609125,0.149077008011288,0.0,0.0,0.0
0.0,0.1673014048803838,0.0,0.0,0.0291376138976412,0.0645409376377999,0.2898739781582851,0.0630021068929352,0.0130907481460857,0.1443337315359969,0.0,0.0,0.0521659690161446,0.0,0.0,0.2468410784735074,0.1762535997782275,0.0,0.0,0.0,0.0163651912878454,0.2175922699074549,0.161164450984498,0.0,0.0369581840736006,0.1141521493556018,0.0871489470521537,0.0257478029218181,0.1004896781292912,0.2105254658811904,0.1869414659658,0.1001728526292808,0.0202148041688636,0.3728050695022736,0.0,0.0,0.0142301668073645,0.1451407101216198,0.1462494022964743,0.0,0.0,0.0,0.0,0.0180485031504166,0.0,0.0,0.0,0.0,0.0,0.0,0.0,0.0,0.0,0.0,0.0,0.0,0.0140771547051529,0.0,0.0,0.0325053803585726,0.0,0.0,0.0,0.0,0.0,0.0,0.0816270900968737,0.100662574061569,0.0,0.0,0.0,0.1057957841627936,0.0,0.0,0.0,0.0
0.0,0.0,0.3850620459578829,0.0609904294747377,0.2032305767113154,0.3041347982861515,0.0,0.4381784222050387,0.3185137312542712,0.3215602948208288,0.1683595797945201,0.3833671964398091,0.3873369624934074,0.1552385771429234,0.4119573181980751,0.0,0.0,0.0,0.2393952866777783,0.4095057999014332,0.0,0.2184985676081712,0.4139242023596409,0.4988788950717744,0.0,0.4241874850600375,0.1853902043447644,0.5022449118716223,0.1102278013760305,0.0,0.4827144225782934,0.0911461499256997,0.1682656168674453,0.1105638131588008,0.0,0.0,0.2050395688572568,0.2938913191280695,0.0,0.0400474836374916,0.0,0.0,0.434632205423449,0.0700560104172969,0.1950716918851162,0.0,0.0,0.1750077000608136,0.0,0.2318526584554773,0.172445169855346,0.165211760149022,0.2346970546363912,0.4063111594543278,0.0,0.0806418516941716,0.3717352881810923,0.2503957273670786,0.0,0.0,0.0,0.0,0.0,0.244874646888296,0.4327450773164326,0.0,0.0199101186151498,0.2790329924066657,0.0,0.0,0.0,0.0544388793753207,0.403461262567547,0.0,0.0,0.0
0.0,0.0,0.0329794519890158,0.1279007436792653,0.136521727860757,0.0,0.0,0.0,0.010439949458199,0.0,0.0112961204317691,0.0,0.0699477630023503,0.0,0.0,0.0,0.0,0.0,0.0,0.1797736378749636,0.0,0.0455188575989661,0.0,0.0136867947995813,0.0,0.0,0.0,0.1418113462847759,0.0147255000924554,0.0,0.0769333132944263,0.2501465580384703,0.0641661707249237,0.0235596735635672,0.0142301668073645,0.2050395688572568,0.0,0.0,0.078517462520566,0.0,0.0576425940044456,0.1394072447000322,0.119336718235151,0.0,0.0,0.0,0.0,0.0,0.0,0.0,0.0,0.0,0.0,0.0,0.0,0.0,0.0,0.0,0.0,0.0,0.0,0.0,0.0,0.0,0.0,0.0,0.0,0.0,0.0,0.0,0.0,0.0,0.0,0.0,0.0,0.0
0.4463266302823677,0.0,0.0,0.0,0.0951750297661475,0.0548293476862138,0.047959881827959,0.0,0.2138547644371186,0.646420427994718,0.1037455618056358,0.5793739999012304,0.4096262401136528,0.0,0.0,0.0,0.6069158565578785,0.0,0.0,0.0,0.0,0.0,0.2255955803203026,0.4286816675873449,0.352191529270151,0.643011276529297,0.2025343185325488,0.6311359155930405,0.0,0.0,0.6146125641211243,0.0037794724243806,0.0242978015935389,0.2375641913108195,0.1451407101216198,0.2938913191280695,0.0,0.0,0.0,0.1421567407440718,0.0,0.0,0.0,0.0,0.0,0.0,0.0,0.0,0.0,0.0,0.0,0.0,0.0,0.0,0.5407174239017472,0.0,0.4058818223494237,0.0,0.0,0.0,0.0,0.0,0.0,0.0,0.0,0.0,0.0,0.0,0.2362910169828434,0.0,0.0,0.0,0.3590284459567289,0.0,0.0,0.0
0.0622355862979553,0.0,0.0,0.0,0.0,0.0914415005535545,0.2794212776755508,0.042178345744062,0.0,0.0,0.0,0.0,0.0,0.2085957828555489,0.0,0.0,0.0,0.0,0.0,0.0,0.0,0.0,0.0,0.0,0.0059039884619486,0.0,0.0371544265001412,0.0,0.0416496285979313,0.0,0.0,0.5330114997904102,0.3180749824995788,0.1620198138029073,0.1462494022964743,0.0,0.078517462520566,0.0,0.0,0.1068739010029625,0.4258997009827268,0.487212526991202,0.0,0.0744136969797229,0.168328185500224,0.1842826201519355,0.3883856501944734,0.0,0.0,0.0,0.0,0.0,0.0,0.0,0.0,0.0,0.0,0.0,0.0,0.0,0.3013580074795479,0.0,0.0231127219333196,0.0,0.0,0.062799671149642,0.1823659970909927,0.079007248132246,0.0,0.1920012842896093,0.2974999722695051,0.014297133423698,0.0,0.0704810798069381,0.0,0.0922836126591428
0.397104950874752,0.3042542270686738,0.0,0.0,0.0,0.0,0.0,0.0,0.0,0.1506132782017248,0.0,0.1844800849713838,0.2436628599800677,0.0,0.0870379381679731,0.2020678452136295,0.1954038861405753,0.2666990756412302,0.0,0.0496466107199842,0.2180871819647168,0.077546978608146,0.1158815455805506,0.1355109233552751,0.4246992597311581,0.3266201313504414,0.1605340210239693,0.1236350591338454,0.2774902745952822,0.0,0.0671311001940258,0.1273120739021328,0.414195059506445,0.0,0.0,0.0400474836374916,0.0,0.1421567407440718,0.1068739010029625,0.0,0.2262356961791218,0.1658117151161252,0.0515055600691801,0.1418696804197629,0.4091731482548233,0.4514926941892013,0.2748794598721829,0.0,0.0,0.0,0.3031828530810204,0.0914856131935789,0.0283817030393918,0.0,0.1311766434217432,0.0,0.102984324223233,0.2523481137214892,0.0,0.0784122202184264,0.335047410123295,0.2539344497414061,0.4991559555006841,0.0,0.1283266402709335,0.0971311643428766,0.2143114591382679,0.06558598550018,0.2367324948989942,0.332270554378655,0.3276689461565533,0.0489197800957759,0.0,0.2099062319553241,0.0,0.1893896918193543
0.1288556239668631,0.0,0.0,0.0,0.0,0.0081589934406741,0.0839724729572217,0.0,0.0,0.0,0.0,0.0,0.0,0.0,0.0,0.0,0.0,0.0,0.0,0.0534804611959313,0.0277129236381483,0.0,0.0,0.0,0.0890885301534707,0.0,0.098753261068162,0.0,0.141183373177173,0.0,0.0,0.4140524046906633,0.2681769214783452,0.0296230394645631,0.0,0.0,0.0576425940044456,0.0,0.4258997009827268,0.2262356961791218,0.0,0.5642047696605728,0.0,0.0,0.4418831696174936,0.3701483784955347,0.4349755395143682,0.0,0.0,0.0,0.0,0.0,0.0,0.0,0.0,0.0,0.0,0.0,0.0,0.0,0.5144888185726538,0.0,0.2059603982216161,0.0,0.0,0.2393008058093913,0.2796173373754552,0.0,0.0,0.3985010512246011,0.3397049570563814,0.0628214099687928,0.0,0.2930530897998732,0.0194643160932919,0.4533764515197914
0.0,0.0,0.0,0.0,0.0,0.0,0.0,0.0,0.0,0.0,0.0,0.0,0.0359363624450758,0.0,0.0,0.0,0.0,0.0,0.0,0.1213699174917427,0.0140287432590791,0.0,0.0,0.0,0.0,0.0,0.0645657026111089,0.0,0.211410729052228,0.0,0.0,0.3989210751176229,0.0654721138167617,0.0,0.0,0.0,0.1394072447000322,0.0,0.487212526991202,0.1658117151161252,0.5642047696605728,0.0,0.0391578598754621,0.1238027596814741,0.3069208572935055,0.2870220446142132,0.3417246141058437,0.0,0.0,0.0,0.0,0.0,0.0,0.0,0.0,0.0,0.0,0.0,0.0,0.0,0.4611533321751139,0.0,0.1951558659289343,0.0,0.0,0.1445712646837069,0.1844352354271155,0.0,0.0,0.236076595936592,0.2101862105076308,0.0,0.0,0.1976462073595778,0.0,0.4038533525071853
0.0,0.0,0.2087910812484536,0.0,0.1035438141610197,0.0612027250281009,0.0,0.2556630404737988,0.2024206237943819,0.0,0.1299917441979243,0.2152853914648445,0.2186061984133189,0.0,0.3636313484121089,0.0,0.0,0.0,0.0308254972593579,0.3596256633066817,0.0,0.256007964085771,0.1330359397980929,0.0,0.0,0.0,0.129255891150886,0.3824116976347599,0.1450595997499207,0.0,0.384441738593991,0.0191223044427403,0.0,0.0183843238107703,0.0,0.434632205423449,0.119336718235151,0.0,0.0,0.0515055600691801,0.0,0.0391578598754621,0.0,0.1830827993200711,0.1489094898355069,0.0,0.0,0.1584524066101409,0.2473378571001268,0.1352720460472151,0.1118312216466557,0.1493355908353474,0.1092968248974975,0.3804568429642551,0.2330781041194142,0.0095918461549248,0.227102778946815,0.2417179108882602,0.0809233553113207,0.3096497925499502,0.0,0.1669566735283156,0.0,0.0622613170360958,0.36164934751013,0.1084422040745715,0.095708539528905,0.1069881685764821,0.2876577425379454,0.0,0.2007289918280121,0.0492686251368601,0.4387413997992441,0.1545383881919184,0.0,0.2510154611747609
0.0,0.0,0.0,0.0,0.0,0.0,0.0,0.0,0.0,0.0,0.0,0.0,0.0,0.0,0.0,0.0,0.0,0.0,0.0,0.0,0.0,0.0,0.0221427910763943,0.0,0.0,0.0,0.1304078244865313,0.0,0.0,0.0,0.0,0.1779206189473951,0.0,0.1049716863738876,0.0180485031504166,0.0700560104172969,0.0,0.0,0.0744136969797229,0.1418696804197629,0.0,0.1238027596814741,0.1830827993200711,0.0,0.0,0.0,0.0,0.0,0.0425479498078293,0.2169761226833576,0.0,0.1155667276044485,0.0123270046959521,0.0171019655262671,0.1016262777903249,0.0,0.0723665123902891,0.0,0.0446256126552045,0.0,0.0,0.0,0.0,0.0,0.0,0.0,0.0,0.0,0.0,0.0,0.0,0.0894429067198226,0.1407039804519593,0.0516899334566087,0.0,0.093958334780134
0.0,0.0,0.0,0.0,0.0,0.0,0.0,0.0,0.0,0.0128954187493746,0.0,0.0772776828920913,0.1462101603684435,0.0,0.0,0.0,0.0,0.0,0.0,0.0,0.0,0.0,0.0,0.1781387899208617,0.0,0.1151078188945538,0.0,0.0810648800849716,0.0,0.0,0.0,0.2097276075934078,0.230409697450405,0.0,0.0,0.1950716918851162,0.0,0.0,0.168328185500224,0.4091731482548233,0.4418831696174936,0.3069208572935055,0.1489094898355069,0.0,0.0,0.3744196879131173,0.0,0.0,0.0,0.0,0.2295214757614402,0.0,0.0,0.1447122911064816,0.0,0.0,0.0,0.1313142519307465,0.0,0.0,0.0,0.0239037199600022,0.3059354351829894,0.0,0.0,0.0,0.0,0.0,0.2958745764496483,0.2498907793763853,0.4403469973031585,0.0206261204402426,0.0377444438080448,0.0,0.0,0.3643896936984339
