0.0,0.2543058404950671,0.0,0.0,0.0,0.188474630417648,0.0,0.0386276956705958,0.0,0.0675977773752428,0.0,0.0,0.0,0.0,0.3942684013522616,0.2448700108392272,0.1903902109632491,0.268058260088729,0.0,0.3812219390308912,0.4849067128563659,0.4489232779577239,0.0727292568317564,0.1028819420191315,0.3719763435394443,0.2886353119699194,0.2029455510021239,0.1574700937119602,0.207915371159134,0.0,0.0520470281020018,0.0,0.0578282262550336,0.0578611406499707,0.0,0.0,0.0,0.0,0.0,0.1479066737583694,0.0713285936643913,0.0,0.0,0.0,0.0,0.5620165267131829,0.2901208394679579,0.0,0.0,0.0,0.0,0.0,0.0,0.0,0.0176753607410186,0.0,0.0,0.0,0.0,0.0,0.3252754548578622,0.0,0.3188886320671586,0.0,0.0,0.4356496968177243,0.3963535781488536,0.0,0.0894969654277697,0.3253184121319964,0.3269554266854097,0.0,0.0,0.0,0.0,0.0
0.2543058404950671,0.0,0.0,0.0,0.0144422524742148,0.332986511285702,0.1381320254303173,0.1672993912792555,0.1001064360010414,0.0,0.0,0.0,0.2928519449864107,0.0,0.207196520676915,0.225986316762088,0.0,0.2734141269587431,0.0,0.1901120191540974,0.1800526779164728,0.3296108465998895,0.2365956262095086,0.0,0.3804874709628325,0.5226946973676193,0.2064560213496143,0.0707821390447867,0.069472212842834,0.0,0.0,0.0219852771094683,0.1051283599117709,0.0,0.0,0.0,0.0,0.0,0.0240420786906812,0.0522229374224537,-0.0012299419132755,0.0,0.0,0.0,0.0,0.2101296606868903,0.4277429285138735,0.0,0.0,0.0,0.0,0.0,0.0,0.0,0.0,0.0,0.0,0.0,0.0,0.2276019972338138,0.0288318609376439,0.0,0.0867545082896478,0.0,0.2534573093720196,0.1314541406041237,0.266185817747893,0.2179617627739129,0.0,0.1521034217711092,0.3263240393441795,0.155668520811287,0.0,0.0593492547831304,0.0,0.0
0.0,0.0,0.0,0.0,0.315432380388061,0.3800673221149238,0.0558416014824136,0.283114264789962,0.4226540004546965,0.0444327308678614,0.3495506683959635,0.0,0.0501842679280455,0.0,0.0,0.0,0.0,0.0,0.5214120490996822,0.0,0.0,0.0,0.3784479018284756,0.0,0.0,0.0,0.4159593981672866,0.0,0.0,0.0258098808425515,0.0,0.0888753645264032,0.0,0.0,0.0,0.0,0.0,0.0,0.0738716700383314,0.0,0.0,0.0,0.0,0.0,0.0,0.0,0.0,0.5379787415087136,0.0,0.1223999094881279,0.4399652001938872,0.0,0.3237968457726142,0.494193752153409,0.0,0.4191465374990159,0.0,0.0,0.0,0.0,0.0,0.0,0.0,0.4708282252353512,0.0,0.0,0.0,0.3999513525957774,0.0,0.0,0.0,0.4118816862317304,0.0,0.0,0.0,0.0
0.0,0.0,0.0,0.0,0.0,0.0,0.1964396572356541,0.0,0.0,0.0,0.0,0.0,0.1087553662173042,0.161325235577904,0.0,0.0,0.0,0.0,0.0,0.0,0.0,0.0,0.0,0.0,0.0,0.0,0.0,0.2182011665820436,0.0,0.0,0.0,0.0,0.0,0.0,0.0,0.2593856925821926,0.1919450325382018,0.0,0.0,0.0,0.0,0.0,0.0,0.0,0.0,0.0,0.0,0.0,0.0,0.0,0.0,0.0,0.0,0.0,0.0,0.0,0.0,0.0,0.0,0.0,0.0,0.0,0.0,0.0,0.0,0.0,0.0,0.0,0.0,0.0,0.0,0.0,0.0,0.0,0.0,0.0
0.0,0.0144422524742148,0.315432380388061,0.0,0.0,0.2765593498400627,0.2726233796547482,0.0728710361272937,0.5232919523094649,0.3174328491296637,0.429447548768627,0.1585908656771205,0.1429168288273351,0.0366948411263914,0.0,0.0,0.0,0.0,0.2715025482904786,0.1845351824930191,0.0,0.1302174684819095,0.0191903500552823,0.0,0.1270673558635444,0.0,0.3422459674223341,0.0917257544105334,0.3852693761339987,0.0,0.0741351919744918,0.2141445171222913,0.2363407630603783,-0.0024731446107384,0.0,0.0,0.0,0.0493171037273196,0.0,0.0,0.0,0.0,0.0463664693746742,0.0,0.0,0.0,0.0,0.4068988771676717,0.0,0.0,0.0,0.0,0.0411932833848567,0.4676993382270659,0.0,0.5012140303315538,0.0,0.0,0.0,0.0,0.0,0.0,0.0,0.0,0.0,0.0,0.0,0.0468287200427482,0.0,0.0,0.0,0.3070275276639831,0.0,0.0,0.0,0.0
0.188474630417648,0.332986511285702,0.3800673221149238,0.0,0.2765593498400627,0.0,0.1719747935541421,0.4011320040485884,0.3971989597259091,0.211163765274242,0.231648591671707,0.0,0.3268716236574452,0.0,0.2135160040627472,0.1362270213883979,0.0,0.1402761164009994,0.3587474397537606,0.233709743961923,0.2427646283033566,0.2324884820116755,0.4484274256390297,0.0,0.2128405945614481,0.3591809271537116,0.4120144232361855,0.0559340601306985,0.2795092412781626,0.1233930924342403,0.0,0.2193269474193261,0.2787338084887913,-0.009815973847382,0.0,0.0,0.0023557849315431,0.0,0.2192925783744311,0.0,0.0766022125502641,0.0,0.0240103353289874,0.0,0.0,0.0,0.0,0.4290339110126793,0.0,0.0,0.4835890720054493,0.1192260590476078,0.3025701685737742,0.3757630708228224,0.0,0.3222996165592681,0.0,0.2379760976186145,0.0,0.1188196110222901,0.0,0.0,0.0,0.3615839448804473,0.2779432838312504,0.1040370421679907,0.305433876890628,0.3970635316184929,0.0,0.0,0.0,0.2995074212991666,0.0911520650024382,0.2030057389774167,0.0,0.1409953978575141
0.0,0.1381320254303173,0.0558416014824136,0.1964396572356541,0.2726233796547482,0.1719747935541421,0.0,0.0,0.2267768836473106,0.2583063688427507,0.0673212256760437,0.1043411944577657,0.3086154393192878,0.1374055630830785,0.0,0.298885234804789,0.2676939051798926,0.2844506215593904,0.0232353869961494,0.2095988159370311,0.0,0.1895717808185058,0.0,0.0402738146904334,0.3194651776508445,0.1324738535284081,0.2661877479468539,0.2133041257931676,0.3241598338436609,0.0,0.1995118486567098,-0.0021853491566532,0.0820975174558722,0.0844835435055985,0.0,0.086547980930652,0.0747512197202421,0.0,0.0,0.0,0.0,0.0,0.0,0.0,0.0,0.0,0.0,0.0,0.0,0.0,0.0781947240247857,0.0,0.0,0.0,0.0,0.0,0.0,0.0,0.0,0.0,0.0,0.0,0.0,0.0,0.0,0.0,0.0,0.0,0.0,0.0,0.0,0.2065029795647858,0.0,0.0,0.0,0.0
0.0386276956705958,0.1672993912792555,0.283114264789962,0.0,0.0728710361272937,0.4011320040485884,0.0,0.0,0.1545143049291327,0.0,0.1786868951734991,0.0,0.0769954237423903,0.0483622585396712,0.0773847669866657,0.0,0.0,0.0,0.2706420442797225,0.0,0.1590538258394497,0.0,0.5712721593146777,0.1899659869934446,0.0,0.183394029420075,0.1355523707493527,0.0,0.0,0.0,0.0,0.1068825952109358,0.1392677500365085,0.0,0.0,0.037496138366137,0.0,0.0,0.0919166640201655,0.0,0.0,0.0,0.0244446468795215,0.0,0.0,0.0,0.0,0.2754540542233403,0.0,0.0751547662102486,0.3675239184518012,0.0,0.516039318100392,0.2511549839681295,0.0,0.2369462002958395,0.0,0.0933495839963395,-0.002234812171184,0.0,0.0,0.0,0.0,0.27121481046365,0.0809007773141867,0.0683145818261596,0.0,0.4298685322646969,0.0,0.0,0.0,0.1351836094333218,0.0,0.0,0.0,0.0
0.0,0.1001064360010414,0.4226540004546965,0.0,0.5232919523094649,0.3971989597259091,0.2267768836473106,0.1545143049291327,0.0,0.2590818265155644,0.4347724173624949,0.1638254099281155,0.2242934029972857,0.0327263176239132,0.0,0.0389792063538289,0.0,0.0,0.3412790259301297,0.2409554316218027,0.0,0.194594316520548,0.1543032592403143,0.0,0.0,0.0,0.3909393981544828,0.0976650388166193,0.3566103615838027,0.1711054551875197,0.028871234469357,0.1799516483586362,0.2536816478341579,0.0,0.0,0.0,0.0,0.0756877252877406,0.1798669830283433,0.0,0.0,0.0,0.0230023945211468,0.0,0.0,0.0,0.0,0.4653137565892417,0.0,0.0,0.2304955299781566,0.0,0.1151286535672754,0.5674882736334157,0.0,0.4987983135651872,0.0,0.0,0.0461917583615211,0.0,0.0,0.0,0.0,0.2306860516919763,0.0,0.0,0.0,0.1620740966114437,0.0,0.0,0.0,0.3271698428346849,0.0,0.0,0.0,0.0
0.0675977773752428,0.0,0.0444327308678614,0.0,0.3174328491296637,0.211163765274242,0.2583063688427507,0.0,0.2590818265155644,0.0,0.2037077931371289,0.512105532189177,0.4293589352303105,0.1541105431226447,0.0,0.2661570264619701,0.5445862810259714,0.3047935928979315,0.1477734608665529,0.0,0.0,0.1396748765524904,0.0,0.3336190338248861,0.3716033473598477,0.3358003746582595,0.0806079560293796,0.3500883458068409,0.0,0.0,0.3814449410255758,0.2857630139565179,0.376288586346427,0.283595414648174,0.1379455442975926,0.0,0.1072794577793923,0.2436110469714759,0.3053152836644138,0.4180389810989187,0.2941581542313655,0.0,0.0,0.0,0.2804086857080697,0.0,0.0,0.0,0.0,0.0,0.0,0.0,0.0,0.0,0.5947335427585408,0.0,0.4862625012804463,0.0,0.0,0.0,0.0,0.4689579718494651,0.2760708105679699,0.0,0.0,0.0,0.0,0.0,0.2129022296971978,0.258398739623891,0.2877043352363181,0.0,0.3858992348236121,0.0,0.0,0.4752558033825824
0.0,0.0,0.3495506683959635,0.0,0.429447548768627,0.231648591671707,0.0673212256760437,0.1786868951734991,0.4347724173624949,0.2037077931371289,0.0,0.1205201612336424,0.1287482732039382,0.0324806164802216,0.0,0.0,0.0,0.0,0.4281576662520286,0.0,0.0,0.0,0.1209120531173708,0.0,0.0,0.0,0.2714406255401183,0.1545806581976969,0.0,0.0,0.0647131640231381,0.0758662298235517,0.1407175613221787,0.0,0.0,0.0,0.0,0.0152861161460943,0.1364869809212655,0.0,0.0,0.0,0.0222002000713707,0.0,0.0,0.0,0.0,0.3921156388156036,0.0,0.1842113910402012,0.184398325748459,0.2299328518352238,0.1766729494074986,0.4360961748362302,0.0,0.5305642332293519,0.0,0.2074193374541391,0.0406742946172505,0.0,0.0,0.0,0.0,0.2515539133235869,0.0,0.0,0.0,0.1388994480112793,0.0,0.0,0.0,0.2836619020816366,0.0,0.0,0.0,0.0
0.0,0.0,0.0,0.0,0.1585908656771205,0.0,0.1043411944577657,0.0,0.1638254099281155,0.512105532189177,0.1205201612336424,0.0,0.4260670415626205,0.0,0.0,0.0,0.3844356350074379,0.152304432140422,0.0,0.0,0.0,0.0,0.0,0.4883655501475157,0.162017572973471,0.3062488440603567,0.0,0.2767634288003519,0.0,0.0,0.2538996480936897,0.2556142855380224,0.3790338119109108,0.2361249583383158,0.123085756603618,0.0,0.1169359059079488,0.3807539287609932,0.3085886552634075,0.418976044367432,0.3319723683521476,0.0,0.0,0.0,0.3444182443369176,0.0,0.0,0.0,0.0,0.0,0.0,0.0,0.0,0.0,0.4656102429137015,0.0,0.6170323034785702,0.0,0.0,0.0,0.0,0.370449694441633,0.0681949612048723,0.0,0.0,0.0,0.0,0.0,0.3864987761701549,0.0328342724344278,0.2092963981025206,0.0,0.0,0.0,0.0,0.3305372572861716
0.0,0.2928519449864107,0.0501842679280455,0.1087553662173042,0.1429168288273351,0.3268716236574452,0.3086154393192878,0.0769954237423903,0.2242934029972857,0.4293589352303105,0.1287482732039382,0.4260670415626205,0.0,0.2023805249649732,0.0720992014928198,0.2511014914139073,0.4666810430423976,0.4071067530766418,0.1332687754954671,0.2403328635209753,0.0725531641157477,0.2372943989227726,0.0408561695697191,0.3515033751096237,0.3782150236742782,0.3687712697597248,0.0618477475733766,0.4822212061738295,0.2341150929343334,0.3021401481051218,0.3139507903424567,0.0444313213702832,0.1963730931985229,0.1708297068042733,0.0438111945848585,0.098264328258519,0.2102153838138541,0.1072098109708744,0.0825846439555596,0.0,0.0,0.0,0.2236463343431663,0.0,0.0,0.0,0.0,0.1297997968650075,0.0,0.0,0.1000848361236833,0.0,0.0,0.0,0.0,0.0,0.0,0.0,0.0,0.0,0.0,0.0,0.0,0.0,0.0,0.0,0.0,0.0026621733282584,0.0,0.0,0.0,0.0,0.0,0.0364481349422074,0.0,0.0
0.0,0.0,0.0,0.161325235577904,0.0366948411263914,0.0,0.1374055630830785,0.0483622585396712,0.0327263176239132,0.1541105431226447,0.0324806164802216,0.0,0.2023805249649732,0.0,0.0,0.0,0.0,0.0,0.0,0.0,0.0,0.0,0.0,0.0,0.0,0.0,0.0,0.1887015351414659,0.0,0.0,0.1804345226573935,0.0,0.0,0.1175346182397677,0.0,0.2448167765584829,0.0864019251847401,0.0,0.0,0.0,0.0,0.0,0.3143690356978846,0.0,0.0,0.0,0.0,0.0,0.0,0.0,0.0,0.0,0.0,0.0100905211199416,0.0,0.0,0.0,0.0,0.0,0.0,0.0,0.0,0.0,0.0,0.0,0.0,0.0,0.0,0.0,0.0,0.0,0.0,0.0,0.0,0.0,0.0
0.3942684013522616,0.207196520676915,0.0,0.0,0.0,0.2135160040627472,0.0,0.0773847669866657,0.0,0.0,0.0,0.0,0.0720992014928198,0.0,0.0,0.1437020914071697,0.0,0.1069127486419317,0.0,0.4275017587338102,0.5003199409709423,0.4512068209709042,0.126667371338637,0.0,0.1858922347909038,0.2175791208758994,0.3499076985808757,0.1621249029682402,0.2807580896380023,0.0,0.0169353119378989,0.0,0.0,0.0,0.0,0.161028440407739,0.0,0.0,0.0,0.0,0.0,0.0,0.0,0.0,0.0,0.0,0.264392190068919,0.0,0.0,0.0,0.2654753328000308,0.0,0.1322239898803268,0.0,0.0,0.0,0.0,0.0,0.0,0.6076437621288114,0.2445780321772091,0.0,0.0,0.0,0.4764844286987069,0.4707987797660113,0.4619933511470426,0.2024174752629035,0.0,0.0,0.2428026941365694,0.2653704087435661,0.1136093866784268,0.3724229815549182,0.0,0.0623311489476234
0.2448700108392272,0.225986316762088,0.0,0.0,0.0,0.1362270213883979,0.298885234804789,0.0,0.0389792063538289,0.2661570264619701,0.0,0.0,0.2511014914139073,0.0,0.1437020914071697,0.0,0.3520784004625258,0.5567925467297615,0.0,0.2835828850119299,0.1753870050678067,0.3855539709467446,0.0,0.1438639119774143,0.4559794596422559,0.1966269575506865,0.2017790527156525,0.214361343182428,0.3261521305227488,0.2774617137023493,0.2798944459198255,0.1233032973052076,0.1935507611302909,0.2216601847555723,0.0056108753648711,0.0,0.0,0.0,0.1402115068247517,0.1941183831910598,0.1818854962570183,0.0,0.0,0.0,0.0,0.2456066167831428,0.2240005480412786,0.0,0.0,0.0,0.0,0.0,0.0,0.0,0.0,0.0,0.0,0.0,0.0,0.1461147221228828,0.479806972073734,0.0,0.4992067032065656,0.0,0.2793706214372125,0.135794913623406,0.3274377191402631,0.0,0.0,0.3653289406992309,0.2075673558931734,0.0,0.0,0.0,0.0,0.3035578037383389
0.1903902109632491,0.0,0.0,0.0,0.0,0.0,0.2676939051798926,0.0,0.0,0.5445862810259714,0.0,0.3844356350074379,0.4666810430423976,0.0,0.0,0.3520784004625258,0.0,0.4638321378342555,0.0,0.259483411110591,0.0,0.2625471101335628,0.0,0.340030843483482,0.415713184623984,0.2861598824133565,0.0,0.4235556748971242,0.0,0.0,0.4288609701213883,0.1705130425595213,0.2733075115020498,0.2725268380686873,0.1021048275703344,0.0,0.0,0.1678455605518702,0.0,0.2971133765259974,0.296742378705745,0.0,0.0,0.0,0.0,0.0,0.0,0.0,0.0,0.0,0.0,0.0,0.0,0.0,0.454369223767639,0.0,0.3305601763701822,0.0,0.0,0.0,0.0,0.5297080471764501,0.4051301223872567,0.0,0.0,0.0,0.0,0.0,0.1935438628258865,0.265730798522122,0.2198128237299093,0.0,0.0,0.0,0.0,0.0
0.268058260088729,0.2734141269587431,0.0,0.0,0.0,0.1402761164009994,0.2844506215593904,0.0,0.0,0.3047935928979315,0.0,0.152304432140422,0.4071067530766418,0.0,0.1069127486419317,0.5567925467297615,0.4638321378342555,0.0,0.0,0.2964162433357829,0.1440457037754495,0.3539517689835202,0.0,0.2424901964603888,0.4993675467839047,0.2907180196782421,0.0701190610873968,0.3377803712326571,0.2371257307358525,0.0,0.3080578685913564,-0.0040866724238966,0.1196245714484927,0.2053863400665409,0.048582820170102,0.0,0.0,0.0,0.0262700350932897,0.1894863601484169,0.1668932202267997,0.0170149130347405,0.0,0.0,0.0,0.2461154877167726,0.1796743296776225,0.0,0.0,0.0,0.0,0.0,0.0,0.0,0.2445772962510556,0.0,0.1102003909018321,0.0,0.0,0.0,0.4015369968503153,0.4139230495223558,0.4997839166729356,0.0,0.0,0.0,0.2475297266861591,0.0,0.1351675362155856,0.3556690526682327,0.2037910760501794,0.0,0.0,0.0,0.0,0.2043289044641771
0.0,0.0,0.5214120490996822,0.0,0.2715025482904786,0.3587474397537606,0.0232353869961494,0.2706420442797225,0.3412790259301297,0.1477734608665529,0.4281576662520286,0.0,0.1332687754954671,0.0,0.0,0.0,0.0,0.0,0.0,0.0,0.0,0.0,0.307997905555447,0.0,0.0,0.0,0.381293450817377,0.1056519080314916,0.0,0.0,-0.0098500486083199,0.1254296026247927,0.0,0.0,0.0,0.0,0.0,0.0,0.1509816285353221,0.0,0.0,0.0,0.0,0.0,0.0,0.0,0.0,0.51493484663783,0.0,0.0,0.3878239353999497,0.0,0.331692629879514,0.4030661915062596,0.0,0.4145410278092707,0.0,0.0,0.0,0.0,0.0,0.0,0.0,0.5998689481708966,0.0,0.0,0.0,0.3856118756415075,0.0,0.0,0.0,0.41016888630622,0.0,0.0,0.0,0.0
0.3812219390308912,0.1901120191540974,0.0,0.0,0.1845351824930191,0.233709743961923,0.2095988159370311,0.0,0.2409554316218027,0.0,0.0,0.0,0.2403328635209753,0.0,0.4275017587338102,0.2835828850119299,0.259483411110591,0.2964162433357829,0.0,0.0,0.3768166989853442,0.559387534166373,0.0191099816425991,0.0,0.3507855539207652,0.1821692472514141,0.3300581561921203,0.2934474969126097,0.398177988245715,0.2749405288515332,0.1750950172371463,0.0,0.0146007767456845,-0.0003515045209868,0.0,0.1708047629193824,0.1565440248818776,0.0,0.0,0.0946288441573721,0.0237279739938112,0.0,0.0,0.0,0.0,0.0,0.2433940383454025,0.0,0.0,0.0,0.178029443175254,0.0,-0.0014144959566789,0.0,0.0,0.0,0.0,0.0,0.0,0.448870605612532,0.0,0.0,0.0,0.0,0.5334831133213522,0.4101569545265024,0.4803251820457505,0.1356398884012269,0.0,0.0,0.2614122889306854,0.178024805101106,0.1964506933612571,0.343185078667208,0.0,0.1646546653598772
0.4849067128563659,0.1800526779164728,0.0,0.0,0.0,0.2427646283033566,0.0,0.1590538258394497,0.0,0.0,0.0,0.0,0.0725531641157477,0.0,0.5003199409709423,0.1753870050678067,0.0,0.1440457037754495,0.0,0.3768166989853442,0.0,0.4060790000111372,0.2735458541441261,0.0005421889047703,0.1988924063519749,0.1391332518471021,0.3224772433969224,0.1171933230616436,0.1837626698052047,0.096818055052782,0.0,0.0,0.0,0.0,0.0,0.2107652716687376,0.0,0.0,0.0,0.0,0.0,0.0,0.0,0.0,0.0,0.4945081803777996,0.2883399240549181,0.0,0.0,0.0,0.3657876642631782,0.0,0.2562547674130908,0.0,0.0,0.0,0.0,0.0,0.0,0.5072359504323831,0.2976722385716379,0.0,0.0,0.0,0.416016174855446,0.5979186956242168,0.4239322003335096,0.3400578277656252,0.0,0.2111103451272607,0.2115709825948251,0.2577685508551593,0.1322568970363855,0.3806551744182078,0.0,0.0467874916942385
0.4489232779577239,0.3296108465998895,0.0,0.0,0.1302174684819095,0.2324884820116755,0.1895717808185058,0.0,0.194594316520548,0.1396748765524904,0.0,0.0,0.2372943989227726,0.0,0.4512068209709042,0.3855539709467446,0.2625471101335628,0.3539517689835202,0.0,0.559387534166373,0.4060790000111372,0.0,0.0626075087651182,0.0,0.4002470704394637,0.2641890944192078,0.3425707554548639,0.2893747342379215,0.3458845235616047,0.2271032138088232,0.1792566211405788,0.0015919414174326,0.0599801686161551,0.0252117691954473,0.0,0.1733539805332575,0.0667988019868585,0.0,0.0209803745140575,0.1178155093620649,0.0392913803753505,0.0,0.0,0.0,0.0,0.4509931565983366,0.3325075158204803,0.0,0.0,0.0,0.2399727983128865,0.0,0.0,0.0,0.0,0.0,0.0,0.0,0.0,0.4779987372438241,0.3504672064585705,0.0,0.3796778383159996,0.0,0.5499901501032358,0.4108770680447853,0.5577588058879692,0.1805200936039367,0.0,0.3222762163452803,0.2936337824810155,0.2463252845443491,0.0,0.3845517359664138,0.0,0.1747284180203924
0.0727292568317564,0.2365956262095086,0.3784479018284756,0.0,0.0191903500552823,0.4484274256390297,0.0,0.5712721593146777,0.1543032592403143,0.0,0.1209120531173708,0.0,0.0408561695697191,0.0,0.126667371338637,0.0,0.0,0.0,0.307997905555447,0.0191099816425991,0.2735458541441261,0.0626075087651182,0.0,0.1150421230277327,0.0,0.1215659882231666,0.2669835283954539,0.0,0.0,0.0,0.0,0.0242452034565556,0.0557998624133503,0.0,0.0,0.0585417129927714,0.0,0.0,0.0087267781119191,0.0,0.0,0.0,-0.0036143364774677,0.0,0.0,0.0,0.1459496208202239,0.3408290573436059,0.0,0.0,0.4461028713845945,0.0,0.5514900048802304,0.2276585064868686,0.0,0.2177781712785134,0.0,0.0,0.0,0.092839412123647,0.0,0.0,0.0,0.3396691050805223,0.1399430364469698,0.1747900229133305,0.1318680079432257,0.5820838881080747,0.0,0.0,0.0293755130202027,0.2194010745187261,0.0,-0.002258427647845,0.0660047776424105,0.0
0.1028819420191315,0.0,0.0,0.0,0.0,0.0,0.0402738146904334,0.1899659869934446,0.0,0.3336190338248861,0.0,0.4883655501475157,0.3515033751096237,0.0,0.0,0.1438639119774143,0.340030843483482,0.2424901964603888,0.0,0.0,0.0005421889047703,0.0,0.1150421230277327,0.0,0.1877208123568009,0.2975498621967762,0.0,0.2006617457026634,0.0,0.0,0.2468792086619815,0.2454725930475579,0.3923561593746195,0.2818268686702469,0.0727746761543635,0.0,0.0,0.339912910288605,0.2980322377132633,0.3784539788531558,0.3749818850188942,0.0,0.0,0.0,0.4241233413018918,0.0139598875989649,0.0,0.0,0.0,0.0,0.0,0.0,0.0,0.0,0.2922298542798651,0.0,0.4701624399484452,0.0,0.0,0.0,0.1587105213192519,0.3464057838074958,0.1228701759003869,0.0,0.0,0.0,0.0,0.0,0.5353168304105796,0.01553645751651,0.2123102233014018,0.0,0.0,0.0,0.0,0.3247771965443086
0.3719763435394443,0.3804874709628325,0.0,0.0,0.1270673558635444,0.2128405945614481,0.3194651776508445,0.0,0.0,0.3716033473598477,0.0,0.162017572973471,0.3782150236742782,0.0,0.1858922347909038,0.4559794596422559,0.415713184623984,0.4993675467839047,0.0,0.3507855539207652,0.1988924063519749,0.4002470704394637,0.0,0.1877208123568009,0.0,0.4279889048002394,0.1732621463566129,0.2788683241843676,0.4009145159501542,0.0,0.2632550780444413,0.0628796945250059,0.1894865418646909,0.1842092919053128,0.0796631405678833,0.0,0.0,0.0690896448095984,0.0778350241697314,0.2770559461195543,0.1799834362765149,0.1023151144568899,0.0,0.0,0.0,0.3321827777161622,0.3522562678267367,0.0,0.0,0.0,0.0,0.0,0.0,0.0,0.3170851392511166,0.0,0.1491946910008735,0.0,0.0,0.0,0.4008842390394272,0.3881539217659612,0.4490132735418073,0.0,0.2653802226085449,0.1906727863162044,0.3417691532073275,0.0,0.1332117221356506,0.5147031611939276,0.42141555417934,0.0,0.0,0.0,0.0,0.2322325237979597
0.2886353119699194,0.5226946973676193,0.0,0.0,0.0,0.3591809271537116,0.1324738535284081,0.183394029420075,0.0,0.3358003746582595,0.0,0.3062488440603567,0.3687712697597248,0.0,0.2175791208758994,0.1966269575506865,0.2861598824133565,0.2907180196782421,0.0,0.1821692472514141,0.1391332518471021,0.2641890944192078,0.1215659882231666,0.2975498621967762,0.4279889048002394,0.0,0.1273187576594238,0.1434286553316012,0.1995957453096973,0.0,0.0618154572339567,0.1533545378050666,0.287950628614168,0.0677395228054535,0.0044358144212472,0.0,0.0,0.0790225369452985,0.1689006357392692,0.2664199726234648,0.119603486973419,0.0,0.0,0.0,0.1675178846855254,0.1482295371774886,0.3397762030970834,0.0,0.0,0.0,0.0,0.0,0.0,0.0,0.1966971869694305,0.0,0.3258625175161908,0.0,0.0,0.1835843886117076,0.1331255238656922,0.216155553595907,0.1482357731997786,0.0,0.2087527872772661,0.0791973290663659,0.2750105402748784,0.0958261476989027,0.2370591690598543,0.2204121978890411,0.5005882158637677,0.106121061504561,0.0,0.0887431090673153,0.0,0.1420385205710735
0.2029455510021239,0.2064560213496143,0.4159593981672866,0.0,0.3422459674223341,0.4120144232361855,0.2661877479468539,0.1355523707493527,0.3909393981544828,0.0806079560293796,0.2714406255401183,0.0,0.0618477475733766,0.0,0.3499076985808757,0.2017790527156525,0.0,0.0701190610873968,0.381293450817377,0.3300581561921203,0.3224772433969224,0.3425707554548639,0.2669835283954539,0.0,0.1732621463566129,0.1273187576594238,0.0,0.0236499906820753,0.4059800418655026,0.1125078888842364,0.0,0.0947408711645712,0.0676106040571471,0.0,0.0,0.0191281622860058,0.0,0.0,0.0808713181188091,0.0,0.0,0.0,0.0876500585445268,0.0,0.0,0.0,0.3374118945589468,0.403944831533614,0.0,0.0,0.3931482084271236,0.2010079015338483,0.2022211641108069,0.3683777119501324,0.0,0.3328489507269279,0.0,0.0415609080456989,-0.0028531279598144,0.2995564717252775,0.0,0.0,0.0,0.3401895389783144,0.3391158033852694,0.2384754735571692,0.3775950473152735,0.3446891095936659,0.0,0.0,0.1673840801363701,0.581549370989679,0.0287729521171244,0.3744205252018693,0.1246836708591649,0.1187494622512159
0.1574700937119602,0.0707821390447867,0.0,0.2182011665820436,0.0917257544105334,0.0559340601306985,0.2133041257931676,0.0,0.0976650388166193,0.3500883458068409,0.1545806581976969,0.2767634288003519,0.4822212061738295,0.1887015351414659,0.1621249029682402,0.214361343182428,0.4235556748971242,0.3377803712326571,0.1056519080314916,0.2934474969126097,0.1171933230616436,0.2893747342379215,0.0,0.2006617457026634,0.2788683241843676,0.1434286553316012,0.0236499906820753,0.0,0.2555633821329953,0.477269336867793,0.489409432695703,0.0,0.0163068910327429,0.1868887172484125,0.0797289871146234,0.2121216661852573,0.2909893097272171,0.0280130074305956,0.0,0.0,0.1894515395849664,0.0967800464778008,0.2692739087837772,0.0,0.0,0.0,0.0,0.0,0.0,0.0,-0.0119037222141618,0.0,0.0,0.0,0.0,0.0,0.0,0.0,0.0,0.1843298489381863,0.0,0.0,0.0,0.0,0.2194670452107977,0.1647828720941794,0.0,0.0,0.0,0.0,0.0,0.0,0.5433216661143575,0.1234984889756859,0.0,0.3131391383549225
0.207915371159134,0.069472212842834,0.0,0.0,0.3852693761339987,0.2795092412781626,0.3241598338436609,0.0,0.3566103615838027,0.0,0.0,0.0,0.2341150929343334,0.0,0.2807580896380023,0.3261521305227488,0.0,0.2371257307358525,0.0,0.398177988245715,0.1837626698052047,0.3458845235616047,0.0,0.0,0.4009145159501542,0.1995957453096973,0.4059800418655026,0.2555633821329953,0.0,0.3657482356448746,0.2773826973668198,0.163934899567785,0.202832786045649,0.1592305133711832,0.0701783405095676,0.0,0.005135099658182,0.0,0.1890007612615705,0.0,0.147639939603817,0.1438641789533147,0.0,0.0,0.0,0.0,0.2392323095808612,0.0,0.0,0.0,0.142839964141128,0.0,0.0,0.0,0.0,0.0,0.0,0.2497581550123524,0.0,0.2262640301882557,0.0,0.0,0.0,0.0,0.2839396383589648,0.1630937881764515,0.3743650732001437,0.0165075637140565,0.0,0.0,0.3147632790594371,0.3130958274477521,0.2585234746160604,0.4315051700929564,0.0,0.372224503792622
0.0,0.0,0.0258098808425515,0.0,0.0,0.1233930924342403,0.0,0.0,0.1711054551875197,0.0,0.0,0.0,0.3021401481051218,0.0,0.0,0.2774617137023493,0.0,0.0,0.0,0.2749405288515332,0.096818055052782,0.2271032138088232,0.0,0.0,0.0,0.0,0.1125078888842364,0.477269336867793,0.3657482356448746,0.0,0.4069291404994885,0.0,0.0,0.2672909999521758,0.1052305565256511,0.0,0.0,0.0,0.0013964959754859,0.0,0.0,0.0,0.0,0.0,0.0,0.0,0.0,0.0,0.0,0.0,0.0,0.0,0.0,0.0,0.0,0.0,0.0,0.0,0.0,0.0,0.0,0.0,0.0,0.0,0.1752343415999147,0.0,0.0,0.0,0.0,0.0,0.0,0.0188413064734476,0.0,0.0,0.0,0.0
0.0520470281020018,0.0,0.0,0.0,0.0741351919744918,0.0,0.1995118486567098,0.0,0.028871234469357,0.3814449410255758,0.0647131640231381,0.2538996480936897,0.3139507903424567,0.1804345226573935,0.0169353119378989,0.2798944459198255,0.4288609701213883,0.3080578685913564,-0.0098500486083199,0.1750950172371463,0.0,0.1792566211405788,0.0,0.2468792086619815,0.2632550780444413,0.0618154572339567,0.0,0.489409432695703,0.2773826973668198,0.4069291404994885,0.0,0.0456003537063154,0.1504923438803755,0.358200593757461,0.2118110958253226,0.0767583232557697,0.1710686533430014,0.1774315597996023,0.1295558549927598,0.2675360485407032,0.3222149438189501,0.0,0.0,0.0,0.0,0.0801248454236853,0.0183931362964668,0.0,0.0,0.0,0.0,0.0,0.0,0.0,0.3962166331204622,0.0,0.2070661307734559,0.0,0.0,0.0500855371523558,0.3335291014675463,0.0,0.4004358669948043,0.0,0.1037661005992832,0.0594015567646176,0.1296830175842959,0.0,0.1077676712656425,0.2730826368191323,0.1594070243796603,0.0,0.4720236527379988,0.1264917286587958,0.0,0.4796033517732851
0.0,0.0219852771094683,0.0888753645264032,0.0,0.2141445171222913,0.2193269474193261,-0.0021853491566532,0.1068825952109358,0.1799516483586362,0.2857630139565179,0.0758662298235517,0.2556142855380224,0.0444313213702832,0.0,0.0,0.1233032973052076,0.1705130425595213,-0.0040866724238966,0.1254296026247927,0.0,0.0,0.0015919414174326,0.0242452034565556,0.2454725930475579,0.0628796945250059,0.1533545378050666,0.0947408711645712,0.0,0.163934899567785,0.0,0.0456003537063154,0.0,0.442491287439537,0.244460790905056,0.0868637338657968,0.0,0.0,0.2704523623840475,0.5892350549392269,0.3315586080077564,0.2656501818926164,0.0,0.0,0.0973988372612228,0.3487519356808721,0.0,0.0164458088159283,0.2351270928253024,0.0,0.0,0.131855883231604,0.0,0.0835582697802048,0.1393639273823346,0.2604031526119443,0.2349575531160259,0.3428269883741009,0.2423550123743137,0.0,0.0,0.0980105138639237,0.0,0.0,0.1834323059509078,0.0285724628065688,0.0,0.1466027806604481,0.0357280750190296,0.3075043104631531,0.0,0.1299988121169232,0.1359222576085961,0.0679712729870241,0.1441268898901763,0.0,0.309163031760969
0.0578282262550336,0.1051283599117709,0.0,0.0,0.2363407630603783,0.2787338084887913,0.0820975174558722,0.1392677500365085,0.2536816478341579,0.376288586346427,0.1407175613221787,0.3790338119109108,0.1963730931985229,0.0,0.0,0.1935507611302909,0.2733075115020498,0.1196245714484927,0.0,0.0146007767456845,0.0,0.0599801686161551,0.0557998624133503,0.3923561593746195,0.1894865418646909,0.287950628614168,0.0676106040571471,0.0163068910327429,0.202832786045649,0.0,0.1504923438803755,0.442491287439537,0.0,0.3376774436808797,0.0921169322763554,0.0,0.0,0.3718688072542743,0.4655438225291273,0.5257415924618631,0.3925433468966012,0.0043936368306546,0.0,0.0,0.453924375074983,0.0,0.0576253083860133,0.0,0.0,0.0,0.0,0.0,0.0,0.0,0.3203122729928234,0.0,0.4392605045261586,0.0,0.0,0.0,0.1712785626037061,0.1776786768961256,0.0450627833080532,0.0,0.0971560542824798,0.0,0.1844081754342654,0.0349333472104447,0.3818093662843124,0.0058690073932319,0.2053286412714329,0.097583394711748,0.0,0.1301984011985869,0.0,0.360587836717902
0.0578611406499707,0.0,0.0,0.0,-0.0024731446107384,-0.009815973847382,0.0844835435055985,0.0,0.0,0.283595414648174,0.0,0.2361249583383158,0.1708297068042733,0.1175346182397677,0.0,0.2216601847555723,0.2725268380686873,0.2053863400665409,0.0,-0.0003515045209868,0.0,0.0252117691954473,0.0,0.2818268686702469,0.1842092919053128,0.0677395228054535,0.0,0.1868887172484125,0.1592305133711832,0.2672909999521758,0.358200593757461,0.244460790905056,0.3376774436808797,0.0,0.3366980780075654,0.0,0.1727181042908328,0.2983302070481177,0.2613096806214353,0.3563385992008976,0.5123994762337375,0.2881355876115317,0.110159673825608,0.0,0.257843009508495,0.0004217257263348,-0.004434447366138,0.0,0.0,0.0,0.0,0.0,0.0,0.0,0.2813048438420973,0.0,0.2254471038774095,0.0,0.0,0.0,0.1995610207271607,0.0,0.2092285791671551,0.0,0.0,0.0,0.0219976572848686,0.0,0.1890559193470533,0.1522720253274391,0.1037728082064071,0.0,0.2240803463945466,-0.0047717990002099,0.0,0.2781642980468978
0.0,0.0,0.0,0.0,0.0,0.0,0.0,0.0,0.0,0.1379455442975926,0.0,0.123085756603618,0.0438111945848585,0.0,0.0,0.0056108753648711,0.1021048275703344,0.048582820170102,0.0,0.0,0.0,0.0,0.0,0.0727746761543635,0.0796631405678833,0.0044358144212472,0.0,0.0797289871146234,0.0701783405095676,0.1052305565256511,0.2118110958253226,0.0868637338657968,0.0921169322763554,0.3366980780075654,0.0,0.0,0.1417230822190391,0.2080229912290972,0.0987566473525779,0.1828012859618546,0.2094212505189175,0.4158701419041778,0.0408127856517409,0.1679306753958687,0.0902609041646707,0.0,0.0,0.0,0.0,0.0,0.0,0.0,0.0,0.0,0.0,0.0,0.0894612719260448,0.0,0.0,0.0,0.0078784371793511,0.0,0.0775413739118115,0.0,0.0,0.0,0.0,0.0,0.0,0.0643091190178687,0.0067281767747236,0.0,0.0,0.0,0.0,0.0
0.0,0.0,0.0,0.2593856925821926,0.0,0.0,0.086547980930652,0.037496138366137,0.0,0.0,0.0,0.0,0.098264328258519,0.2448167765584829,0.161028440407739,0.0,0.0,0.0,0.0,0.1708047629193824,0.2107652716687376,0.1733539805332575,0.0585417129927714,0.0,0.0,0.0,0.0191281622860058,0.2121216661852573,0.0,0.0,0.0767583232557697,0.0,0.0,0.0,0.0,0.0,0.2332961623961336,0.0,0.0,0.0,0.0,0.0035646670828509,0.3259060614320551,0.0181749058444122,0.0,0.0,0.0,0.0,0.0,0.0,0.0334301120282175,0.0,0.1203818793470352,0.0,0.0,0.0,0.0,0.0,0.0211386582644796,0.0,0.0,0.0,0.0,0.0,0.0,0.0,0.0,0.0725314987345541,0.0,0.0,0.0,0.0,0.0452986064541749,0.0,0.0,0.0
0.0,0.0,0.0,0.1919450325382018,0.0,0.0023557849315431,0.0747512197202421,0.0,0.0,0.1072794577793923,0.0,0.1169359059079488,0.2102153838138541,0.0864019251847401,0.0,0.0,0.0,0.0,0.0,0.1565440248818776,0.0,0.0667988019868585,0.0,0.0,0.0,0.0,0.0,0.2909893097272171,0.005135099658182,0.0,0.1710686533430014,0.0,0.0,0.1727181042908328,0.1417230822190391,0.2332961623961336,0.0,0.0865512399266863,0.0,0.0,0.0943726609656605,0.1578743145303027,0.0,0.0,0.0,0.0,0.0,0.0,0.0,0.0,0.0,0.0,0.0,0.0,0.0,0.0,0.0,0.0,0.0,0.0,0.0,0.0,0.0,0.0,0.0,0.0,0.0,0.0,0.0,0.0,0.0,0.0,0.0,0.0,0.0,0.0
0.0,0.0,0.0,0.0,0.0493171037273196,0.0,0.0,0.0,0.0756877252877406,0.2436110469714759,0.0152861161460943,0.3807539287609932,0.1072098109708744,0.0,0.0,0.0,0.1678455605518702,0.0,0.0,0.0,0.0,0.0,0.0,0.339912910288605,0.0690896448095984,0.0790225369452985,0.0,0.0280130074305956,0.0,0.0,0.1774315597996023,0.2704523623840475,0.3718688072542743,0.2983302070481177,0.2080229912290972,0.0,0.0865512399266863,0.0,0.3106632200995787,0.3967685931560985,0.3145579483159469,0.1463234321349832,0.0,0.0,0.3402991991757856,0.0,0.0,0.0,0.0,0.0,0.0,0.0,0.0,0.0,0.2313536848743455,0.0,0.3320546179233174,0.0,0.0,0.0,0.0,0.0,0.0,0.0,0.0,0.0,0.0,0.0,0.2757668277270126,0.0,0.0526374090106743,0.0,0.0,0.0,0.0,0.0
0.0,0.0240420786906812,0.0738716700383314,0.0,0.0,0.2192925783744311,0.0,0.0919166640201655,0.1798669830283433,0.3053152836644138,0.1364869809212655,0.3085886552634075,0.0825846439555596,0.0,0.0,0.1402115068247517,0.0,0.0262700350932897,0.1509816285353221,0.0,0.0,0.0209803745140575,0.0087267781119191,0.2980322377132633,0.0778350241697314,0.1689006357392692,0.0808713181188091,0.0,0.1890007612615705,0.0013964959754859,0.1295558549927598,0.5892350549392269,0.4655438225291273,0.2613096806214353,0.0987566473525779,0.0,0.0,0.3106632200995787,0.0,0.3688799835433116,0.3252408605854732,0.0,0.0,0.1352035026271527,0.3813076355686283,0.0,0.0092934232297877,0.2562272686857323,0.0,0.0,0.1253454092263144,0.1775812914974195,0.0734589890694416,0.1329572005960461,0.3034478190550664,0.2382145745184181,0.3868718215329148,0.306184795415712,0.0517070190154457,0.0,0.1466374563863951,0.0990810441562643,0.0150994229632499,0.2172826418736589,0.0524659500194921,0.0,0.1780143448089393,0.0436388019107785,0.357310063247659,0.0,0.164048628413729,0.1294832241883677,0.1820033627144625,0.1784058684568686,0.2764905706858084,0.4087232521151291
0.1479066737583694,0.0522229374224537,0.0,0.0,0.0,0.0,0.0,0.0,0.0,0.4180389810989187,0.0,0.418976044367432,0.0,0.0,0.0,0.1941183831910598,0.2971133765259974,0.1894863601484169,0.0,0.0946288441573721,0.0,0.1178155093620649,0.0,0.3784539788531558,0.2770559461195543,0.2664199726234648,0.0,0.0,0.0,0.0,0.2675360485407032,0.3315586080077564,0.5257415924618631,0.3563385992008976,0.1828012859618546,0.0,0.0,0.3967685931560985,0.3688799835433116,0.0,0.4152332422607779,0.1586463751273855,0.0409585579840711,0.2775590309784615,0.3419119019749791,0.0304535974210523,0.1116440729128314,0.0,0.0,0.1535355940056316,0.1188371505435968,0.2529756419104628,0.0,0.1860631103929823,0.3982455414430724,0.1752160620478069,0.4194492804638904,0.3883759666272233,0.0,0.0,0.3001838946024969,0.3028229513628598,0.209403703371984,0.0,0.1444040233129051,0.0,0.2402045415371766,0.0,0.3491409302182631,0.1985914549605884,0.2904354604134705,0.055455894593485,0.2738617843655065,0.1873767026873949,0.2792492520833023,0.3864626165483429
0.0713285936643913,-0.0012299419132755,0.0,0.0,0.0,0.0766022125502641,0.0,0.0,0.0,0.2941581542313655,0.0,0.3319723683521476,0.0,0.0,0.0,0.1818854962570183,0.296742378705745,0.1668932202267997,0.0,0.0237279739938112,0.0,0.0392913803753505,0.0,0.3749818850188942,0.1799834362765149,0.119603486973419,0.0,0.1894515395849664,0.147639939603817,0.0,0.3222149438189501,0.2656501818926164,0.3925433468966012,0.5123994762337375,0.2094212505189175,0.0,0.0943726609656605,0.3145579483159469,0.3252408605854732,0.4152332422607779,0.0,0.1370617109589245,0.0992238756469187,0.2539472395539246,0.3207783125744932,0.0,0.0149944584267437,0.0,0.0,0.0012711003505747,0.0,0.1711931547182777,0.0,0.0,0.2980463244051304,0.0,0.3155011016675467,0.2818793805987482,0.1643859661594312,0.0,0.2476350357369462,0.3232059299961476,0.2153055668602681,0.0447532783001466,0.0367644635168021,0.0,0.1004055059663206,0.0,0.3045207789844268,0.1025786495446238,0.1421304444645298,0.0,0.2906144038918348,0.0803930663951574,0.2712646424603814,0.3907341431414535
0.0,0.0,0.0,0.0,0.0,0.0,0.0,0.0,0.0,0.0,0.0,0.0,0.0,0.0,0.0,0.0,0.0,0.0170149130347405,0.0,0.0,0.0,0.0,0.0,0.0,0.1023151144568899,0.0,0.0,0.0967800464778008,0.1438641789533147,0.0,0.0,0.0,0.0043936368306546,0.2881355876115317,0.4158701419041778,0.0035646670828509,0.1578743145303027,0.1463234321349832,0.0,0.1586463751273855,0.1370617109589245,0.0,0.0829277577020868,0.1770348694941774,0.0,0.0,0.0,0.0,0.1607143698685751,0.2022856530766073,0.0,0.1488592246905205,0.0,0.0,0.1781252559371758,0.0,0.0734044536262321,0.0,0.0,0.0,0.0269982068334654,0.0699224685334845,0.065108654865686,0.0,0.0,0.0,0.0,0.0,0.0,0.1688790691743375,0.0527192215007576,0.0,0.0,0.0,0.0,0.0
0.0,0.0,0.0,0.0,0.0463664693746742,0.0240103353289874,0.0,0.0244446468795215,0.0230023945211468,0.0,0.0222002000713707,0.0,0.2236463343431663,0.3143690356978846,0.0,0.0,0.0,0.0,0.0,0.0,0.0,0.0,-0.0036143364774677,0.0,0.0,0.0,0.0876500585445268,0.2692739087837772,0.0,0.0,0.0,0.0,0.0,0.110159673825608,0.0408127856517409,0.3259060614320551,0.0,0.0,0.0,0.0409585579840711,0.0992238756469187,0.0829277577020868,0.0,0.2662310390853487,0.0667423928324817,0.0,0.0,0.0,0.0902404126323493,0.0834123233426531,0.0293903424861031,0.1705405955287133,0.0496948506125919,0.0260344388398006,0.1695684347761766,0.0,0.1185870531794573,0.1096921661345909,0.2740669320614468,0.1460502974194019,0.0,0.2123875320108113,0.0,0.0,0.1182609638205308,0.1352513305004187,0.0704208598901227,0.0284788038154842,0.0944866961324802,0.1518652980822654,0.0821533782652202,0.040971840071932,0.1869404645852585,0.0027954500268704,0.0,0.0893302538423826
0.0,0.0,0.0,0.0,0.0,0.0,0.0,0.0,0.0,0.0,0.0,0.0,0.0,0.0,0.0,0.0,0.0,0.0,0.0,0.0,0.0,0.0,0.0,0.0,0.0,0.0,0.0,0.0,0.0,0.0,0.0,0.0973988372612228,0.0,0.0,0.1679306753958687,0.0181749058444122,0.0,0.0,0.1352035026271527,0.2775590309784615,0.2539472395539246,0.1770348694941774,0.2662310390853487,0.0,0.1983219040427339,0.0,0.0,0.0157224889543904,0.0218949970742292,0.2090745079384611,0.0274962359549189,0.348322134185812,0.0,0.0647469350320812,0.4331568002760814,0.038650309161657,0.356852424682645,0.3322787444500069,0.3074038017929694,0.0,0.0,0.0,0.0,0.0,0.0,0.0,0.0,0.0,0.0,0.0,0.0,0.0,0.3377419159669427,0.1086302459879116,0.0,0.2996492325855077
0.0,0.0,0.0,0.0,0.0,0.0,0.0,0.0,0.0,0.2804086857080697,0.0,0.3444182443369176,0.0,0.0,0.0,0.0,0.0,0.0,0.0,0.0,0.0,0.0,0.0,0.4241233413018918,0.0,0.1675178846855254,0.0,0.0,0.0,0.0,0.0,0.3487519356808721,0.453924375074983,0.257843009508495,0.0902609041646707,0.0,0.0,0.3402991991757856,0.3813076355686283,0.3419119019749791,0.3207783125744932,0.0,0.0667423928324817,0.1983219040427339,0.0,0.0,0.0,0.0,0.0,0.0,0.0,0.1208578633281845,0.0,0.0837009894523435,0.2778815732873126,0.1458634106202858,0.3301573521824564,0.2844602824837482,0.0,0.0,0.0,0.1961235228679752,0.0,0.0,0.0,0.0,0.0,0.0,0.3710114322075368,0.0,0.1140869325808499,0.0,0.1540686706154086,0.0,0.0,0.309977110635757
0.5620165267131829,0.2101296606868903,0.0,0.0,0.0,0.0,0.0,0.0,0.0,0.0,0.0,0.0,0.0,0.0,0.0,0.2456066167831428,0.0,0.2461154877167726,0.0,0.0,0.4945081803777996,0.4509931565983366,0.0,0.0139598875989649,0.3321827777161622,0.1482295371774886,0.0,0.0,0.0,0.0,0.0801248454236853,0.0,0.0,0.0004217257263348,0.0,0.0,0.0,0.0,0.0,0.0304535974210523,0.0,0.0,0.0,0.0,0.0,0.0,0.3312673640924549,0.0,0.0,0.0,0.2186986986673026,0.0,0.0872564365645904,0.0,0.0,0.0,0.0,0.03037405139651,0.0,0.453991356340076,0.3274153717469538,0.0,0.3507283867888571,0.0,0.3719580484916089,0.5466218070233825,0.3785991164594108,0.2023155031428876,0.0512336466620233,0.3662420892471536,0.2841493258894537,0.1190953751544804,0.1363497252317531,0.3042555173046444,0.0,0.0175055412578071
0.2901208394679579,0.4277429285138735,0.0,0.0,0.0,0.0,0.0,0.0,0.0,0.0,0.0,0.0,0.0,0.0,0.264392190068919,0.2240005480412786,0.0,0.1796743296776225,0.0,0.2433940383454025,0.2883399240549181,0.3325075158204803,0.1459496208202239,0.0,0.3522562678267367,0.3397762030970834,0.3374118945589468,0.0,0.2392323095808612,0.0,0.0183931362964668,0.0164458088159283,0.0576253083860133,-0.004434447366138,0.0,0.0,0.0,0.0,0.0092934232297877,0.1116440729128314,0.0149944584267437,0.0,0.0,0.0,0.0,0.3312673640924549,0.0,0.0,0.0,0.0,0.3350613234049488,0.1578275641138708,0.1278752348411753,0.1612064579920817,0.1702763433802242,0.0,0.0,0.0886039434936848,0.0,0.302731199630413,0.2073338310147471,0.1187170623293217,0.2403530950923026,0.0,0.2871201490986032,0.2789090522425699,0.3652397902558798,0.2688553043623685,0.0,0.4456626743618716,0.4984771750606785,0.3208973889179172,0.0860566834213814,0.3126909936202761,0.0,0.0484306271750834
0.0,0.0,0.5379787415087136,0.0,0.4068988771676717,0.4290339110126793,0.0,0.2754540542233403,0.4653137565892417,0.0,0.3921156388156036,0.0,0.1297997968650075,0.0,0.0,0.0,0.0,0.0,0.51493484663783,0.0,0.0,0.0,0.3408290573436059,0.0,0.0,0.0,0.403944831533614,0.0,0.0,0.0,0.0,0.2351270928253024,0.0,0.0,0.0,0.0,0.0,0.0,0.2562272686857323,0.0,0.0,0.0,0.0,0.0157224889543904,0.0,0.0,0.0,0.0,0.0,0.0912451751567025,0.4203646053323192,0.1754514469865791,0.299989357778224,0.4986539347741344,0.0,0.5693733170229953,0.0,0.244910308206958,0.0,0.0,0.0,0.0,0.0,0.4735616267684486,0.0,0.0,0.0,0.3952831263882029,0.0,0.0,0.0,0.4212817688573254,0.0916187424356661,0.310125248884382,0.288526534938156,0.2207442871365146
