0.0,0.2841648453128969,0.0,0.0,0.0,0.331506942706064,0.0,0.2089253764926927,0.0,0.3773012898310396,0.0,0.3832722881265735,0.0,0.0,0.326240230521849,0.3836448703896597,0.3709161132677334,0.5630531875306957,0.0,0.0473226342397735,0.3912607822216297,0.1489252247916161,0.4775590383509723,0.3464317655578242,0.5160710494224885,0.4464866917223244,0.2337356493757557,0.1141151214574617,0.3250220385847812,0.0,0.2464670415123319,0.1248696292132455,0.3479637479549831,0.0483183209723145,0.0,0.0,0.0,0.0,0.0165771780707527,0.3407841630353272,0.2633873475104284,0.0,0.0,0.0,0.0,0.7051748206092668,0.3375514255860675,0.0,0.0,0.0,0.0,0.0,0.0,0.0,0.4595394460857276,0.0,0.0,0.0,0.0,0.0,0.5371086324305483,0.0,0.5980898843009113,0.0,0.0,0.4636232411842952,0.2234923300517423,0.0,0.2883713286476971,0.4994944038051833,0.5443180481980557,0.0,0.0,0.0,0.0,0.0
0.2841648453128969,0.0,0.0,0.0,0.3104564746860599,0.6281475683067921,0.4068056111089983,0.4592851375300128,0.3847685525477781,0.0,0.0,0.0,0.5311336091470626,0.0,0.5135893653813686,0.5751447356134477,0.0,0.5986835075162131,0.0,0.4204861315434209,0.4277821028036401,0.5010993447199857,0.5127044979382152,0.0,0.6761290942255725,0.857068092304839,0.4754075005010965,0.4171648782042184,0.4574410169113936,0.0,0.451590380839999,0.2678501565171443,0.185359133585682,0.1166960013128272,0.0,0.0,0.0,0.0,0.1092537629964103,0.0,0.0,0.0034975142216574,0.0,0.0,0.0,0.3088030435296268,0.7578613449637891,0.0,0.0,0.0,0.0,0.0,0.0,0.0,0.0,0.0,0.0,0.0,0.0,0.5074503617769239,0.3682962172526424,0.0,0.4606819798673734,0.0,0.4529713352670825,0.1625650542838346,0.498453537297551,0.4537882046454505,0.0,0.660640297311676,0.6888237675532642,0.5126187235094865,0.0,0.4294503964991159,0.0,0.2952224372000778
0.0,0.0,0.0,0.0,0.667776930667157,0.7999914190800207,0.4808002758582232,0.7478232084208024,0.8848840058728189,0.2761762812786508,0.7197764688633089,0.0,0.6971698522400896,0.0,0.0,0.0,0.0,0.0,0.6770066072472323,0.0,0.0,0.0,0.8452548042934754,0.0,0.0,0.0,0.8192182146393243,0.554097902247075,0.0,0.396865075361796,0.29101570490625,0.0,0.0,0.1851407894940342,0.0,0.0,0.0,0.0,0.0,0.0,0.0,0.0,0.0895515277780768,0.0,0.0,0.0,0.0,0.9021320495303048,0.0,0.7411831580358905,0.6185238880580636,0.0,0.7575006737244403,0.8688145459155375,0.0,0.7705227602280657,0.0,0.0,0.0,0.0,0.0,0.0,0.0,0.840968981937478,0.0,0.0,0.0,0.8205500395808782,0.0,0.0,0.0,0.7725396467331574,0.0,0.0,0.0,0.0
0.0,0.0,0.0,0.0,0.076562957938759,0.105211691856189,0.1520425179235049,0.0,0.0871336270884505,0.0955437376043888,0.0,0.0,0.09654872110027,0.0,0.0,0.0,0.0,0.0,0.0320591103783538,0.0,0.0,0.0,0.1710168922497123,0.0,0.0,0.0,0.1674810227458678,0.1920408128971615,0.0,0.0,0.0,0.0387085851544478,0.0,0.1039157724682287,0.0702677726814081,0.0,0.0377472830024089,0.0,0.0,0.0,0.0,0.0,0.0,0.0,0.0,0.0,0.0,0.0,0.0,0.0,0.0,0.0,0.0,0.0,0.0,0.0,0.0,0.0,0.0,0.0,0.0,0.0,0.0,0.0,0.0,0.0,0.0,0.0,0.0,0.0,0.0,0.0,0.0,0.0,0.0,0.0
0.0,0.3104564746860599,0.667776930667157,0.076562957938759,0.0,0.514222222575807,0.5879804875856257,0.5099791849273723,0.7704322685824724,0.0,0.7153243441254139,0.0,0.6275663854662911,0.2275949551262286,0.0,0.0,0.0,0.0,0.7261902593528166,0.6619353658273689,0.0,0.4918734201080814,0.399160091941954,0.0,0.0281919398209428,0.0,0.6261677873299358,0.5909717325439728,0.5930210735104819,0.0,0.3487803211440626,0.0,0.0,0.2152517159089166,0.0,0.0537152613329119,0.0,0.2844998085383611,0.0,0.0,0.0,0.0,0.1540738637429639,0.0,0.0,0.0,0.0,0.6726794646543099,0.0,0.0,0.0,0.0,0.4692992701986625,0.6881176920965563,0.0,0.8149186610550797,0.0,0.0,0.0,0.0,0.0,0.0,0.0,0.0,0.0,0.0,0.0,0.4367095201562342,0.0,0.0,0.0,0.4778613210097627,0.0,0.0,0.0,0.0
0.331506942706064,0.6281475683067921,0.7999914190800207,0.105211691856189,0.514222222575807,0.0,0.5164725490780081,0.7319454701985729,0.839699589465709,0.4072831431692895,0.5978476027298495,0.0,0.8362036217108779,0.0,0.5798080837367547,0.3670792347208074,0.0,0.4932976438672369,0.5307852258699678,0.6402783214417166,0.5793729040818489,0.4788069248328518,0.8252115948317136,0.0,0.5955886840630332,0.6732454254253469,0.8505173429568149,0.5663198660086085,0.8110644351108975,0.4521878679154783,0.3677626518486402,0.0,0.1372826928989338,0.2102661098532711,0.0,0.0091078621704706,0.0,0.0,0.0,0.0,0.0,0.0,0.1628226051219777,0.0,0.0,0.0,0.0,0.7570934310446057,0.0,0.0,0.7824956517974677,0.6640286637865699,0.6990772560963453,0.7593022318588284,0.0,0.644922526209261,0.0,0.7518939989182215,0.0,0.6784197480119954,0.0,0.0,0.0,0.7212611782817634,0.6058482019833186,0.4214816007083876,0.530098594684986,0.8379975571138281,0.0,0.0,0.0,0.8248962231782169,0.4657506588997281,0.6417946840387883,0.0,0.3039982267194885
0.0,0.4068056111089983,0.4808002758582232,0.1520425179235049,0.5879804875856257,0.5164725490780081,0.0,0.4636552019920218,0.6362843169012051,0.3702092757078756,0.4876222213354089,0.0214780131728339,0.5956606123209148,0.0,0.0,0.132425331823284,0.4055721305107972,0.2576003674673325,0.2604832607203155,0.2881990120789146,0.0,0.1062487642777988,0.4394507348948612,0.0,0.3606050541221958,0.255687244008191,0.4514394582255538,0.329848693248655,0.3711205100333787,0.0,0.1522608882195625,0.0,0.0368984738322478,0.2334220028666172,0.0,0.1974540529698754,0.0,0.3958559265445908,0.0,0.0,0.0,0.0,0.0,0.0,0.0,0.0,0.0,0.0,0.0,0.0,0.2149348726517685,0.0,0.0,0.0,0.0,0.0,0.0,0.0,0.0,0.0,0.0,0.0,0.0,0.0,0.0,0.0,0.0,0.4765241167824972,0.0,0.0,0.0,0.4043592171262089,0.0,0.0,0.0,0.0
0.2089253764926927,0.4592851375300128,0.7478232084208024,0.0,0.5099791849273723,0.7319454701985729,0.4636552019920218,0.0,0.6831205278084942,0.3469190569947983,0.6618241764153467,0.0,0.6340117600483713,0.0,0.518066789903592,0.1291123152029025,0.0,0.3346586664166124,0.5773857176193801,0.4528285300535468,0.6155528572539122,0.2915363334477454,0.8030977622631221,0.195368030076154,0.3878557232301157,0.5122002076781884,0.5765064429821092,0.4331449876659242,0.4790535362084182,0.2316370814125319,0.1510676495603072,0.0,0.0503993857341147,0.1752256620390155,0.0,0.1487522418132954,0.0327786944337512,0.0,0.0,0.0,0.0,0.0,0.2859216648896685,0.0,0.0,0.0,0.0,0.7211704516268438,0.0,0.568398902497202,0.4999593454650373,0.5546121737813575,0.8756772806970162,0.6662050571077482,0.0,0.6766236818676193,0.0,0.7072908379405003,0.0003953515745367,0.599058641628618,0.0,0.0,0.0,0.6956104547628208,0.3854937615046949,0.478615416260878,0.0,0.7609982916888054,0.0,0.0,0.0,0.5425546969095401,0.3620963845316115,0.3681716061278039,0.0,0.2117467011832493
0.0,0.3847685525477781,0.8848840058728189,0.0871336270884505,0.7704322685824724,0.839699589465709,0.6362843169012051,0.6831205278084942,0.0,0.3004821548269115,0.7381056132918485,0.2659138903755351,0.7471268786302173,0.0,0.0,0.1590785104374818,0.0,0.0,0.6248788648328514,0.65648371379274,0.0,0.41219330788559,0.7160279071488074,0.0,0.0,0.0,0.852464144282264,0.542802182789098,0.7148907544804155,0.3959277368561474,0.2538445744133098,0.0,0.0214641097833166,0.1923083130562272,0.0,0.0230500415006327,0.0,0.3531755380903178,0.0,0.0,0.0,0.0,0.1507437530701194,0.0,0.0,0.0,0.0,0.8407078029454883,0.0,0.0,0.5510116036890012,0.0,0.6821963249636874,0.951332489158356,0.0,0.8203875273359872,0.0,0.0,0.0677067330875774,0.0,0.0,0.0,0.0,0.7977734375157173,0.0,0.0,0.0,0.7658119588934774,0.0,0.0,0.0,0.7817982778617157,0.0,0.0,0.0,0.0
0.3773012898310396,0.0,0.2761762812786508,0.0955437376043888,0.0,0.4072831431692895,0.3702092757078756,0.3469190569947983,0.3004821548269115,0.0,0.1226042673301674,0.6744209392894174,0.2395431488646772,0.0,0.0,0.2644129074668367,0.8049973075548006,0.642552346622943,0.0,0.0,0.0,0.0,0.4303666883571513,0.2140203683989144,0.8324205051903182,0.4940437052575167,0.2426745731304141,0.0684475507359111,0.0,0.0,0.0597447412161165,0.0,0.3687151763579687,0.0991262126514916,0.0,0.0,0.0956397286212091,0.2521375945365295,0.0761925115465319,0.2662866979460958,0.0975710862433581,0.0,0.0,0.0,0.5905242946453909,0.0,0.0,0.0,0.0,0.0,0.0,0.0,0.0,0.0,0.9102360358942464,0.0,0.6665064184803872,0.0,0.0,0.0,0.0,0.8559112963169708,0.645758509735335,0.0,0.0,0.0,0.0,0.0,0.4610618436783208,0.6830143562211702,0.6367035193537408,0.0,0.2703747807161973,0.0,0.0,0.2605445792062099
0.0,0.0,0.7197764688633089,0.0,0.7153243441254139,0.5978476027298495,0.4876222213354089,0.6618241764153467,0.7381056132918485,0.1226042673301674,0.0,0.1499748394230259,0.594364975861112,0.0,0.0,0.0,0.0,0.0,0.8065074505645378,0.0,0.0,0.0,0.5015044086061805,0.0,0.0,0.0,0.746321547515297,0.5690055634624445,0.0,0.0,0.2433092639082836,0.0,0.0,0.076833993392285,0.0,0.0472389920539869,0.0,0.1935825436140054,0.0,0.0,0.0,0.0,0.1425428100094772,0.0,0.0,0.0,0.0,0.7036567356752801,0.0,0.7219728830252357,0.2479159019350313,0.5315297783392163,0.6107798892163214,0.6405238510095796,0.0,0.8727279565133551,0.0,0.4615820820406722,0.2302715452372865,0.0,0.0,0.0,0.0,0.8275352769686705,0.0,0.0,0.0,0.4984021912640493,0.0,0.0,0.0,0.6302039839510488,0.0,0.0,0.0,0.0
0.3832722881265735,0.0,0.0,0.0,0.0,0.0,0.0214780131728339,0.0,0.2659138903755351,0.6744209392894174,0.1499748394230259,0.0,0.2615416658019299,0.0,0.0,0.0,0.5651248008308823,0.5918265578648428,0.0,0.0,0.0,0.0,0.0,0.4057814892088781,0.6784532159626402,0.6277485995990274,0.0,0.0979622645998804,0.0,0.0,0.0641418759508912,0.0410890243616525,0.282911840225497,0.0,0.0,0.0,0.0598729333118066,0.0,0.1176091277756027,0.3512955557416073,0.0670338394318861,0.0,0.0,0.0,0.4864676409618252,0.0,0.0,0.0,0.0,0.0,0.0,0.0,0.0,0.0,0.703776264770177,0.0,0.857849716583454,0.0,0.0,0.0,0.0,0.8095686634969743,0.5890377429459759,0.0,0.0,0.0,0.0,0.0,0.5747704535253287,0.5605179101012804,0.6666049338097166,0.0,0.0,0.0,0.0,0.2768354263900728
0.0,0.5311336091470626,0.6971698522400896,0.09654872110027,0.6275663854662911,0.8362036217108779,0.5956606123209148,0.6340117600483713,0.7471268786302173,0.2395431488646772,0.594364975861112,0.2615416658019299,0.0,0.0,0.3912171453323,0.3458320358347481,0.3640115035369737,0.4127722433394611,0.5017247755079859,0.6846992777037857,0.4185797867785937,0.4855226114050888,0.6185530346275541,0.0932778690264053,0.3266437300332727,0.5200401285483163,0.7236456095439285,0.7608375739216072,0.6891898541484036,0.527785944747939,0.3620124079497253,0.0,0.0723139987422053,0.2428152326801586,0.0,0.2212706893905774,0.0228412374323107,0.2751742654483022,0.0,0.0,0.0,0.0,0.3461968282556463,0.0,0.0,0.0,0.0,0.6377068240098259,0.0,0.0,0.5496968634712609,0.0,0.631633890556145,0.0,0.0,0.0,0.0,0.0,0.0,0.0,0.0,0.0,0.0,0.0,0.0,0.0,0.0,0.6344461568405028,0.0,0.0,0.0,0.6696862438852649,0.0,0.4795339940462359,0.0,0.0
0.0,0.0,0.0,0.0,0.2275949551262286,0.0,0.0,0.0,0.0,0.0,0.0,0.0,0.0,0.0,0.0,0.0,0.0,0.0,0.0404810941606454,0.0,0.0,0.0,0.0,0.0,0.0,0.0,0.0,0.0,0.0,0.0,0.0,0.0,0.0,0.0517735678523618,0.0,0.0,0.0,0.0,0.0,0.0,0.0,0.0,0.0,0.0,0.0,0.0,0.0,0.0,0.0,0.0,0.0,0.0,0.0,0.0,0.0,0.0497601969509512,0.0,0.0,0.0,0.0,0.0,0.0,0.0,0.0,0.0,0.0,0.0,0.0,0.0,0.0,0.0,0.0,0.0,0.0,0.0,0.0
0.326240230521849,0.5135893653813686,0.0,0.0,0.0,0.5798080837367547,0.0,0.518066789903592,0.0,0.0,0.0,0.0,0.3912171453323,0.0,0.0,0.3828816037536994,0.0,0.484239038609858,0.0,0.5804619610185277,0.6391941826887351,0.5966158806354332,0.4712475164524627,0.2987904445850073,0.5634161469338099,0.6713546373869326,0.6141659936713523,0.4501829148900736,0.6139094214590314,0.0,0.3124421295801304,0.136557255086559,0.181281478617448,0.0574493650313216,0.0,0.0,0.0,0.0,0.1426081645703658,0.0870551363231999,0.0,0.0,0.0,0.0,0.0,0.0,0.6436491280022671,0.0,0.0,0.0,0.4547938297238478,0.0,0.5553498187114889,0.0,0.0,0.0,0.0,0.0,0.0,0.8486241769539166,0.4606655107505247,0.0,0.0,0.0,0.6547049954596944,0.4517385470781427,0.7533785452211722,0.506482977869001,0.0,0.0,0.7251399743737451,0.5390548414292728,0.4581529720528326,0.5648675234143296,0.0,0.4083114619572843
0.3836448703896597,0.5751447356134477,0.0,0.0,0.0,0.3670792347208074,0.132425331823284,0.1291123152029025,0.1590785104374818,0.2644129074668367,0.0,0.0,0.3458320358347481,0.0,0.3828816037536994,0.0,0.4696641326988851,0.7111442357446933,0.0,0.3852797979576781,0.2430764600218715,0.6056460376819804,0.3028109442976137,0.2839200266521783,0.4494383836479794,0.5627234078028206,0.3500866542359427,0.4863974266929983,0.4200185356931717,0.4539805031305609,0.5843347726249665,0.3126141109016528,0.1910911910324994,0.1371385287742706,0.0,0.0,0.0,0.0,0.1273014254889795,0.0,0.0124627739331323,0.0,0.0,0.0,0.0,0.2912973168108758,0.4739503975012349,0.0,0.0,0.0,0.0,0.0,0.0,0.0,0.0,0.0,0.0,0.0,0.0,0.3880389804422375,0.532723490163816,0.0,0.4706239763742635,0.0,0.4253421687730309,0.0780782723460734,0.4847984982849478,0.0,0.0,0.4097333578740273,0.4698415253871578,0.0,0.0,0.0,0.0,0.3340158445908289
0.3709161132677334,0.0,0.0,0.0,0.0,0.0,0.4055721305107972,0.0,0.0,0.8049973075548006,0.0,0.5651248008308823,0.3640115035369737,0.0,0.0,0.4696641326988851,0.0,0.7787438100324088,0.0,0.0844826924982872,0.0,0.171175309023761,0.0,0.1378088672877122,0.7272813237420266,0.5300095550644323,0.0,0.2413381598930803,0.0,0.0,0.2427185735537694,0.1266066738533948,0.3077167476193655,0.2201436318004314,0.0,0.0,0.0,0.2413889112902475,0.0,0.1080416508849612,0.0421244979195703,0.0,0.0,0.0,0.0,0.0,0.0,0.0,0.0,0.0,0.0,0.0,0.0,0.0,0.7028802534254457,0.0,0.5134092855617116,0.0,0.0,0.0,0.0,0.7271019596978878,0.6338692010797567,0.0,0.0,0.0,0.0,0.0,0.3384779261157959,0.5816816937152971,0.5976227983863949,0.0,0.0,0.0,0.0,0.0
0.5630531875306957,0.5986835075162131,0.0,0.0,0.0,0.4932976438672369,0.2576003674673325,0.3346586664166124,0.0,0.642552346622943,0.0,0.5918265578648428,0.4127722433394611,0.0,0.484239038609858,0.7111442357446933,0.7787438100324088,0.0,0.0,0.2263450967975176,0.4170691458579567,0.386232530404853,0.5066641383256162,0.3596411161723865,0.7526943998717326,0.6935172063955289,0.3645647168556931,0.4126527475300769,0.3289730712099328,0.0,0.427487755595435,0.183373665956575,0.3236555005612317,0.1054750581645498,0.0,0.0,0.0,0.0,0.0616409290826076,0.1246169499947181,0.0662964733604249,0.0,0.0,0.0,0.0,0.5780277577373947,0.6177265423332575,0.0,0.0,0.0,0.0,0.0,0.0,0.0,0.5974661849699999,0.0,0.5124512337104884,0.0,0.0,0.0,0.4945060424149334,0.6934224708054844,0.792153683033305,0.0,0.0,0.0,0.4350029075005958,0.0,0.4127234798284311,0.6416083404215447,0.7280341094995878,0.0,0.0,0.0,0.0,0.3971349468694972
0.0,0.0,0.6770066072472323,0.0320591103783538,0.7261902593528166,0.5307852258699678,0.2604832607203155,0.5773857176193801,0.6248788648328514,0.0,0.8065074505645378,0.0,0.5017247755079859,0.0404810941606454,0.0,0.0,0.0,0.0,0.0,0.0,0.0,0.0,0.4742618991884768,0.0,0.0,0.0,0.6687606829779434,0.6627175475808104,0.0,0.0,0.3840481596883303,0.0,0.0,0.0125170132327117,0.0,0.0,0.0,0.0,0.0,0.0,0.0,0.0,0.2109899990771296,0.0,0.0,0.0,0.0,0.7830729699740139,0.0,0.0,0.2173242749740764,0.0,0.6097935931034312,0.4720850428040178,0.0,0.7589842895777186,0.0,0.0,0.352484122196479,0.0,0.0,0.0,0.0,0.9082801445691872,0.0,0.0,0.0,0.4807658048038158,0.0,0.0,0.0,0.5510081473937736,0.0,0.0,0.0,0.0
0.0473226342397735,0.4204861315434209,0.0,0.0,0.6619353658273689,0.6402783214417166,0.2881990120789146,0.4528285300535468,0.65648371379274,0.0,0.0,0.0,0.6846992777037857,0.0,0.5804619610185277,0.3852797979576781,0.0844826924982872,0.2263450967975176,0.0,0.0,0.3307991524270458,0.8105009293586126,0.3870931746744138,0.0,0.1662810638468143,0.4839268545071017,0.8036079822651574,0.7976533320319007,0.8010049778165607,0.7529548910796513,0.4341367684409634,0.0703555274419724,0.0,0.1107940057803507,0.0,0.0982618608600948,0.0011207206734726,0.0,0.0,0.0,0.0,0.0673507962246391,0.0,0.0,0.0,0.0,0.458259195429838,0.0,0.0,0.0,0.3211790179594118,0.0,0.5264244032934089,0.0,0.0,0.0,0.0,0.0,0.0,0.6710763703930436,0.0,0.0,0.0,0.0,0.8905449853422593,0.1159374683489454,0.7689153864162858,0.4696273885718053,0.0,0.0,0.4018751377322266,0.6717116298285478,0.5648387461850805,0.4862622493958934,0.0,0.4147380099802099
0.3912607822216297,0.4277821028036401,0.0,0.0,0.0,0.5793729040818489,0.0,0.6155528572539122,0.0,0.0,0.0,0.0,0.4185797867785937,0.0,0.6391941826887351,0.2430764600218715,0.0,0.4170691458579567,0.0,0.3307991524270458,0.0,0.2971923712630638,0.5882120367681597,0.2526317526480686,0.5520020017694808,0.5698765374923688,0.4962823562498081,0.3183347267033317,0.4991933957169368,0.1329870658798823,0.1252001082276336,0.0,0.2594004175561608,0.0801976328988341,0.0,0.1765092300686194,0.0,0.0,0.0,0.2513190115091492,0.0,0.0,0.0,0.0,0.0,0.5633957480756188,0.5689111177716455,0.0,0.0,0.0,0.5084039976810683,0.0,0.611704746113559,0.0,0.0,0.0,0.0,0.0,0.0,0.5598053887929181,0.2719058791567496,0.0,0.0,0.0,0.3387728722183882,0.7156011902963377,0.383502296478404,0.6054912120035476,0.0,0.585587257425705,0.634940110763514,0.4766549419927471,0.4432551109434,0.4831382769733249,0.0,0.4342041533020593
0.1489252247916161,0.5010993447199857,0.0,0.0,0.4918734201080814,0.4788069248328518,0.1062487642777988,0.2915363334477454,0.41219330788559,0.0,0.0,0.0,0.4855226114050888,0.0,0.5966158806354332,0.6056460376819804,0.171175309023761,0.386232530404853,0.0,0.8105009293586126,0.2971923712630638,0.0,0.2794520033732078,0.0,0.2237658529832801,0.5566233585375632,0.6058989458282668,0.7174975630501932,0.6969540222322238,0.7668845960716784,0.6079559037312642,0.3200513150398985,0.0,0.0489398414267008,0.0,0.0,0.0,0.0,0.1466057661346061,0.0,0.0,0.1026141711955711,0.0,0.0,0.0,0.1258784562951201,0.4814270765673966,0.0,0.0,0.0,0.3177390286728973,0.0,0.0,0.0,0.0,0.0,0.0,0.0,0.0,0.6552337800565082,0.5026651913573025,0.0,0.3098016240847773,0.0,0.8287730950255389,0.0194471144553052,0.8418658191584893,0.3238191216756272,0.0,0.2856049587602955,0.4135850306726708,0.5318972125853698,0.0,0.5171138402074802,0.0,0.4462006479112709
0.4775590383509723,0.5127044979382152,0.8452548042934754,0.1710168922497123,0.399160091941954,0.8252115948317136,0.4394507348948612,0.8030977622631221,0.7160279071488074,0.4303666883571513,0.5015044086061805,0.0,0.6185530346275541,0.0,0.4712475164524627,0.3028109442976137,0.0,0.5066641383256162,0.4742618991884768,0.3870931746744138,0.5882120367681597,0.2794520033732078,0.0,0.1700533105612427,0.5614284943965846,0.5229758967293155,0.6979605727681071,0.4024977454205211,0.5932253319179703,0.2208858850629639,0.2923146323308371,0.0,0.1475912468441844,0.1760747974863643,0.0,0.0080478542566278,0.010281307189261,0.0,0.0,0.0649145115518259,0.0,0.0,0.1091726834165241,0.0,0.0,0.0,0.6374686144264169,0.7857112926856681,0.0,0.5039812956073422,0.7642516378495249,0.6336402335218803,0.7692241637804574,0.7072538453954598,0.0,0.5405817081225385,0.0,0.7295015156812321,0.0,0.6245092028954629,0.0,0.0,0.0,0.6682867993881769,0.3648830998894797,0.574216054924934,0.2977467472988399,0.9496987189877236,0.0,0.0,0.6727675160957289,0.6855444000273646,0.39397341648877,0.6011062864882347,0.273726607149541,0.2335844055189395
0.3464317655578242,0.0,0.0,0.0,0.0,0.0,0.0,0.195368030076154,0.0,0.2140203683989144,0.0,0.4057814892088781,0.0932778690264053,0.0,0.2987904445850073,0.2839200266521783,0.1378088672877122,0.3596411161723865,0.0,0.0,0.2526317526480686,0.0,0.1700533105612427,0.0,0.3000844913163337,0.5905666255317847,0.1872776409106122,0.2161409206535134,0.0,0.0,0.1835260089412798,0.1950631849566321,0.25554541765701,0.0,0.0,0.0499492518918736,0.0,0.0,0.3218837770420107,0.280845678362301,0.0179708718112257,0.0,0.0,0.0,0.0609628560758073,0.3357935012640987,0.0,0.0,0.0,0.0,0.0,0.0,0.0,0.0,0.1863691314492035,0.0,0.4202964242835106,0.0,0.0,0.0,0.4527388497102328,0.3137575795837073,0.2076614603461598,0.0,0.0,0.0,0.0,0.0,0.6636791973482857,0.3211260915661941,0.5094871421762155,0.0,0.0,0.0,0.0,0.4811689193105745
0.5160710494224885,0.6761290942255725,0.0,0.0,0.0281919398209428,0.5955886840630332,0.3606050541221958,0.3878557232301157,0.0,0.8324205051903182,0.0,0.6784532159626402,0.3266437300332727,0.0,0.5634161469338099,0.4494383836479794,0.7272813237420266,0.7526943998717326,0.0,0.1662810638468143,0.5520020017694808,0.2237658529832801,0.5614284943965846,0.3000844913163337,0.0,0.7468980227132133,0.4541993723037787,0.1684429607959391,0.375759601223892,0.0,0.2487173293268033,0.136496873896548,0.4011825772277283,0.0967470333160788,0.0,0.0,0.0,0.1565875147357432,0.1035796340802839,0.2374098909206343,0.0606834070993074,0.0,0.0,0.0,0.0,0.6596751843144589,0.7179854346111024,0.0,0.0,0.0,0.0,0.0,0.0,0.0,0.8387004015491013,0.0,0.5893782369549806,0.0,0.0,0.0,0.4692445621830388,0.8346291270197611,0.727076725988381,0.0,0.2996589299247892,0.442864699346027,0.4088333434888175,0.0,0.4867537464814374,0.9089924072983876,0.819117456012344,0.0,0.0,0.0,0.0,0.3449273465295874
0.4464866917223244,0.857068092304839,0.0,0.0,0.0,0.6732454254253469,0.255687244008191,0.5122002076781884,0.0,0.4940437052575167,0.0,0.6277485995990274,0.5200401285483163,0.0,0.6713546373869326,0.5627234078028206,0.5300095550644323,0.6935172063955289,0.0,0.4839268545071017,0.5698765374923688,0.5566233585375632,0.5229758967293155,0.5905666255317847,0.7468980227132133,0.0,0.5632033941971981,0.4513637121897964,0.4746509430257156,0.0,0.4100080838910026,0.2659793826908815,0.306548878018509,0.0661106781293189,0.0,0.0,0.0,0.0464621063489099,0.2187921080221138,0.1588723430576961,0.0,0.0,0.0,0.0,0.3670480825650447,0.4789866214670644,0.7896508615183295,0.0,0.0,0.0,0.0,0.0,0.0,0.0,0.5421482617039397,0.0,0.516063756306147,0.0,0.0,0.6521140563388254,0.5205157609242378,0.6472052989459055,0.6203371476897237,0.0,0.6216985843541697,0.315852791245727,0.6777833713372542,0.5002873593938492,0.6340721678201388,0.7237368872264284,0.8981423317727185,0.6061013189782841,0.0,0.4457020046281744,0.0,0.4924696730021332
0.2337356493757557,0.4754075005010965,0.8192182146393243,0.1674810227458678,0.6261677873299358,0.8505173429568149,0.4514394582255538,0.5765064429821092,0.852464144282264,0.2426745731304141,0.746321547515297,0.0,0.7236456095439285,0.0,0.6141659936713523,0.3500866542359427,0.0,0.3645647168556931,0.6687606829779434,0.8036079822651574,0.4962823562498081,0.6058989458282668,0.6979605727681071,0.1872776409106122,0.4541993723037787,0.5632033941971981,0.0,0.6543798413027754,0.8011399731462722,0.5586208745552317,0.4136566963917176,0.0069398426123648,0.0635551335068969,0.13712727201669,0.0,0.0158780244800565,0.0,0.0,0.0,0.0,0.0,0.0099585281229185,0.2048102651374848,0.0,0.0,0.0,0.5987576154622914,0.7687870582842438,0.0,0.0,0.627993378438985,0.6849901455990741,0.6147433019436737,0.7708667858452609,0.0,0.7798063592930081,0.0,0.6166893416137127,0.147720708016251,0.734636168831727,0.0,0.0,0.0,0.8166803831242435,0.7493761019552792,0.3394857182966826,0.6149348242048001,0.7289733345188533,0.0,0.0,0.6087089041441409,0.9452850181936076,0.5120525947324848,0.644541424401582,0.3870058717262596,0.3543975263514347
0.1141151214574617,0.4171648782042184,0.554097902247075,0.1920408128971615,0.5909717325439728,0.5663198660086085,0.329848693248655,0.4331449876659242,0.542802182789098,0.0684475507359111,0.5690055634624445,0.0979622645998804,0.7608375739216072,0.0,0.4501829148900736,0.4863974266929983,0.2413381598930803,0.4126527475300769,0.6627175475808104,0.7976533320319007,0.3183347267033317,0.7174975630501932,0.4024977454205211,0.2161409206535134,0.1684429607959391,0.4513637121897964,0.6543798413027754,0.0,0.6258581494278506,0.7754699877119671,0.5464815275063029,0.0,0.0,0.1618166854586489,0.0,0.2803989669345061,0.1843334177883541,0.2632896986617986,0.0,0.0,0.0,0.0257281619126752,0.4900543069079772,0.0,0.0,0.0,0.0,0.0,0.0,0.0,0.3420698486714241,0.0,0.5383643416177972,0.0,0.0,0.0,0.0,0.0,0.0,0.537828066464539,0.0,0.0,0.0,0.0,0.7556559659165194,0.1045920611528436,0.0,0.4439379427308571,0.0,0.0,0.0,0.577768970623822,0.7145173821433682,0.4227303027526271,0.0,0.4835762748768026
0.3250220385847812,0.4574410169113936,0.0,0.0,0.5930210735104819,0.8110644351108975,0.3711205100333787,0.4790535362084182,0.7148907544804155,0.0,0.0,0.0,0.6891898541484036,0.0,0.6139094214590314,0.4200185356931717,0.0,0.3289730712099328,0.0,0.8010049778165607,0.4991933957169368,0.6969540222322238,0.5932253319179703,0.0,0.375759601223892,0.4746509430257156,0.8011399731462722,0.6258581494278506,0.0,0.6181589549581197,0.4385130575462825,0.0399870440939307,0.0857947065669425,0.2048667499785903,0.0,0.0,0.0,0.0,0.0,0.0,0.0,0.0173672818685298,0.0,0.0,0.0,0.0,0.5360863805681151,0.0,0.0,0.0,0.560835250129983,0.0,0.5367867238310985,0.0,0.0,0.0,0.0,0.4887288729240026,0.0,0.651159861069741,0.0,0.0,0.0,0.0,0.6853548140204618,0.3742437255764945,0.6488545291871061,0.6709596016990433,0.0,0.0,0.509517306642884,0.698983980483457,0.5107120628617006,0.7541429559836917,0.0,0.4178781182057912
0.0,0.0,0.396865075361796,0.0,0.0,0.4521878679154783,0.0,0.2316370814125319,0.3959277368561474,0.0,0.0,0.0,0.527785944747939,0.0,0.0,0.4539805031305609,0.0,0.0,0.0,0.7529548910796513,0.1329870658798823,0.7668845960716784,0.2208858850629639,0.0,0.0,0.0,0.5586208745552317,0.7754699877119671,0.6181589549581197,0.0,0.6446407554666344,0.2693341115424358,0.0,0.1783043538347525,0.0,0.0,0.0,0.0,0.1584411514962148,0.0,0.0,0.0,0.0,0.0,0.0,0.0,0.0,0.0,0.0,0.0,0.0,0.0,0.0,0.0,0.0,0.0,0.0,0.0,0.0,0.0,0.0,0.0,0.0,0.0,0.7480689412482043,0.0,0.0,0.2506874485551322,0.0,0.0,0.0,0.4578151880852313,0.0,0.0,0.0,0.0
0.2464670415123319,0.451590380839999,0.29101570490625,0.0,0.3487803211440626,0.3677626518486402,0.1522608882195625,0.1510676495603072,0.2538445744133098,0.0597447412161165,0.2433092639082836,0.0641418759508912,0.3620124079497253,0.0,0.3124421295801304,0.5843347726249665,0.2427185735537694,0.427487755595435,0.3840481596883303,0.4341367684409634,0.1252001082276336,0.6079559037312642,0.2923146323308371,0.1835260089412798,0.2487173293268033,0.4100080838910026,0.4136566963917176,0.5464815275063029,0.4385130575462825,0.6446407554666344,0.0,0.4258717579504558,0.0033658969916828,0.2356859624443766,0.0,0.0,0.0,0.0571325231509202,0.166097138754277,0.0,0.0,0.0,0.0,0.0,0.0,0.167432058195644,0.4042770471310855,0.0,0.0,0.0,0.2901942730453067,0.0,0.0980841934541752,0.0,0.090069915420138,0.0,0.0,0.0,0.0,0.3836965096763914,0.4694372494012489,0.0,0.2915357111841669,0.0,0.4308744128794053,0.0,0.4838451846134487,0.2739705627620577,0.1770581250049883,0.2792699876752402,0.3364934436576066,0.4014260895159481,0.3313030921417179,0.3903879645609072,0.0,0.3735508608345101
0.1248696292132455,0.2678501565171443,0.0,0.0387085851544478,0.0,0.0,0.0,0.0,0.0,0.0,0.0,0.0410890243616525,0.0,0.0,0.136557255086559,0.3126141109016528,0.1266066738533948,0.183373665956575,0.0,0.0703555274419724,0.0,0.3200513150398985,0.0,0.1950631849566321,0.136496873896548,0.2659793826908815,0.0069398426123648,0.0,0.0399870440939307,0.2693341115424358,0.4258717579504558,0.0,0.2327966712922228,0.170760110598808,0.0,0.0,0.0,0.0,0.7087725028977242,0.0379520900005137,0.1447054835023338,0.0892714624993343,0.0,0.0328759503750919,0.0,0.0,0.1573554009495015,0.0,0.0,0.0,0.0600688369100432,0.0,0.0,0.0,0.0,0.0,0.0800781184985046,0.0,0.0,0.1115427892726532,0.2529705588072834,0.0,0.0,0.0,0.1062348830190594,0.0,0.226636932022952,0.0,0.1010163872172389,0.0311439907948018,0.1799205556346455,0.0057967942000949,0.0,0.0624511969708107,0.0,0.0567535544596862
0.3479637479549831,0.185359133585682,0.0,0.0,0.0,0.1372826928989338,0.0368984738322478,0.0503993857341147,0.0214641097833166,0.3687151763579687,0.0,0.282911840225497,0.0723139987422053,0.0,0.181281478617448,0.1910911910324994,0.3077167476193655,0.3236555005612317,0.0,0.0,0.2594004175561608,0.0,0.1475912468441844,0.25554541765701,0.4011825772277283,0.306548878018509,0.0635551335068969,0.0,0.0857947065669425,0.0,0.0033658969916828,0.2327966712922228,0.0,0.3180020485131236,0.0,0.0,0.0,0.2079333387580474,0.3185963315305682,0.6412968565922891,0.3761297899937877,0.0,0.0,0.0,0.1489623023160752,0.3309380417927645,0.2906936598585269,0.0,0.0,0.0,0.0,0.0,0.0,0.0,0.3775971476520185,0.0,0.3036322384135763,0.0,0.0,0.0851872959323431,0.1410573700281449,0.3851557584175233,0.2812991911278351,0.0,0.0,0.365598628422202,0.0302315762820746,0.1430546726120029,0.3139065569636643,0.3762567640497337,0.3752914919309368,0.0742880679739466,0.0,0.1097916231707491,0.0,0.0639471405729901
0.0483183209723145,0.1166960013128272,0.1851407894940342,0.1039157724682287,0.2152517159089166,0.2102661098532711,0.2334220028666172,0.1752256620390155,0.1923083130562272,0.0991262126514916,0.076833993392285,0.0,0.2428152326801586,0.0517735678523618,0.0574493650313216,0.1371385287742706,0.2201436318004314,0.1054750581645498,0.0125170132327117,0.1107940057803507,0.0801976328988341,0.0489398414267008,0.1760747974863643,0.0,0.0967470333160788,0.0661106781293189,0.13712727201669,0.1618166854586489,0.2048667499785903,0.1783043538347525,0.2356859624443766,0.170760110598808,0.3180020485131236,0.0,0.3062064381001133,0.0,0.0,0.3274956064144573,0.0,0.0,0.2828378136047815,0.0,0.0757623786460584,0.0,0.1101370537366394,0.0101720064182064,0.1198534753476158,0.0,0.0,0.0,0.0862864098369892,0.0,0.1198648093931525,0.0,0.1150802161511818,0.0,0.0,0.0,0.0,0.0109139907644912,0.0,0.0,0.1681569904568387,0.0,0.0,0.0786612209898673,0.0,0.1434734963228718,0.0,0.183234792042563,0.1262782886816884,0.0630400245946662,0.0,0.0361669025784302,0.0,0.0
0.0,0.0,0.0,0.0702677726814081,0.0,0.0,0.0,0.0,0.0,0.0,0.0,0.0,0.0,0.0,0.0,0.0,0.0,0.0,0.0,0.0,0.0,0.0,0.0,0.0,0.0,0.0,0.0,0.0,0.0,0.0,0.0,0.0,0.0,0.3062064381001133,0.0,0.0185876387552989,0.0,0.0,0.0,0.0,0.0315681652737186,0.3588567211426885,0.0,0.0,0.0,0.0,0.0,0.0,0.0,0.0,0.0,0.0,0.0,0.0,0.0,0.0,0.0,0.0,0.0,0.0,0.0,0.0,0.0,0.0,0.0,0.0,0.0,0.0,0.0,0.0,0.0,0.0,0.0,0.0,0.0,0.0
0.0,0.0,0.0,0.0,0.0537152613329119,0.0091078621704706,0.1974540529698754,0.1487522418132954,0.0230500415006327,0.0,0.0472389920539869,0.0,0.2212706893905774,0.0,0.0,0.0,0.0,0.0,0.0,0.0982618608600948,0.1765092300686194,0.0,0.0080478542566278,0.0499492518918736,0.0,0.0,0.0158780244800565,0.2803989669345061,0.0,0.0,0.0,0.0,0.0,0.0,0.0185876387552989,0.0,0.4670648673284476,0.1965516836547495,0.0,0.1473575254857329,0.0,0.0,0.6640862688813202,0.267392307151872,0.0,0.0,0.0,0.0,0.0,0.0,0.0,0.0482748670631812,0.293471258393408,0.0261010610058043,0.0,0.2296703943031874,0.0,0.1756029783402949,0.0753620882563967,0.0,0.0,0.0,0.0,0.0,0.0,0.0,0.0,0.0598774608863248,0.0,0.0,0.0,0.0,0.2808761941896004,0.0,0.0,0.0
0.0,0.0,0.0,0.0377472830024089,0.0,0.0,0.0,0.0327786944337512,0.0,0.0956397286212091,0.0,0.0598729333118066,0.0228412374323107,0.0,0.0,0.0,0.0,0.0,0.0,0.0011207206734726,0.0,0.0,0.010281307189261,0.0,0.0,0.0,0.0,0.1843334177883541,0.0,0.0,0.0,0.0,0.0,0.0,0.0,0.4670648673284476,0.0,0.0702317429861371,0.0,0.0,0.1576968828415784,0.0,0.0,0.0,0.0,0.0,0.0,0.0,0.0,0.0,0.0,0.0,0.0,0.0,0.0,0.0,0.0,0.0,0.0,0.0,0.0,0.0,0.0,0.0,0.0,0.0,0.0,0.0,0.0,0.0,0.0,0.0,0.0,0.0,0.0,0.0
0.0,0.0,0.0,0.0,0.2844998085383611,0.0,0.3958559265445908,0.0,0.3531755380903178,0.2521375945365295,0.1935825436140054,0.0,0.2751742654483022,0.0,0.0,0.0,0.2413889112902475,0.0,0.0,0.0,0.0,0.0,0.0,0.0,0.1565875147357432,0.0464621063489099,0.0,0.2632896986617986,0.0,0.0,0.0571325231509202,0.0,0.2079333387580474,0.3274956064144573,0.0,0.1965516836547495,0.0702317429861371,0.0,0.0,0.0,0.0023570653315799,0.0,0.0,0.0,0.3516598539324316,0.0,0.0,0.0,0.0,0.0,0.0,0.0,0.0,0.0,0.1650687924114401,0.0,0.0,0.0,0.0,0.0,0.0,0.0,0.0,0.0,0.0,0.0,0.0,0.0,0.0,0.0,0.1709759019033822,0.0,0.0,0.0,0.0,0.0
0.0165771780707527,0.1092537629964103,0.0,0.0,0.0,0.0,0.0,0.0,0.0,0.0761925115465319,0.0,0.1176091277756027,0.0,0.0,0.1426081645703658,0.1273014254889795,0.0,0.0616409290826076,0.0,0.0,0.0,0.1466057661346061,0.0,0.3218837770420107,0.1035796340802839,0.2187921080221138,0.0,0.0,0.0,0.1584411514962148,0.166097138754277,0.7087725028977242,0.3185963315305682,0.0,0.0,0.0,0.0,0.0,0.0,0.2053324163643561,0.2223297522677023,0.0,0.0,0.1175729031894328,0.0,0.0,0.0681843698239448,0.0,0.0980538837770036,0.0,0.0,0.0,0.0,0.0,0.0,0.0,0.2333300667921579,0.0,0.1228063452758659,0.0403365656059603,0.1841088990949431,0.0899346933092375,0.0,0.0,0.0636339650224233,0.0,0.1925367599711114,0.0,0.2810219978634264,0.0,0.1199485319271006,0.0,0.0,0.0,0.1202121829546813,0.1501335413136038
0.3407841630353272,0.0,0.0,0.0,0.0,0.0,0.0,0.0,0.0,0.2662866979460958,0.0,0.3512955557416073,0.0,0.0,0.0870551363231999,0.0,0.1080416508849612,0.1246169499947181,0.0,0.0,0.2513190115091492,0.0,0.0649145115518259,0.280845678362301,0.2374098909206343,0.1588723430576961,0.0,0.0,0.0,0.0,0.0,0.0379520900005137,0.6412968565922891,0.0,0.0,0.1473575254857329,0.0,0.0,0.2053324163643561,0.0,0.4332546700943917,0.0,0.1395275087264332,0.0053372649011088,0.0835941893769531,0.2926429376820619,0.0541802320457105,0.0,0.0,0.0,0.2506598638951572,0.0,0.0819910140705811,0.0,0.2719279392869256,0.0,0.3937844605838986,0.1740218482420809,0.0,0.030374674418479,0.1451732466824022,0.317574194131884,0.1759412464962494,0.0,0.0237918799205186,0.3986356619674798,0.0,0.0839080787011098,0.3346887545454209,0.2019837232632035,0.2333699897504242,0.0358053816023681,0.1412916068851155,0.0769977512938734,0.2553536439685035,0.2263134601924584
0.2633873475104284,0.0,0.0,0.0,0.0,0.0,0.0,0.0,0.0,0.0975710862433581,0.0,0.0670338394318861,0.0,0.0,0.0,0.0124627739331323,0.0421244979195703,0.0662964733604249,0.0,0.0,0.0,0.0,0.0,0.0179708718112257,0.0606834070993074,0.0,0.0,0.0,0.0,0.0,0.0,0.1447054835023338,0.3761297899937877,0.2828378136047815,0.0315681652737186,0.0,0.1576968828415784,0.0023570653315799,0.2223297522677023,0.4332546700943917,0.0,0.0,0.0,0.0649220733379148,0.0,0.1532395585951423,0.0,0.0,0.3161595721845785,0.0,0.155740997824809,0.0,0.0,0.0,0.059128048121402,0.0,0.1261575479469586,0.0,0.0,0.0,0.1139060786985535,0.12019904777687,0.0392867754926503,0.0,0.0,0.179722900319015,0.0,0.0,0.0330894325870962,0.0,0.0001265306375686,0.0,0.0545848026526788,0.1020175503655444,0.0567817226809425,0.1463537499337924
0.0,0.0034975142216574,0.0,0.0,0.0,0.0,0.0,0.0,0.0,0.0,0.0,0.0,0.0,0.0,0.0,0.0,0.0,0.0,0.0,0.0673507962246391,0.0,0.1026141711955711,0.0,0.0,0.0,0.0,0.0099585281229185,0.0257281619126752,0.0173672818685298,0.0,0.0,0.0892714624993343,0.0,0.0,0.3588567211426885,0.0,0.0,0.0,0.0,0.0,0.0,0.0,0.0,0.0,0.0,0.0,0.0,0.0321956957556493,0.0,0.1177033073228129,0.0,0.0990693824911158,0.0,0.0221501440940365,0.0,0.0563734891872588,0.0,0.0,0.0,0.0,0.0,0.0,0.0,0.0972002864855922,0.0,0.0,0.0,0.0,0.0,0.0,0.0,0.0034091295568675,0.0,0.0191913520411205,0.0,0.0
0.0,0.0,0.0895515277780768,0.0,0.1540738637429639,0.1628226051219777,0.0,0.2859216648896685,0.1507437530701194,0.0,0.1425428100094772,0.0,0.3461968282556463,0.0,0.0,0.0,0.0,0.0,0.2109899990771296,0.0,0.0,0.0,0.1091726834165241,0.0,0.0,0.0,0.2048102651374848,0.4900543069079772,0.0,0.0,0.0,0.0,0.0,0.0757623786460584,0.0,0.6640862688813202,0.0,0.0,0.0,0.1395275087264332,0.0,0.0,0.0,0.4648702692370041,0.110739186087352,0.0,0.0,0.0915438390681942,0.1792122841955697,0.272257967229794,0.0973106171966655,0.1462573694610714,0.4410690450538507,0.0970579224305477,0.0,0.3462858933112678,0.0233229874665064,0.3647160045759187,0.2201190127490196,0.1056040679307056,0.0,0.0328238944192592,0.0,0.1266006148842764,0.3093133039255029,0.2504062367963811,0.1441111675163873,0.1642600595400223,0.1497054161513044,0.0,0.1144682533400778,0.1682450251552542,0.5141381997130984,0.0,0.0,0.3813703652788831
0.0,0.0,0.0,0.0,0.0,0.0,0.0,0.0,0.0,0.0,0.0,0.0,0.0,0.0,0.0,0.0,0.0,0.0,0.0,0.0,0.0,0.0,0.0,0.0,0.0,0.0,0.0,0.0,0.0,0.0,0.0,0.0328759503750919,0.0,0.0,0.0,0.267392307151872,0.0,0.0,0.1175729031894328,0.0053372649011088,0.0649220733379148,0.0,0.4648702692370041,0.0,0.0,0.0,0.0,0.0196896884727142,0.2427129260310255,0.0617082677002673,0.0,0.0,0.0988271748255199,0.0,0.0,0.0883173420469774,0.0,0.0,0.3804293329307674,0.0,0.0,0.0,0.0,0.1253173973858205,0.0,0.0,0.0,0.0,0.0,0.0,0.0,0.0,0.4106486621907586,0.0,0.0,0.3795912403387079
0.0,0.0,0.0,0.0,0.0,0.0,0.0,0.0,0.0,0.5905242946453909,0.0,0.4864676409618252,0.0,0.0,0.0,0.0,0.0,0.0,0.0,0.0,0.0,0.0,0.0,0.0609628560758073,0.0,0.3670480825650447,0.0,0.0,0.0,0.0,0.0,0.0,0.1489623023160752,0.1101370537366394,0.0,0.0,0.0,0.3516598539324316,0.0,0.0835941893769531,0.0,0.0,0.110739186087352,0.0,0.0,0.4463667744953445,0.0,0.0,0.0,0.0,0.0,0.4390573817877873,0.0,0.4956471983413815,0.6546178414862653,0.3562068727476752,0.4067751275522548,0.5462529551602496,0.0,0.0,0.0,0.5736464500910354,0.0,0.0,0.0,0.0,0.0,0.0,0.3163953595565056,0.473579741011758,0.5082544372335741,0.0,0.3143991099228078,0.0,0.0,0.1717143162529412
0.7051748206092668,0.3088030435296268,0.0,0.0,0.0,0.0,0.0,0.0,0.0,0.0,0.0,0.0,0.0,0.0,0.0,0.2912973168108758,0.0,0.5780277577373947,0.0,0.0,0.5633957480756188,0.1258784562951201,0.0,0.3357935012640987,0.6596751843144589,0.4789866214670644,0.0,0.0,0.0,0.0,0.167432058195644,0.0,0.3309380417927645,0.0101720064182064,0.0,0.0,0.0,0.0,0.0,0.2926429376820619,0.1532395585951423,0.0,0.0,0.0,0.4463667744953445,0.0,0.4853188384868514,0.0,0.0,0.0,0.5773604415885673,0.0,0.4349522200701411,0.0,0.6470537410032837,0.0,0.5062930379630967,0.4829948635009517,0.0,0.4007049570474897,0.4346171363345666,0.0,0.6302514285117067,0.0,0.1912533746805217,0.6488592952474018,0.255806331767266,0.5522069357887023,0.4768669310942769,0.6396138226646049,0.6882420761133643,0.4164662603818984,0.4216090482660888,0.5261740364795497,0.0,0.4782719197161473
0.3375514255860675,0.7578613449637891,0.0,0.0,0.0,0.0,0.0,0.0,0.0,0.0,0.0,0.0,0.0,0.0,0.6436491280022671,0.4739503975012349,0.0,0.6177265423332575,0.0,0.458259195429838,0.5689111177716455,0.4814270765673966,0.6374686144264169,0.0,0.7179854346111024,0.7896508615183295,0.5987576154622914,0.0,0.5360863805681151,0.0,0.4042770471310855,0.1573554009495015,0.2906936598585269,0.1198534753476158,0.0,0.0,0.0,0.0,0.0681843698239448,0.0541802320457105,0.0,0.0,0.0,0.0,0.0,0.4853188384868514,0.0,0.0,0.0,0.0,0.6382948055495075,0.4051530136251477,0.5156228730739516,0.3822822710050951,0.5548204056891701,0.0,0.0,0.634094958495446,0.0,0.6103996708751562,0.422572301884969,0.569412224621185,0.5841028096178956,0.0,0.5170613593502937,0.4086140364278023,0.5937867966585948,0.619565472039177,0.0,0.7778178370739477,0.8116984797724903,0.5979715225062374,0.4043064235792777,0.5862575029892582,0.0,0.371041677728705
0.0,0.0,0.9021320495303048,0.0,0.6726794646543099,0.7570934310446057,0.0,0.7211704516268438,0.8407078029454883,0.0,0.7036567356752801,0.0,0.6377068240098259,0.0,0.0,0.0,0.0,0.0,0.7830729699740139,0.0,0.0,0.0,0.7857112926856681,0.0,0.0,0.0,0.7687870582842438,0.0,0.0,0.0,0.0,0.0,0.0,0.0,0.0,0.0,0.0,0.0,0.0,0.0,0.0,0.0321956957556493,0.0915438390681942,0.0196896884727142,0.0,0.0,0.0,0.0,0.0,0.6406941256018097,0.5410114095646807,0.6100029328741521,0.7542257741566323,0.7464305806661109,0.0,0.7417842263788408,0.0,0.5746977660759842,0.0833772314858109,0.0,0.0,0.0,0.0,0.92432515518517,0.0,0.0,0.0,0.7879848753360639,0.0,0.0,0.0,0.7233175053077824,0.4883316936169237,0.590472230939719,0.3501026827339124,0.2574202941146389
0.0,0.0,0.0,0.0,0.0,0.0,0.0,0.0,0.0,0.0,0.0,0.0,0.0,0.0,0.0,0.0,0.0,0.0,0.0,0.0,0.0,0.0,0.0,0.0,0.0,0.0,0.0,0.0,0.0,0.0,0.0,0.0,0.0,0.0,0.0,0.0,0.0,0.0,0.0980538837770036,0.0,0.3161595721845785,0.0,0.1792122841955697,0.2427129260310255,0.0,0.0,0.0,0.0,0.0,0.0,0.234443898686507,0.1046556652104688,0.0508280395392028,0.0,0.0,0.0,0.0,0.0888235370638503,0.0,0.0,0.0,0.0,0.0,0.0,0.0,0.0,0.0,0.1045837865613439,0.0,0.0,0.0,0.0230217279519218,0.2787595729353678,0.0,0.0,0.2577182707218495
0.0,0.0,0.7411831580358905,0.0,0.0,0.0,0.0,0.568398902497202,0.0,0.0,0.7219728830252357,0.0,0.0,0.0,0.0,0.0,0.0,0.0,0.0,0.0,0.0,0.0,0.5039812956073422,0.0,0.0,0.0,0.0,0.0,0.0,0.0,0.0,0.0,0.0,0.0,0.0,0.0,0.0,0.0,0.0,0.0,0.0,0.1177033073228129,0.272257967229794,0.0617082677002673,0.0,0.0,0.0,0.6406941256018097,0.0,0.0,0.2869213062027783,0.735732141306785,0.5254346881821375,0.7839284389893918,0.0793051437012324,0.8804282346815493,0.0,0.5484046941187807,0.2724912693125637,0.0,0.0,0.0,0.0,0.7327550866150941,0.0,0.0,0.0,0.4899736224750941,0.0,0.0,0.0,0.5923673558926151,0.4164324542664767,0.0,0.0,0.134465063910257
