0.0,0.2287225901279129,0.0,0.0,0.0,0.0,0.0,0.0,0.0,0.2900018837630836,0.0,0.0,0.0475507751049772,0.0,0.306573759196833,0.4505131370509979,0.4703083128820878,0.2819503790957021,0.0,0.1604298850669113,0.4248790855529764,0.1717890439546036,0.0112794360072019,0.2085910180207527,0.4122528132182385,0.3425370414205255,0.1289544469428168,0.0870427388613209,0.1524892972531064,0.0,0.3213321519679487,0.2360384684335947,0.2956173425249345,0.202194862309223,0.1349469300770883,0.0,0.0,0.0050675573664761,0.3718696713842263,0.4025040180580865,0.32833901552694,0.0,0.0,0.0,0.0,0.834502804205737,0.2625552129676418,0.0,0.0,0.0,0.0,0.0,0.0,0.0,0.1385817692984621,0.0,0.0,0.0,0.0,0.0,0.5966481301670067,0.0,0.5368491244703307,0.0,0.0,0.487332186002323,0.6271132274361058,0.0,0.3626972944416931,0.4844039123661106,0.5156355260343266,0.0,0.0,0.0,0.0,0.6331962712643789
0.2287225901279129,0.0,0.0,0.0,0.1538373756191348,0.6545060263441435,0.5576434299786363,0.2289772443717112,0.1301059824050074,0.0,0.0,0.0,0.4991551485898424,0.0,0.3955849114709131,0.6301994003749362,0.6182031241911847,0.4835603827512977,0.0,0.4376012202782972,0.396631855526929,0.5093551931217699,0.3174067302297726,0.0,0.8714509339206824,0.7473567432390884,0.4758078801485644,0.3739249184880268,0.3388256783322959,0.0,0.2193896136034047,0.2795684618357731,0.313905463202743,0.0898593009238676,0.0,0.0,0.0,0.0,0.2637417938941486,0.370923450585851,0.2856642162107372,0.0,0.0,0.0,0.0,0.3208762239726228,0.8074650590535873,0.0,0.0,0.0,0.5507544583678987,0.0,0.0,0.0,0.0,0.0,0.0,0.0,0.0,0.3106790919868177,0.2442893066579035,0.0,0.3328828999190669,0.0,0.4930269627874211,0.3444288827723641,0.4231152109034595,0.3090358114595649,0.0,0.6059910672700934,0.5491508403916536,0.5307384763325378,0.0,0.1423832354970065,0.0,0.2409654266655736
0.0,0.0,0.0,0.243605690596596,0.2267941738259669,0.4856416741822748,0.4477785480438058,0.2659891717505449,0.2536948452738822,0.1992441435382942,0.3658418501767896,0.3133659392349477,0.4522724126070752,0.0,0.0,0.0,0.0,0.0,0.6167982929300883,0.0,0.0,0.0,0.5116713347706797,0.0,0.0,0.0,0.392789197147854,0.4651472705326907,0.0,0.0,0.0103932384394472,0.1584632454426659,0.0940317976742925,0.0,0.0,0.0,0.0,0.0,0.0,0.0,0.3436042186776918,0.0,0.0,0.0,0.0,0.0,0.0,0.4637601476796901,0.0,0.1437284891082742,0.4946482763751743,0.3862247349539159,0.310817471364053,0.301853052378805,0.0,0.2861642776945077,0.0,0.5021755124661683,0.0,0.0,0.0,0.0,0.0,0.5563927407246221,0.0,0.0,0.0,0.4022254516368507,0.0,0.0,0.0,0.4293740723085992,0.0512076826383122,0.0,0.0,0.0
0.0,0.0,0.243605690596596,0.0,0.4918861135064641,0.2336877442339251,0.6909492403382661,0.2194578556244288,0.3432481541811652,0.0295865746687847,0.420585259007412,0.0998940505683406,0.4016980400253904,0.0,0.0,0.0,0.0,0.0,0.3081228759526376,0.373256975520065,0.0,0.0,0.1463715954687903,0.0,0.0,0.0,0.2820108916925857,0.3778975440823397,0.3177124321803637,0.0,0.3214063832940016,0.248560919005595,0.0,0.1734106495485317,0.0,0.0,0.1859279789539801,0.0,0.0,0.0,0.0,0.0,0.0,0.0,0.0,0.0,0.0,0.0,0.0,0.0,0.0,0.0,0.0,0.0,0.0,0.0,0.0,0.0,0.0,0.0,0.0,0.0,0.0,0.0,0.0,0.0,0.0,0.0,0.0,0.0,0.0,0.0,0.0,0.0,0.0,0.0
0.0,0.1538373756191348,0.2267941738259669,0.4918861135064641,0.0,0.1227015113938337,0.6171775079588969,0.1408237987179569,0.2096786785163232,0.0436659868052268,0.4002109835986809,0.0423642419434699,0.5247692060935043,0.0871579686591079,0.0,0.0909082404045512,0.0,0.0,0.2965424270375231,0.3549485819702144,0.0,0.3491349113814385,0.0213219139748331,0.0,0.1671365255649848,0.0995447194494785,0.2047348983190176,0.1930483829702495,0.3156428921330077,0.0,0.2170735983654432,0.1389110705962293,0.2823066254934533,0.2144605550072575,0.0,0.0037530521681541,0.1224962672731743,0.0319684391128908,0.0,0.0,0.0,0.0,0.0647547925893738,0.0,0.0,0.0,0.0,0.126508834021932,0.0,0.3288970267356068,0.0821447894197467,0.0,0.1917354101291763,0.1617911202195279,0.0,0.3136265823534319,0.0,0.0,0.0,0.0,0.0,0.0,0.0,0.2301260003168937,0.0,0.0,0.0,0.0,0.0,0.0,0.0,0.1020571353776909,0.0,0.0,0.0,0.0
0.0,0.6545060263441435,0.4856416741822748,0.2336877442339251,0.1227015113938337,0.0,0.4762810058620288,0.5719058591619289,0.3107502370513179,0.4459192298396526,0.3056445338222877,0.4900002755134667,0.5513324221512368,0.0,0.3504420455208097,0.4474451453113853,0.3911910372908739,0.4319167981605666,0.4885192698485378,0.435438642634944,0.2823787766172234,0.4217786192220589,0.7479073690816614,0.0,0.5402875703599888,0.6270244312018295,0.6326876496292418,0.321040587942677,0.4031318152462869,0.3131163025631957,0.0509351821132252,0.1387973679731242,0.1588765828888812,0.1018737691066282,0.0,0.0,0.0,0.0125798257541033,0.0800809184090277,0.0,0.1262213904174793,0.0,0.0,0.0,0.0,0.0,0.5166058850162698,0.3806496605178728,0.0,0.0,0.5661964926511766,0.1811388060095457,0.5294717947097259,0.331152229419381,0.0,0.3127071668768478,0.0,0.3563645867109863,0.0,0.3085503672091204,0.0,0.0,0.0,0.4743013733301837,0.3295179452482,0.1811302353814532,0.1608263641560224,0.5782428923340432,0.0,0.0,0.3435106058007507,0.4658142158161398,0.0018370302359611,0.0,0.0067959940905276,0.0
0.0,0.5576434299786363,0.4477785480438058,0.6909492403382661,0.6171775079588969,0.4762810058620288,0.0,0.3236065744019539,0.4114550816148528,0.4465872323347019,0.4870987732523232,0.3225237029796383,0.6533753806130747,0.0,0.0,0.4693223424770797,0.3098360992004733,0.350860674443321,0.5585308886116929,0.6552141298132669,0.0,0.7076575519666884,0.2594052196385145,0.2345660628009431,0.5736900370398914,0.5228969550531882,0.5354622326554087,0.5481059970190169,0.5622458038244701,0.0,0.5002476822404304,0.3724566099217128,0.4799856673615156,0.2011131162870046,0.0,0.0,0.0138286605632814,0.0879162419860662,0.244745873663223,0.0,0.1737375607388029,0.0,0.0,0.0,0.0,0.0,0.0,0.427992415630193,0.0,0.0,0.4058139803913136,0.0,0.4871961520465589,0.4582970292934226,0.0,0.458888754538326,0.0,0.0,0.0,0.0,0.0,0.0,0.0,0.4082974550695544,0.0,0.0,0.0,0.3071764028437302,0.0,0.0,0.0,0.3714416899922511,0.0,0.0,0.0,0.0
0.0,0.2289772443717112,0.2659891717505449,0.2194578556244288,0.1408237987179569,0.5719058591619289,0.3236065744019539,0.0,0.3748999124849302,0.3020340604860977,0.4570821583146449,0.5861970998774735,0.3615436930277258,0.0,0.1386013634227654,0.1669288505510758,0.0,0.0632228037133214,0.424361493201819,0.3568886623926465,0.3847856163434167,0.3234931365858969,0.7829134086607809,0.430379139898245,0.1827676721192921,0.5034932569627438,0.3348298341717211,0.2191791080135109,0.0620036715065632,0.2742676927414916,0.112785377903702,0.1681962044985225,0.2983957741120546,0.1943718669865779,0.0,0.0,0.0,0.0,0.1912545074689584,0.0,0.0,0.0,0.0,0.0,0.0,0.0,0.0,0.2207704890809448,0.0,0.0,0.3732579589009001,0.1110866378030347,0.7550893856423903,0.4152811698871851,0.0,0.3476662708467486,0.0,0.2494297908610291,0.0,0.153105341200481,0.0,0.0,0.0,0.3670218635141692,0.2573193961107983,0.2811949466869525,0.0,0.599104172890836,0.0,0.0,0.0,0.258329151448623,0.046500873602395,0.0,0.0,0.0
0.0,0.1301059824050074,0.2536948452738822,0.3432481541811652,0.2096786785163232,0.3107502370513179,0.4114550816148528,0.3748999124849302,0.0,0.2684074853281363,0.5523728839501747,0.2512423080340609,0.3768255216434759,0.0,0.0,0.1805973862910201,0.0,0.1250667846327861,0.1428357064240318,0.0488017213856243,0.0,0.0501602496114014,0.2463611036833367,0.0987530038607184,0.1646626600119889,0.27255233882053,0.4173566188614847,0.0991602570426193,0.0,0.1134609000301141,0.0047175193063357,0.1724231120361507,0.3510806832247934,0.1904568179215931,0.0,0.0,0.0971497660848989,0.0,0.1035612963438646,0.0,0.1668606354031303,0.0,0.0,0.0,0.0,0.0,0.0,0.4985200480215257,0.0,0.3664355267241964,0.3446087719053917,0.4577427849613161,0.287261971548116,0.8994975731665528,0.0,0.6351147322567268,0.0,0.3781110076341884,0.0,0.0,0.0,0.0,0.0,0.1157162676495218,0.0,0.0,0.0,0.1854535487317708,0.0,0.0,0.0,0.5035039952103879,0.266451517328265,0.0,0.0,0.0
0.2900018837630836,0.0,0.1992441435382942,0.0295865746687847,0.0436659868052268,0.4459192298396526,0.4465872323347019,0.3020340604860977,0.2684074853281363,0.0,0.0835958101649601,0.5585498832218494,0.2541708175033436,0.0,0.0,0.5419243342158762,0.7182521327465682,0.4505383549556287,0.2538159729376427,0.3945345203113959,0.0,0.4500189705723126,0.3061754390652285,0.4272311308918556,0.7309293671948854,0.6398627672616785,0.5330950887538614,0.2514971653821861,0.2877565954115291,0.0,0.3891983840199158,0.2448622590911711,0.4644710492058686,0.1600843291385014,0.0,0.0,0.0,0.2267254763933812,0.4627393846541335,0.4368955510991033,0.2299947089174761,0.0,0.0,0.0,0.1550103162549468,0.3461566922310397,0.0,0.0,0.0,0.0,0.0,0.0,0.0,0.0,0.7153040612617051,0.0,0.5066274525716611,0.212393722472674,0.0,0.0,0.0,0.5617473771326869,0.4811172714968505,0.0,0.0,0.0,0.0,0.0,0.4872698043685929,0.4831689572998607,0.5297143488799126,0.0,0.3866638000127316,0.0,0.0,0.3486038849378755
0.0,0.0,0.3658418501767896,0.420585259007412,0.4002109835986809,0.3056445338222877,0.4870987732523232,0.4570821583146449,0.5523728839501747,0.0835958101649601,0.0,0.236502974883271,0.4038081557233533,0.0,0.0,0.0,0.0,0.0,0.4060596172644991,0.0,0.0,0.0,0.3170919472374305,0.1292555861985219,0.0,0.1297297056304458,0.3378525495521933,0.2376315890702421,0.0,0.0,0.153224261740117,0.1115587237680147,0.36566149631208,0.2315018727127262,0.0,0.0,0.0214781944173888,0.0290501093375188,0.0518281012122892,0.0,0.0,0.0,0.0,0.0,0.0,0.0,0.0,0.1997831709680246,0.0,0.3409776974728284,0.1880248274778479,0.3073826100755425,0.3424135078540974,0.5328690811781838,0.0,0.5334427288129512,0.0,0.3220161998391065,0.0,0.0,0.0,0.0,0.0,0.3016657186573894,0.0,0.0,0.0,0.1782998139498643,0.0,0.0,0.0,0.2561058036296755,0.0401929924282682,0.0,0.0,0.0
0.0,0.0,0.3133659392349477,0.0998940505683406,0.0423642419434699,0.4900002755134667,0.3225237029796383,0.5861970998774735,0.2512423080340609,0.5585498832218494,0.236502974883271,0.0,0.4243119762450884,0.0,0.0,0.0,0.4609556826402592,0.400010660971126,0.371762290172255,0.0,0.2249466105221395,0.0,0.5082013361414055,0.2495059200878622,0.3652759807975035,0.6287525646149417,0.2742466514322195,0.3911460986659693,0.0,0.0,0.0976751620678794,0.194255905294258,0.2363673306302189,0.101510280381251,0.0,0.0,0.0,0.0,0.097734043655666,0.2075041559368566,0.0888076975807572,0.0,0.0,0.0,0.2877728853811822,0.0,0.0,0.0,0.0,0.0,0.0,0.0,0.0,0.0,0.4724534367541811,0.0,0.6745715735802514,0.3072524470739021,0.0,0.0,0.0,0.3049193420550037,0.1971933263094488,0.0,0.0,0.0,0.0,0.0,0.3105763552569857,0.0988014440654756,0.3848569255024315,0.0,0.2052817958036755,0.0,0.0,0.169668384191092
0.0475507751049772,0.4991551485898424,0.4522724126070752,0.4016980400253904,0.5247692060935043,0.5513324221512368,0.6533753806130747,0.3615436930277258,0.3768255216434759,0.2541708175033436,0.4038081557233533,0.4243119762450884,0.0,0.0,0.0602986290018715,0.533498360645073,0.4360559419377606,0.5952200510922064,0.4419888087875213,0.3395177129261324,0.217220189092982,0.3855130144818643,0.3699109918747536,0.0,0.431267122866868,0.585892256620442,0.2699083811831723,0.6260712727975165,0.224477375965888,0.2169011958941682,0.0815269701523176,0.3022879554343269,0.3192626101402621,0.1125533789721238,0.0,0.0,0.1311743766155936,0.0,0.0184679273851075,0.30789428105999,0.2924100167804603,0.0,0.0,0.0,0.0729592797732661,0.0,0.0,0.2713142399094759,0.0,0.0,0.4680757006114652,0.5011606808387283,0.3380957827454388,0.0,0.0,0.2639017697496113,0.3233411099181957,0.0,0.0,0.0219223275189629,0.0,0.0,0.0,0.0,0.5350808440433917,0.0,0.472386288845932,0.2433383284057474,0.0,0.2268738614915829,0.4284300605184715,0.4191572844547034,0.0,0.2260829838387032,0.0,0.0
0.0,0.0,0.0,0.0,0.0871579686591079,0.0,0.0,0.0,0.0,0.0,0.0,0.0,0.0,0.0,0.0,0.0,0.0,0.0,0.0,0.0,0.0,0.0,0.0,0.0,0.0,0.0,0.0,0.0,0.0,0.0,0.0,0.0,0.0,0.1556322960231963,0.0,0.533174453157644,0.0744409804257776,0.0,0.0,0.0,0.0,0.0,0.2912693556847008,0.0,0.0,0.0,0.0,0.0,0.0,0.0,0.0,0.0,0.0,0.0,0.0,0.0,0.0,0.0,0.0,0.0,0.0,0.0,0.0,0.0,0.0,0.0,0.0,0.0,0.0,0.0,0.0,0.0,0.0,0.0,0.0,0.0
0.306573759196833,0.3955849114709131,0.0,0.0,0.0,0.3504420455208097,0.0,0.1386013634227654,0.0,0.0,0.0,0.0,0.0602986290018715,0.0,0.0,0.3564787417796083,0.0,0.1630926699845668,0.0,0.6192488085763814,0.5179099948644602,0.6053227216317649,0.3135720344250187,0.3897323284137977,0.4084542449448335,0.3156758269897725,0.5789714805330461,0.3058637482153535,0.6719304133170327,0.0,0.495260025542407,0.2191553010775294,0.2365694231076283,0.095575727427483,0.0,0.0,0.0,0.0,0.2886414009666471,0.1613215390818414,0.1001904434902452,0.0,0.1931677709230034,0.0,0.0,0.0,0.3036453135316124,0.0,0.0,0.0,0.2403247550463461,0.0,0.3215877343999665,0.0,0.0,0.0,0.0,0.0,0.0,0.6928148687311257,0.1731315937498784,0.0,0.0,0.0,0.2986716057003292,0.6028799988750291,0.3805489809947122,0.3580143750778244,0.0,0.1938701999547394,0.2834279778762119,0.1297527491533247,0.1364004614877288,0.2855625641417935,0.0,0.1805737974733634
0.4505131370509979,0.6301994003749362,0.0,0.0,0.0909082404045512,0.4474451453113853,0.4693223424770797,0.1669288505510758,0.1805973862910201,0.5419243342158762,0.0,0.0,0.533498360645073,0.0,0.3564787417796083,0.0,0.739353298323898,0.8309073800384001,0.0,0.4567022219634121,0.3838574845954514,0.5755825948117489,0.3038193114830625,0.1196431042877834,0.6734707611231732,0.7217396227694111,0.4337054382769623,0.4956337057590753,0.3254645321842235,0.1867544312109058,0.2823711241827545,0.3946755272209354,0.3923024256172493,0.157875494422509,0.0,0.0,0.0,0.0,0.2615921510997698,0.374970635510313,0.4567336920525824,0.0,0.0,0.0,0.0,0.4636981800215121,0.5779512515884457,0.0,0.0,0.0,0.0,0.0,0.0,0.0,0.0,0.0,0.0,0.0,0.0,0.3197712293939089,0.6396176930472063,0.0,0.5997823881768841,0.0,0.6507516927849261,0.3847782626892742,0.6554368718246456,0.3505627980345676,0.0,0.4498919284562374,0.6056968684537299,0.4942300739300018,0.0,0.3582229078171467,0.0,0.4166639329844169
0.4703083128820878,0.6182031241911847,0.0,0.0,0.0,0.3911910372908739,0.3098360992004733,0.0,0.0,0.7182521327465682,0.0,0.4609556826402592,0.4360559419377606,0.0,0.0,0.739353298323898,0.0,0.7102691834740709,0.0,0.1629326791643515,0.0,0.300432704065502,0.0,0.1601237842233354,0.6803578479008923,0.7195220430134757,0.0,0.33620407443062,0.100100662359429,0.0,0.1297457915051144,0.3794462249815621,0.2869681858147158,0.0,0.0,0.0,0.0,0.0,0.0,0.3164958862142438,0.0,0.0,0.0,0.0,0.0,0.0,0.0,0.0,0.0,0.0,0.0,0.0,0.0,0.0,0.5662968403799367,0.0,0.3726799104733252,0.0,0.0,0.0,0.0,0.7480452126311894,0.6794530860031063,0.0,0.0,0.0,0.0,0.0,0.3680274912978089,0.5195341869283172,0.666113985588114,0.0,0.0,0.0,0.0,0.0
0.2819503790957021,0.4835603827512977,0.0,0.0,0.0,0.4319167981605666,0.350860674443321,0.0632228037133214,0.1250667846327861,0.4505383549556287,0.0,0.400010660971126,0.5952200510922064,0.0,0.1630926699845668,0.8309073800384001,0.7102691834740709,0.0,0.0,0.2832548745510051,0.1120084336658238,0.4140632458923726,0.2591771902179843,0.0,0.5602375894405718,0.6305385741496876,0.3143434291310231,0.5369231613400514,0.2183373390597501,0.0775508564842721,0.1240549568418985,0.3207660134000751,0.1645337432214475,0.0039930567073757,0.0,0.0,0.0,0.0,0.1017932501492558,0.176916689056185,0.4483239889708029,0.0,0.0,0.0,0.0,0.2072957849521419,0.404164528808018,0.0,0.0,0.0,0.0,0.0,0.0,0.0,0.3172782269936948,0.0,0.2614777520632935,0.0,0.0,0.0,0.6066559913700964,0.5136871978959326,0.5684054442852423,0.0,0.0,0.0,0.5610664911070863,0.0,0.0771552034840139,0.2069270339138794,0.4228643944568901,0.0,0.0,0.0,0.0,0.3894196204533307
0.0,0.0,0.6167982929300883,0.3081228759526376,0.2965424270375231,0.4885192698485378,0.5585308886116929,0.424361493201819,0.1428357064240318,0.2538159729376427,0.4060596172644991,0.371762290172255,0.4419888087875213,0.0,0.0,0.0,0.0,0.0,0.0,0.0,0.0,0.0,0.486218652928157,0.0,0.0,0.0,0.3499493016756705,0.4750988375639142,0.0,0.0,0.2197945287865465,0.2799615274796162,0.0,0.0575715895580769,0.0,0.0,0.0,0.093409472043797,0.0290091537376043,0.0,0.0,0.0,0.0,0.0,0.0,0.0,0.0,0.3218154922462866,0.0,0.0436920649094108,0.3947350745042666,0.2799250045207709,0.4755669725658449,0.205412765138424,0.0,0.2712427497319545,0.0,0.453383311348033,0.0,0.0,0.0,0.0,0.0,0.7021263069487093,0.0,0.0,0.0,0.4439438875749442,0.0,0.0,0.0,0.2939929637908856,0.0,0.0,0.0,0.0
0.1604298850669113,0.4376012202782972,0.0,0.373256975520065,0.3549485819702144,0.435438642634944,0.6552141298132669,0.3568886623926465,0.0488017213856243,0.3945345203113959,0.0,0.0,0.3395177129261324,0.0,0.6192488085763814,0.4567022219634121,0.1629326791643515,0.2832548745510051,0.0,0.0,0.5158534150010827,0.9256256749108956,0.3807359305813756,0.0,0.4559162327700035,0.4898877620277923,0.6483632624320972,0.5127636901669443,0.7612350199167358,0.689336133312109,0.6017459479027412,0.31705009930669,0.426212509028605,0.3079283827709896,0.0,0.0,0.0,0.0,0.2078061008976353,0.3010804818681389,0.0729924996961015,0.0,0.0406971130276981,0.0,0.0,0.0,0.3534139610629816,0.0,0.0,0.0,0.2341005076017459,0.0,0.4513806004189865,0.0,0.0,0.0,0.0,0.1453103309903601,0.0,0.4296863153529624,0.0562506072327536,0.0,0.0,0.0,0.4973866992800468,0.5502003422489201,0.4308842887062579,0.3300981163180939,0.0,0.1174218014725266,0.3601127738953213,0.1130436518236369,0.1556944060760122,0.2378703826989711,0.0839218221128962,0.1160930672897311
0.4248790855529764,0.396631855526929,0.0,0.0,0.0,0.2823787766172234,0.0,0.3847856163434167,0.0,0.0,0.0,0.2249466105221395,0.217220189092982,0.0,0.5179099948644602,0.3838574845954514,0.0,0.1120084336658238,0.0,0.5158534150010827,0.0,0.4582117037500836,0.375559720298684,0.3403901671050757,0.4888107793072576,0.4570894892318337,0.3464630840932501,0.1600001980735233,0.3931258704700348,0.0,0.3772889630496442,0.2536979847689125,0.3911727995683672,0.191470648042374,0.0,0.0,0.0,0.0,0.3356883204217744,0.4502956007011312,0.1513065683854969,0.0,0.0,0.0,0.0,0.4903044064874567,0.4340315792144312,0.0,0.0,0.0,0.3711220393165336,0.0,0.5198774484592922,0.0,0.0,0.0,0.0,0.2323340941035954,0.0,0.2946872499524224,0.225328178357325,0.0,0.0,0.0,0.4902670302518951,0.7353059031589247,0.446901614976144,0.3554983873873824,0.0,0.4401718059305441,0.4952508360451092,0.270709641124024,0.3368935170282858,0.4364327355880082,0.0,0.2976283213386468
0.1717890439546036,0.5093551931217699,0.0,0.0,0.3491349113814385,0.4217786192220589,0.7076575519666884,0.3234931365858969,0.0501602496114014,0.4500189705723126,0.0,0.0,0.3855130144818643,0.0,0.6053227216317649,0.5755825948117489,0.300432704065502,0.4140632458923726,0.0,0.9256256749108956,0.4582117037500836,0.0,0.2939498565164209,0.0,0.5480053790676576,0.5832266105436453,0.5693945897973355,0.5682182677306933,0.6697350001716483,0.6334631524574444,0.6062119731486652,0.3528912946026891,0.4879353590828662,0.3412371148723769,0.0,0.0,0.0,0.0,0.315469809890067,0.2954685408594235,0.2106700417511044,0.0,0.0663023376693033,0.0,0.0,0.2374356477215205,0.4173689773839212,0.0,0.0,0.0,0.2882118512238499,0.0,0.0,0.0,0.0,0.0,0.0,0.0,0.0,0.4828506251218098,0.1546928757363581,0.0,0.1644984836989987,0.0,0.4895891569778718,0.539037767062078,0.4911120205094355,0.3187191685263921,0.0,0.2271656988519891,0.4314539789129741,0.1771272930666503,0.2331717642685147,0.1829718981634724,0.0,0.1811799953028589
0.0112794360072019,0.3174067302297726,0.5116713347706797,0.1463715954687903,0.0213219139748331,0.7479073690816614,0.2594052196385145,0.7829134086607809,0.2463611036833367,0.3061754390652285,0.3170919472374305,0.5082013361414055,0.3699109918747536,0.0,0.3135720344250187,0.3038193114830625,0.0,0.2591771902179843,0.486218652928157,0.3807359305813756,0.375559720298684,0.2939498565164209,0.0,0.264130838544192,0.3032716494027735,0.534052900154189,0.5194736933396704,0.2587314598439878,0.2681114670945074,0.2195758765148904,0.0,0.1683285537642252,0.1516216684421427,0.0,0.0,0.0,0.0,0.1016195621065413,0.0773072333095518,0.165278699862752,0.0623984512835927,0.0288691592783604,0.0,0.0,0.0,0.0,0.2693758247424966,0.2965419269943718,0.0,0.0,0.5243619052125004,0.1176653929047418,0.6206384862458433,0.291631208851585,0.0,0.273254327661113,0.0,0.2902792834784736,0.0,0.3428373708108919,0.0,0.0,0.0,0.3999033013341398,0.3131200847111403,0.266116051355992,0.1461667713412083,0.7881732886598508,0.0,0.0,0.271097971361618,0.3606281021945149,0.0211046821892646,0.0367104695805586,0.0,0.0
0.2085910180207527,0.0,0.0,0.0,0.0,0.0,0.2345660628009431,0.430379139898245,0.0987530038607184,0.4272311308918556,0.1292555861985219,0.2495059200878622,0.0,0.0,0.3897323284137977,0.1196431042877834,0.1601237842233354,0.0,0.0,0.0,0.3403901671050757,0.0,0.264130838544192,0.0,0.216590662227965,0.3758362567431621,0.3340443913788844,0.0938036077637748,0.0,0.0,0.443351347537434,0.1938358081352403,0.4567511739975725,0.2344867826352392,0.0,0.0,0.0,0.4048806927590171,0.4745199634558495,0.3414967365468618,0.0,0.0,0.0,0.0,0.0881220452092587,0.2264408870205793,0.0,0.0,0.0,0.0,0.0,0.0,0.0,0.0,0.2642390144407448,0.0,0.2859738939337196,0.0,0.0,0.0,0.0,0.0157842211066681,0.0263131991281632,0.0,0.0,0.0,0.0,0.0,0.6805887243282961,0.1216504513392633,0.3516114646312731,0.0,0.0787184344445881,0.0,0.0,0.0249267838522845
0.4122528132182385,0.8714509339206824,0.0,0.0,0.1671365255649848,0.5402875703599888,0.5736900370398914,0.1827676721192921,0.1646626600119889,0.7309293671948854,0.0,0.3652759807975035,0.431267122866868,0.0,0.4084542449448335,0.6734707611231732,0.6803578479008923,0.5602375894405718,0.0,0.4559162327700035,0.4888107793072576,0.5480053790676576,0.3032716494027735,0.216590662227965,0.0,0.7651229748918271,0.5159197014837441,0.3150966227491086,0.379945863986803,0.0,0.2823560499798343,0.2854131358606981,0.354871226059742,0.1187760888756593,0.0,0.0,0.0,0.0780086205853475,0.290197569145961,0.4299751337035852,0.4348804596942319,0.0,0.0,0.0,0.0,0.4901248719514596,0.7758665525151193,0.0,0.0,0.0,0.0,0.0,0.0,0.0,0.5042447677882297,0.0,0.3127922327692073,0.3894796980898207,0.0,0.3593378302072134,0.4648295454598151,0.5727355314636217,0.4733516744130264,0.0,0.6232921433759787,0.4721593593284544,0.5825554984216653,0.410762617094253,0.2416815171759831,0.7024770925565887,0.6604505700032814,0.0,0.0,0.3340350439026932,0.0,0.4246508701516317
0.3425370414205255,0.7473567432390884,0.0,0.0,0.0995447194494785,0.6270244312018295,0.5228969550531882,0.5034932569627438,0.27255233882053,0.6398627672616785,0.1297297056304458,0.6287525646149417,0.585892256620442,0.0,0.3156758269897725,0.7217396227694111,0.7195220430134757,0.6305385741496876,0.0,0.4898877620277923,0.4570894892318337,0.5832266105436453,0.534052900154189,0.3758362567431621,0.7651229748918271,0.0,0.4436968329278662,0.4796968235662371,0.1969661139255817,0.0,0.2265882784061393,0.379831489852142,0.4304595362796898,0.1833452606257275,0.0,0.0,0.0,0.0098827819359383,0.3066978626170674,0.5151295322201835,0.3025622219977325,0.0,0.0,0.0,0.1826916799851232,0.4259800578464007,0.6438767345557803,0.0,0.0,0.0,0.58756115264238,0.0,0.0,0.0,0.4800705939179285,0.0,0.5061403917833982,0.4418505140708323,0.0,0.3099068911291587,0.4217683726115854,0.60259974114249,0.4579283753259902,0.0,0.6322812960492701,0.3846945042345899,0.5544595695365846,0.5099931089689688,0.4647747207044357,0.4895059551034765,0.8412492715967478,0.4981632614242555,0.505264960054973,0.1472520122241556,0.0,0.3082304614499319
0.1289544469428168,0.4758078801485644,0.392789197147854,0.2820108916925857,0.2047348983190176,0.6326876496292418,0.5354622326554087,0.3348298341717211,0.4173566188614847,0.5330950887538614,0.3378525495521933,0.2742466514322195,0.2699083811831723,0.0,0.5789714805330461,0.4337054382769623,0.0,0.3143434291310231,0.3499493016756705,0.6483632624320972,0.3464630840932501,0.5693945897973355,0.5194736933396704,0.3340443913788844,0.5159197014837441,0.4436968329278662,0.0,0.1857770691045742,0.6746708194362231,0.4517180339252553,0.3816772496701288,0.3155078074419661,0.404273190004596,0.1846265929229792,0.0,0.0,0.0,0.1173998469080261,0.2242613806570301,0.2742887139028366,0.1074436871835199,0.0,0.020183985135812,0.0,0.0,0.0,0.4325528707855596,0.4824822466024496,0.0,0.2007163092263591,0.4612219296768147,0.2384777603045309,0.4134563266132889,0.5262886952712389,0.0,0.4500751265448608,0.0,0.1569724014685549,0.0,0.4384862504128555,0.0,0.0,0.0,0.3860128663334594,0.340358148321051,0.4206182441903793,0.2273117840505915,0.5828238087755974,0.0,0.0,0.3127202698754608,0.5686278568741867,0.084869023027136,0.1653956884889086,0.0,0.0067314579104629
0.0870427388613209,0.3739249184880268,0.4651472705326907,0.3778975440823397,0.1930483829702495,0.321040587942677,0.5481059970190169,0.2191791080135109,0.0991602570426193,0.2514971653821861,0.2376315890702421,0.3911460986659693,0.6260712727975165,0.0,0.3058637482153535,0.4956337057590753,0.33620407443062,0.5369231613400514,0.4750988375639142,0.5127636901669443,0.1600001980735233,0.5682182677306933,0.2587314598439878,0.0938036077637748,0.3150966227491086,0.4796968235662371,0.1857770691045742,0.0,0.3151868641864504,0.4417588678752184,0.3464283387924607,0.3082719378799756,0.2332008572415665,0.1045815214445119,0.0,0.0,0.1202653045696248,0.0,0.082701004234713,0.0373400805759911,0.2423945882940615,0.0,0.0,0.0,0.024796839885151,0.0,0.0,0.1528984893885541,0.0,0.0,0.1956858223214369,0.0,0.2157823888996225,0.0856418815900239,0.3288025706765446,0.0,0.2991158820319174,0.474288338200227,0.0,0.2405805234507592,0.0,0.0,0.0,0.0,0.395872695823515,0.192857590645304,0.4387811410172075,0.1794234788005458,0.0,0.0605123043380747,0.3318950559582582,0.1020037403674116,0.3491919435706621,0.1145225025722779,0.0,0.2879083158974956
0.1524892972531064,0.3388256783322959,0.0,0.3177124321803637,0.3156428921330077,0.4031318152462869,0.5622458038244701,0.0620036715065632,0.0,0.2877565954115291,0.0,0.0,0.224477375965888,0.0,0.6719304133170327,0.3254645321842235,0.100100662359429,0.2183373390597501,0.0,0.7612350199167358,0.3931258704700348,0.6697350001716483,0.2681114670945074,0.0,0.379945863986803,0.1969661139255817,0.6746708194362231,0.3151868641864504,0.0,0.6253365309425472,0.5363653228365602,0.2591737653557615,0.3293177960667073,0.1294249533512854,0.0,0.0,0.0,0.0,0.1234553175372982,0.0905133607265426,0.0616599477867431,0.0,0.0,0.0,0.0,0.0,0.2181442725749439,0.2152199896044273,0.0,0.0,0.2143183546902278,0.1591363543174784,0.24357238795129,0.1442518624129188,0.0,0.0,0.0,0.1086978140315476,0.0,0.5171168552818074,0.0,0.0,0.0,0.0,0.314275361485924,0.511939073282141,0.3094780586848924,0.2979381780316392,0.0,0.0,0.134115770596652,0.2174843895715737,0.0,0.4217004333214165,0.0268188374739105,0.1343002191603993
0.0,0.0,0.0,0.0,0.0,0.3131163025631957,0.0,0.2742676927414916,0.1134609000301141,0.0,0.0,0.0,0.2169011958941682,0.0,0.0,0.1867544312109058,0.0,0.0775508564842721,0.0,0.689336133312109,0.0,0.6334631524574444,0.2195758765148904,0.0,0.0,0.0,0.4517180339252553,0.4417588678752184,0.6253365309425472,0.0,0.6770571817402365,0.25992321525812,0.0,0.1438123321556897,0.0,0.0,0.0,0.0,0.0,0.0,0.0,0.0,0.0,0.0,0.0,0.0,0.0,0.0,0.0,0.0,0.0,0.0,0.0,0.0,0.0,0.0,0.0,0.0,0.0,0.0,0.0,0.0,0.0,0.0,0.282118556934904,0.0,0.0,0.3164222476983804,0.0,0.0,0.0,0.1295915156010768,0.0,0.1334991085594038,0.0,0.0
0.3213321519679487,0.2193896136034047,0.0103932384394472,0.3214063832940016,0.2170735983654432,0.0509351821132252,0.5002476822404304,0.112785377903702,0.0047175193063357,0.3891983840199158,0.153224261740117,0.0976751620678794,0.0815269701523176,0.0,0.495260025542407,0.2823711241827545,0.1297457915051144,0.1240549568418985,0.2197945287865465,0.6017459479027412,0.3772889630496442,0.6062119731486652,0.0,0.443351347537434,0.2823560499798343,0.2265882784061393,0.3816772496701288,0.3464283387924607,0.5363653228365602,0.6770571817402365,0.0,0.3946494803147216,0.5405712816752658,0.3480436734427943,0.044097572550301,0.0,0.0,0.3180169320707867,0.4654891052217984,0.2846398097763469,0.0652345362872306,0.0,0.1750860723326651,0.0,0.0,0.0,0.1400156680127739,0.0,0.0,0.0,0.014504090921534,0.0,0.2150962082830932,0.0,0.3061614087798326,0.0,0.0483253339545714,0.0,0.0,0.3024445778637265,0.2010684907633553,0.0797047814808308,0.2214692164622001,0.0,0.1634637749380917,0.5461321209149795,0.2994421105200803,0.1148958558419793,0.3892047814011456,0.2068086134050101,0.2796903178489516,0.0433658797252364,0.1597132108900605,0.1547105565025673,0.0,0.2983126473789266
0.2360384684335947,0.2795684618357731,0.1584632454426659,0.248560919005595,0.1389110705962293,0.1387973679731242,0.3724566099217128,0.1681962044985225,0.1724231120361507,0.2448622590911711,0.1115587237680147,0.194255905294258,0.3022879554343269,0.0,0.2191553010775294,0.3946755272209354,0.3794462249815621,0.3207660134000751,0.2799615274796162,0.31705009930669,0.2536979847689125,0.3528912946026891,0.1683285537642252,0.1938358081352403,0.2854131358606981,0.379831489852142,0.3155078074419661,0.3082719378799756,0.2591737653557615,0.25992321525812,0.3946494803147216,0.0,0.3730961640531005,0.1134529421855906,0.0,0.0,0.072675290510554,0.0,0.4158516184257928,0.2321070948724347,0.2122442333247827,0.0,0.1199214471508065,0.0991195264705365,0.0,0.21883082532078,0.1966138619828262,0.2010859044434673,0.0,0.2393683605026541,0.2035615567273872,0.3007359195792233,0.188726609154008,0.2236542071116835,0.2368502215794562,0.0861531812071161,0.1055649240993167,0.2263369055825433,0.0,0.2155006970592711,0.2680777490324954,0.2340698903503037,0.2743985882763232,0.1698780678940047,0.3553089512329582,0.3262350156463399,0.3495398243147788,0.2096709430919733,0.1938469367069996,0.109393873032919,0.3090455707568052,0.3190637686653927,0.2582353753609496,0.2006352969587027,0.0,0.189857489212599
0.2956173425249345,0.313905463202743,0.0940317976742925,0.0,0.2823066254934533,0.1588765828888812,0.4799856673615156,0.2983957741120546,0.3510806832247934,0.4644710492058686,0.36566149631208,0.2363673306302189,0.3192626101402621,0.0,0.2365694231076283,0.3923024256172493,0.2869681858147158,0.1645337432214475,0.0,0.426212509028605,0.3911727995683672,0.4879353590828662,0.1516216684421427,0.4567511739975725,0.354871226059742,0.4304595362796898,0.404273190004596,0.2332008572415665,0.3293177960667073,0.0,0.5405712816752658,0.3730961640531005,0.0,0.3685524658372511,0.0,0.0,0.0095523602136186,0.4067972918963517,0.5023549673002768,0.6465500724715341,0.1959853037050669,0.0,0.0,0.0,0.1130037138450892,0.5294075008443445,0.3393797402185177,0.0,0.0,0.0,0.0,0.0,0.0,0.0,0.4048201542267863,0.0,0.1789276294530435,0.0,0.0,0.1593086478350001,0.2639345498286764,0.3502210466865046,0.2719063601451402,0.0,0.3679346135124145,0.4558060311598748,0.3704952361737114,0.2016310364410014,0.4867504664838729,0.3281292519152184,0.4995709581870753,0.2568208188385218,0.3969470900092623,0.0,0.0,0.2863412835837468
0.202194862309223,0.0898593009238676,0.0,0.1734106495485317,0.2144605550072575,0.1018737691066282,0.2011131162870046,0.1943718669865779,0.1904568179215931,0.1600843291385014,0.2315018727127262,0.101510280381251,0.1125533789721238,0.1556322960231963,0.095575727427483,0.157875494422509,0.0,0.0039930567073757,0.0575715895580769,0.3079283827709896,0.191470648042374,0.3412371148723769,0.0,0.2344867826352392,0.1187760888756593,0.1833452606257275,0.1846265929229792,0.1045815214445119,0.1294249533512854,0.1438123321556897,0.3480436734427943,0.1134529421855906,0.3685524658372511,0.0,0.0590389527936683,0.0,0.0663842243845465,0.21998525872272,0.1735399309537042,0.382220272153883,0.1233544158685857,0.0,0.1695301781024209,0.1131484229809436,0.0,0.2527930194229615,0.0926796699002509,0.0205911936841957,0.0,0.0,0.0,0.0777022639216763,0.1299132013042444,0.2241276760452617,0.1407203865268191,0.0,0.0586585223689564,0.0,0.0,0.0,0.0083777763631215,0.0720290308857161,0.0923792657908159,0.0,0.128562420588519,0.2113009085713829,0.1535285538090741,0.0,0.2202255516785012,0.1762391876615352,0.1857778833367116,0.0118146759525678,0.139543532198285,0.0186352853588521,0.0,0.0670081425067548
0.1349469300770883,0.0,0.0,0.0,0.0,0.0,0.0,0.0,0.0,0.0,0.0,0.0,0.0,0.0,0.0,0.0,0.0,0.0,0.0,0.0,0.0,0.0,0.0,0.0,0.0,0.0,0.0,0.0,0.0,0.0,0.044097572550301,0.0,0.0,0.0590389527936683,0.0,0.2175558612872495,0.0,0.0,0.0664291394743601,0.014370595649535,0.0121235775331494,0.1069282516323789,0.0967684019337528,0.3340530360944583,0.012906170092849,0.0,0.0,0.0,0.0,0.0,0.0,0.0,0.0,0.0,0.0,0.0,0.0,0.0,0.0,0.0,0.0,0.0,0.0,0.0,0.0,0.0,0.0,0.0,0.0,0.0763571497997369,0.0,0.0,0.0,0.0,0.0,0.0
0.0,0.0,0.0,0.0,0.0037530521681541,0.0,0.0,0.0,0.0,0.0,0.0,0.0,0.0,0.533174453157644,0.0,0.0,0.0,0.0,0.0,0.0,0.0,0.0,0.0,0.0,0.0,0.0,0.0,0.0,0.0,0.0,0.0,0.0,0.0,0.0,0.2175558612872495,0.0,0.2318670712840352,0.0,0.0,0.0,0.0,0.0,0.1193941603638305,0.1690299497167861,0.0,0.0,0.0,0.0,0.0,0.0,0.0,0.0,0.0,0.0,0.0,0.0,0.0,0.0,0.0,0.0,0.0,0.0,0.0,0.0,0.0,0.0,0.0,0.0,0.0,0.0,0.0,0.0,0.0,0.0,0.0,0.0
0.0,0.0,0.0,0.1859279789539801,0.1224962672731743,0.0,0.0138286605632814,0.0,0.0971497660848989,0.0,0.0214781944173888,0.0,0.1311743766155936,0.0744409804257776,0.0,0.0,0.0,0.0,0.0,0.0,0.0,0.0,0.0,0.0,0.0,0.0,0.0,0.1202653045696248,0.0,0.0,0.0,0.072675290510554,0.0095523602136186,0.0663842243845465,0.0,0.2318670712840352,0.0,0.0,0.0264772082796054,0.0,0.05743289303457,0.0,0.0385829074019635,0.0,0.0,0.0,0.0,0.0,0.0,0.0,0.0,0.0,0.0,0.0,0.0,0.0,0.0,0.0,0.0,0.0,0.0,0.0,0.0,0.0,0.0,0.0,0.0,0.0,0.0,0.0,0.0,0.0,0.0,0.0,0.0,0.0
0.0050675573664761,0.0,0.0,0.0,0.0319684391128908,0.0125798257541033,0.0879162419860662,0.0,0.0,0.2267254763933812,0.0290501093375188,0.0,0.0,0.0,0.0,0.0,0.0,0.0,0.093409472043797,0.0,0.0,0.0,0.1016195621065413,0.4048806927590171,0.0780086205853475,0.0098827819359383,0.1173998469080261,0.0,0.0,0.0,0.3180169320707867,0.0,0.4067972918963517,0.21998525872272,0.0,0.0,0.0,0.0,0.1578290082816089,0.30517639832848,0.0,0.0675395812948478,0.0,0.0,0.0290129557371209,0.0,0.0,0.0,0.0,0.0,0.0,0.0,0.0,0.0,0.1337637390538902,0.0,0.0616520691021895,0.0,0.0,0.0,0.0,0.0,0.0,0.0,0.0,0.0,0.0,0.0,0.3304342068044967,0.0917883720494187,0.0763025004982947,0.0,0.0,0.0,0.0,0.0
0.3718696713842263,0.2637417938941486,0.0,0.0,0.0,0.0800809184090277,0.244745873663223,0.1912545074689584,0.1035612963438646,0.4627393846541335,0.0518281012122892,0.097734043655666,0.0184679273851075,0.0,0.2886414009666471,0.2615921510997698,0.0,0.1017932501492558,0.0290091537376043,0.2078061008976353,0.3356883204217744,0.315469809890067,0.0773072333095518,0.4745199634558495,0.290197569145961,0.3066978626170674,0.2242613806570301,0.082701004234713,0.1234553175372982,0.0,0.4654891052217984,0.4158516184257928,0.5023549673002768,0.1735399309537042,0.0664291394743601,0.0,0.0264772082796054,0.1578290082816089,0.0,0.2713692008028335,0.0,0.0,0.2828593740620755,0.0899543325533679,0.0,0.375361532466343,0.200401460125504,0.1411091487033664,0.2026117557173136,0.1385428069889123,0.1485570300939618,0.0982698368562028,0.1945150356207378,0.1770906115948782,0.2599543006826462,0.0981705178358555,0.0908930140901779,0.0,0.0246067828499243,0.1877411488632545,0.1421237485485165,0.2531465784356662,0.2480322739380746,0.0,0.1737704711728379,0.3826444488883812,0.1751300439568476,0.1939416143356792,0.4798959544669405,0.3192656696978458,0.3957392967340686,0.1647904746969933,0.2468018342861526,0.0307454572523628,0.0,0.1945345475199665
0.4025040180580865,0.370923450585851,0.0,0.0,0.0,0.0,0.0,0.0,0.0,0.4368955510991033,0.0,0.2075041559368566,0.30789428105999,0.0,0.1613215390818414,0.374970635510313,0.3164958862142438,0.176916689056185,0.0,0.3010804818681389,0.4502956007011312,0.2954685408594235,0.165278699862752,0.3414967365468618,0.4299751337035852,0.5151295322201835,0.2742887139028366,0.0373400805759911,0.0905133607265426,0.0,0.2846398097763469,0.2321070948724347,0.6465500724715341,0.382220272153883,0.014370595649535,0.0,0.0,0.30517639832848,0.2713692008028335,0.0,0.1940885257068968,0.0,0.2427499765917229,0.0387037986216051,0.1908180590789547,0.5599569659370034,0.4881035121738227,0.2738251616828156,0.0,0.2901973529785907,0.4157000852360751,0.2685257793913301,0.4181561769099098,0.3356626604984656,0.3244595320829349,0.2975486460264118,0.0900276988319359,0.2427746190998973,0.0,0.1028145816207182,0.2957020690740507,0.4603515890689379,0.3898587539123643,0.1386867853248214,0.4535750539817592,0.431142550117571,0.4074907948648172,0.2176968436267009,0.4399616535254905,0.5634207166405437,0.6327132602556602,0.3343537772367356,0.4519781812963893,0.2601177465955291,0.2755253344928537,0.2414451897366496
0.32833901552694,0.2856642162107372,0.3436042186776918,0.0,0.0,0.1262213904174793,0.1737375607388029,0.0,0.1668606354031303,0.2299947089174761,0.0,0.0888076975807572,0.2924100167804603,0.0,0.1001904434902452,0.4567336920525824,0.0,0.4483239889708029,0.0,0.0729924996961015,0.1513065683854969,0.2106700417511044,0.0623984512835927,0.0,0.4348804596942319,0.3025622219977325,0.1074436871835199,0.2423945882940615,0.0616599477867431,0.0,0.0652345362872306,0.2122442333247827,0.1959853037050669,0.1233544158685857,0.0121235775331494,0.0,0.05743289303457,0.0,0.0,0.1940885257068968,0.0,0.0,0.0,0.1293466196040896,0.0926394268544682,0.3852644962031307,0.3149467732797574,0.3052005834388398,0.1845789971850941,0.2494372060169312,0.3942608061847324,0.4419658169453234,0.062861167559782,0.2059599342483081,0.2575227028645968,0.1209826881452366,0.1182584118928345,0.3599768271629691,0.0,0.1546803042452088,0.4695403516653358,0.3234794445458634,0.3198785840783775,0.0489613219455392,0.4669686869937747,0.1943079264115075,0.5107316946838559,0.12344457454624,0.0,0.3250466487905286,0.2651513773975539,0.366629087304033,0.3560438991386809,0.4262120838765051,0.3143044321332297,0.3829519961646192
0.0,0.0,0.0,0.0,0.0,0.0,0.0,0.0,0.0,0.0,0.0,0.0,0.0,0.0,0.0,0.0,0.0,0.0,0.0,0.0,0.0,0.0,0.0288691592783604,0.0,0.0,0.0,0.0,0.0,0.0,0.0,0.0,0.0,0.0,0.0,0.1069282516323789,0.0,0.0,0.0675395812948478,0.0,0.0,0.0,0.0,0.0,0.0223883509013371,0.2403768989239632,0.0,0.0,0.0,0.0,0.0,0.0,0.0,0.0,0.0,0.0,0.0,0.0,0.0,0.0,0.0,0.0,0.0,0.0,0.0,0.0,0.0,0.0,0.0274419686597683,0.0,0.0,0.0,0.0,0.0,0.0,0.0,0.0916263368734627
0.0,0.0,0.0,0.0,0.0647547925893738,0.0,0.0,0.0,0.0,0.0,0.0,0.0,0.0,0.2912693556847008,0.1931677709230034,0.0,0.0,0.0,0.0,0.0406971130276981,0.0,0.0663023376693033,0.0,0.0,0.0,0.0,0.020183985135812,0.0,0.0,0.0,0.1750860723326651,0.1199214471508065,0.0,0.1695301781024209,0.0967684019337528,0.1193941603638305,0.0385829074019635,0.0,0.2828593740620755,0.2427499765917229,0.0,0.0,0.0,0.2543556440055048,0.0,0.0,0.0,0.0299615221451951,0.3408796856103093,0.3043440140729962,0.0,0.0,0.0,0.0345076174906422,0.0106498862856961,0.0151392486343815,0.0,0.0,0.5690025182605618,0.0561363259060644,0.0,0.1138051623446362,0.0,0.0,0.0974719020971857,0.2169836759174385,0.2038595595457945,0.0,0.3055587401220655,0.3010992001165442,0.2380866240682597,0.0,0.4089406204291956,0.1036807896124355,0.0,0.15629637985855
0.0,0.0,0.0,0.0,0.0,0.0,0.0,0.0,0.0,0.0,0.0,0.0,0.0,0.0,0.0,0.0,0.0,0.0,0.0,0.0,0.0,0.0,0.0,0.0,0.0,0.0,0.0,0.0,0.0,0.0,0.0,0.0991195264705365,0.0,0.1131484229809436,0.3340530360944583,0.1690299497167861,0.0,0.0,0.0899543325533679,0.0387037986216051,0.1293466196040896,0.0223883509013371,0.2543556440055048,0.0,0.0264688788485468,0.0,0.0,0.0,0.0750545455475201,0.2034024114815771,0.0,0.1283547622419603,0.0,0.0,0.0,0.0694767065474288,0.0,0.0,0.2074871446705572,0.0,0.0,0.0,0.0,0.0,0.0,0.0,0.0,0.0,0.0,0.0,0.0,0.0,0.2715224119339121,0.0933975517983859,0.0,0.2854958345060805
0.0,0.0,0.0,0.0,0.0,0.0,0.0,0.0,0.0,0.1550103162549468,0.0,0.2877728853811822,0.0729592797732661,0.0,0.0,0.0,0.0,0.0,0.0,0.0,0.0,0.0,0.0,0.0881220452092587,0.0,0.1826916799851232,0.0,0.024796839885151,0.0,0.0,0.0,0.0,0.1130037138450892,0.0,0.012906170092849,0.0,0.0,0.0290129557371209,0.0,0.1908180590789547,0.0926394268544682,0.2403768989239632,0.0,0.0264688788485468,0.0,0.0,0.0,0.0,0.0,0.0,0.140258572648597,0.0618498866340782,0.0,0.0,0.2201380243561278,0.0577592960440528,0.2355006250103711,0.1845721261332534,0.0,0.0,0.0,0.1028079345508347,0.077631738177739,0.1209743453164129,0.0,0.0,0.0,0.1918440971637753,0.0299608090008186,0.0244933440722289,0.0972888849375671,0.0719825922906584,0.0,0.0,0.0,0.0393392633846365
