0.0,0.0020683623898142,0.0,0.0,0.0,-0.0076104999072882,0.0,0.1119370227385129,0.0,0.2341234216281412,0.0,0.0802809455016488,0.0,0.0,0.3180876848106562,0.1749973447377418,0.1980386389984719,0.196529292348987,0.0,0.2619663980645449,0.402971142966916,0.2047401228839566,0.1123962528029854,0.3607847959572839,0.2595487181747868,0.1884794573180414,0.1515486846570116,0.0468630242060713,0.2007909308818353,0.0,0.2717731075815383,0.3024222579831949,0.2867551311155623,0.1070870192544723,0.1111705376285899,0.0,0.0,0.0,0.3108874038901858,0.3068340112553279,0.226755835384188,0.0,0.0,0.0,0.0,0.5030823069660463,0.081633783217408,0.0,0.0,0.0,0.0,0.0,0.0,0.0,0.2262046369121226,0.0,0.0,0.0,0.0,0.0,0.333728911578854,0.0,0.3306826306174897,0.0,0.0,0.4057252874036697,0.3818363600454752,0.0,0.2661742745988002,0.1793869000896464,0.2333833883620395,0.0,0.0,0.0,0.0,0.0
0.0020683623898142,0.0,0.0,0.0,0.155583290807876,0.4025055844326135,0.2562336811944465,0.1887433644504928,0.1485186191336649,0.0,0.0,0.0,0.3453968205325502,0.0,0.0648242077395658,0.3224825638703232,0.0,0.334932071090272,0.0,0.0821413350624618,0.0301976932502592,0.0670458461518189,0.2118510131981709,0.0,0.3799320473746293,0.4341625019302786,0.3665067895108077,0.0328595339010649,0.1890921813608899,0.0,0.0118937862546728,0.0816978993584325,0.1998797645843056,0.0738843288661945,0.0,0.0,0.0,0.0,0.0908397625171406,0.0357384115334574,0.0391043638736363,0.0909160069353999,0.0,0.0,0.0,-0.001862377543972,0.3417818898886766,0.0,0.0,0.0,0.0,0.0,0.0,0.0,0.0,0.0,0.0,0.0,0.0,0.0,0.1222953522134394,0.0,0.1843926298465339,0.0,0.1060382792188289,0.0,0.0914799160377406,0.0,0.0,0.2345289457099422,0.0540104981677959,0.2383506462795087,0.0,0.0649778475934873,0.0,0.016121282939799
0.0,0.0,0.0,0.0,0.3491187443612668,0.2627899112509598,0.182497353092745,0.3777687582524287,0.5344280625486305,0.2156941771905968,0.627349631184995,0.0,0.2926871150824094,0.2839426364557232,0.0,0.0,0.0,0.0,0.5913534753490594,0.0,0.0,0.0,0.4058389378829722,0.0,0.0,0.0,0.3663578930381474,0.303462612595291,0.0,0.3747394835986335,0.2515636185778445,0.2478188177103744,0.0,0.1420145987923179,0.0446036040807055,0.1252661701787623,0.111944472011315,0.0,0.2780601778548703,0.0,0.0,0.0,0.1103796039550754,0.0,0.0,0.0,0.0,0.522820973689837,0.0,0.425383019624302,0.2057687757637573,0.0,0.2968371637414962,0.5200518469127536,0.0,0.5886460434120941,0.0,0.0,0.2940710872461864,0.0,0.0,0.0,0.0,0.5900650625229791,0.0,0.0,0.0,0.2444928444227102,0.0,0.0,0.0,0.3376989768016017,0.0,0.0,0.0,0.0
0.0,0.0,0.0,0.0,0.0,0.1304004876798497,0.2641552665608318,0.1095970171712525,0.0182291612670755,0.1293366391862984,0.0,0.0,0.1756531538800678,0.2140799994864669,0.0,0.0,0.0,0.0,0.0338281071038195,0.0,0.0,0.0,0.0083844117488378,0.0,0.0,0.0,0.0,0.2517888845962294,0.0,0.0,0.0,0.1322936245607046,0.0,0.0510868751480648,0.0591244456819156,0.1130410980617108,0.2796375383104457,0.0,0.0,0.0,0.0,0.0,0.0,0.0,0.0,0.0,0.0,0.0,0.0,0.0,0.0,0.0,0.0,0.0,0.0,0.0,0.0,0.0,0.0,0.0,0.0,0.0,0.0,0.0,0.0,0.0,0.0,0.0,0.0,0.0,0.0,0.0,0.0,0.0,0.0,0.0
0.0,0.155583290807876,0.3491187443612668,0.0,0.0,0.2967700063456007,0.2157146980135764,0.3563959622694012,0.3881993390797024,0.0870323851735014,0.376521205886777,0.0916451836707624,0.3339777090233773,0.3252000595785099,0.0,0.0,0.0,0.0,0.2865146871804946,0.293506825468753,0.0,0.18489196289583,0.2938206709411819,0.0,0.0,0.0,0.3028685610998183,0.2445644401418303,0.0,0.0,0.2736148035549587,0.0396302556773771,0.0480533217121554,0.3054319201189069,0.2235146728375173,0.2364373064610286,0.0,0.0,0.0,0.0,0.0,0.0,0.3249043190462894,0.0,0.0,0.0,0.0,0.2606647678317903,0.0,0.0,0.0,0.0,0.3332085889262672,0.3380992963637599,0.0,0.351639310219724,0.0,0.0,0.0,0.0,0.0,0.0,0.0,0.0,0.0,0.0,0.0,0.2079103256675996,0.0,0.0,0.0,0.3239942660978807,0.0,0.0,0.0,0.0
-0.0076104999072882,0.4025055844326135,0.2627899112509598,0.1304004876798497,0.2967700063456007,0.0,0.4567910323758627,0.478041157763836,0.3075147645181481,0.3550210374395132,0.2369579703822683,0.0,0.5373766639059255,0.3616644818543943,0.1946855173201656,0.2366685183720982,0.0,0.3199509954024842,0.2039307072526217,0.2318254927149836,0.2920937331748757,0.0283485064722521,0.4539622328922056,0.0,0.3159956819727343,0.3988253749498599,0.3740839870344111,0.2779326678444904,0.2702670303182967,0.2972960640314949,0.2029601657578366,0.1129458959913619,0.1373214984681936,0.243973909017154,0.0901048339408013,0.2196094800205728,0.0908720494762634,0.0,0.1108196569087223,0.0,0.0,0.0,0.0305941918665244,0.0,0.0,0.0,0.0,0.2242171445603694,0.0,0.0,0.4072988916071235,0.3241766207402473,0.3625909336743008,0.3146305130166894,0.0,0.2836610082059769,0.0,0.3265535209590279,0.0,0.0140460511018189,0.0,0.0,0.0,0.1949162545363651,0.1397499015556088,0.1466782148290696,0.0752981595360315,0.313400960277739,0.0,0.0,0.0,0.2813913609644627,0.1802065210334015,0.0818449519895537,0.0,0.0
0.0,0.2562336811944465,0.182497353092745,0.2641552665608318,0.2157146980135764,0.4567910323758627,0.0,0.3432848179089046,0.294765074712056,0.4454064501501751,0.1775961706276342,0.1597393394286499,0.5008216943826234,0.2618858316195867,0.0,0.3836933905765087,0.3686841737529427,0.3834826924494701,0.1586560666278446,0.302819939949812,0.0,0.111884248204528,0.2240339084328723,0.1623430091462451,0.2876912321439777,0.2785763311152995,0.3963758197081251,0.3456549375222696,0.4486424430168038,0.0,0.3561555808193825,0.1189090029766473,0.2134286419182476,0.2779951649877423,0.1558847997671746,0.2258829635684578,0.1593424660577285,0.0,0.0,0.0,0.0,0.0,0.0,0.0,0.0,0.0,0.0,0.0,0.0,0.0,0.2615351979176404,0.0,0.0,0.0,0.0,0.0,0.0,0.0,0.0,0.0,0.0,0.0,0.0,0.0,0.0,0.0,0.0,0.2259566419884537,0.0,0.0,0.0,0.2918541754335955,0.0,0.0,0.0,0.0
0.1119370227385129,0.1887433644504928,0.3777687582524287,0.1095970171712525,0.3563959622694012,0.478041157763836,0.3432848179089046,0.0,0.3111113181005647,0.3194936907350229,0.3625120899606452,0.0,0.426903372915232,0.3887317377048922,0.2993578238146638,0.150146074965985,0.0,0.1584938501481917,0.3201928451001565,0.3544653084957032,0.3926121528390852,0.138987176912599,0.5358770667334035,0.2804289680320322,0.1258312588220615,0.349152694500714,0.2990098924392989,0.352555490820893,0.1002906360327939,0.4110678075834693,0.3271000419170305,0.1663942548924178,0.0588031277460905,0.2933054941071046,0.1589069700879354,0.2592869373057738,0.1145632267956471,0.0,0.1289541552627702,0.0,0.0,0.0,0.1688919528499652,0.0,0.0,0.0,0.0,0.3084321014232291,0.0,0.3625901419561523,0.3216772471242961,0.2674966315887758,0.5229443028843862,0.3319314276590987,0.0,0.3664411952674964,0.0,0.3837887651606473,0.3465592913046887,0.1038876943804314,0.0,0.0,0.0,0.3004964193723576,0.2805759026034141,0.288968887782475,0.0,0.415511137563734,0.0,0.0,0.0,0.2293284101910241,0.3188912360863066,0.0,0.0,0.0
0.0,0.1485186191336649,0.5344280625486305,0.0182291612670755,0.3881993390797024,0.3075147645181481,0.294765074712056,0.3111113181005647,0.0,0.2524915294557801,0.4949759601624666,0.3042287596350338,0.3390061481177707,0.2403042387683971,0.0,0.1984845572565044,0.0,0.0,0.482704064630075,0.3823407998557208,0.0,0.1900467438076912,0.3104685923549778,0.0,0.0,0.0,0.4287670153394678,0.2933445406895163,0.0548861337030484,0.2898179649246784,0.2508675339921755,0.2360106165194908,0.0483900301101745,0.1320386954875009,0.1044777394677203,0.1527044698197337,0.1147059263745112,0.0,0.2634961130290977,0.0,0.0,0.0,0.0329803159722229,0.0,0.0,0.0,0.0,0.4533529534914875,0.0,0.0,0.2638203174508748,0.0,0.2705490523431497,0.6278545947735554,0.0,0.5269198323715093,0.0,0.0,0.2696066066896472,0.0,0.0,0.0,0.0,0.4731118933250475,0.0,0.0,0.0,0.2564230817992659,0.0,0.0,0.0,0.4411501611117805,0.0,0.0,0.0,0.0
0.2341234216281412,0.0,0.2156941771905968,0.1293366391862984,0.0870323851735014,0.3550210374395132,0.4454064501501751,0.3194936907350229,0.2524915294557801,0.0,0.1510033694820804,0.312936023868242,0.3824891059258347,0.1575874031045031,0.0,0.4396048848756744,0.4999898976641692,0.4734814094996086,0.1699626914567536,0.0,0.0,0.0756046186091142,0.2440528224783325,0.3135344505610573,0.4289632845840496,0.3372294163361526,0.3347427747838285,0.3194427064902632,0.0,0.0,0.3374649936613244,0.1331925089825899,0.2480477714798129,0.2526515237960544,0.126621013200925,0.213592601641557,0.19410815152585,0.0,0.0897536508941726,0.1667966656268566,0.0,0.0,0.0,0.0,0.073897147532368,0.0,0.0,0.0,0.0,0.0,0.0,0.0,0.0,0.0,0.3232130434073885,0.0,0.194982359258654,0.0,0.0,0.0,0.0,0.2457999926584172,0.3310030364288615,0.0,0.0,0.0,0.0,0.0,0.177939864293096,0.274200455332204,0.2792528591223465,0.0,0.1364913754538061,0.0,0.0,0.0
0.0,0.0,0.627349631184995,0.0,0.376521205886777,0.2369579703822683,0.1775961706276342,0.3625120899606452,0.4949759601624666,0.1510033694820804,0.0,0.356758173159603,0.2988432785728047,0.3083909145884587,0.0,0.0,0.0,0.0,0.6046094640458599,0.0,0.0,0.0,0.3773006076838964,0.0,0.0,0.0,0.3296819280484127,0.3207246393946613,0.0,0.0,0.2429281772453083,0.297162005594955,0.0032656125742202,0.0687052355692527,0.0174756112997598,0.1121478862443495,0.1007525051430375,0.0,0.2948018725315326,0.0,0.0,0.0,0.1604282489986269,0.0,0.0,0.0,0.0,0.5042629321462091,0.0,0.3904124479729005,0.1550132384283684,0.1660922967728464,0.2852480502521146,0.4641450842671946,0.0,0.6140514534439535,0.0,0.4065341428744947,0.3074009820743285,0.0,0.0,0.0,0.0,0.5968331670969111,0.0,0.0,0.0,0.2104737154011112,0.0,0.0,0.0,0.2793081698821042,0.0,0.0,0.0,0.0
0.0802809455016488,0.0,0.0,0.0,0.0916451836707624,0.0,0.1597393394286499,0.0,0.3042287596350338,0.312936023868242,0.356758173159603,0.0,0.3054154665437157,0.0,0.0,0.0,0.3226811254693857,0.1987257862939836,0.0,0.0,0.0,0.0,0.0,0.3998776132800179,0.1557597961215714,0.3941269018957078,0.0,0.2761389773910873,0.0,0.0,0.0946342332944446,0.2687342747825933,-0.0028605785241069,-0.00048217297913,0.0,0.0695716823756587,0.1925591516631211,0.0,0.2278677757917969,0.0,0.0,0.0,0.0,0.0,0.0,0.0,0.0,0.0,0.0,0.0,0.0,0.0,0.0,0.0,0.1695377243185588,0.0,0.3765241777013127,0.0,0.0,0.0,0.0,0.1870506035126257,0.1286203902222975,0.0,0.0,0.0,0.0,0.0,0.2457528716152089,0.0244506168719066,0.3048455276839815,0.0,0.0,0.0,0.0,0.0444480718014699
0.0,0.3453968205325502,0.2926871150824094,0.1756531538800678,0.3339777090233773,0.5373766639059255,0.5008216943826234,0.426903372915232,0.3390061481177707,0.3824891059258347,0.2988432785728047,0.3054154665437157,0.0,0.3108881869078618,0.2003356182703835,0.3579714440841616,0.3877203457581297,0.3634044975586262,0.288270155997766,0.3372093692463508,0.2479965815677103,0.1859538935208987,0.3094967404767668,0.1453127369408343,0.2233425001645082,0.4356101477571371,0.3376959817264284,0.4578865497582551,0.257763227488015,0.3984624520501346,0.3076029303989963,0.1200086878068323,0.1330210121922299,0.3054848050263165,0.1255467499171917,0.324050219252227,0.1689826916604982,0.0,0.121712700474943,0.0,0.0,0.0,0.0673579371496639,0.0,0.0,0.0,0.0,0.3212990619836187,0.0,0.0,0.2829806219992027,0.0,0.3063574948352096,0.0,0.0,0.0,0.0,0.0,0.0,0.0,0.0,0.0,0.0,0.0,0.0,0.0,0.0,0.1931690664791084,0.0,0.0,0.0,0.2875233691578552,0.0,0.0696390344446253,0.0,0.0
0.0,0.0,0.2839426364557232,0.2140799994864669,0.3252000595785099,0.3616644818543943,0.2618858316195867,0.3887317377048922,0.2403042387683971,0.1575874031045031,0.3083909145884587,0.0,0.3108881869078618,0.0,0.0,0.0,0.0,0.0,0.2832369156430382,0.0,0.2335689503027316,0.0,0.3518570992478779,0.0,0.0,0.0,0.2296739514769852,0.2734940398953935,0.0,0.0,0.2332905095953953,0.1866602978831101,0.0,0.1479051461657977,0.0,0.244563377594945,0.1612067113651693,0.0,0.0,0.0,0.0,0.0,0.1941837076703936,0.0,0.0,0.0,0.0,0.2336817920843361,0.0,0.0,0.0,0.0,0.0,0.2456624137329092,0.0,0.2651349605503748,0.0,0.0,0.0,0.0,0.0,0.0,0.0,0.0,0.0,0.0,0.0,0.2742954654874617,0.0,0.0,0.0,0.0,0.0,0.0,0.0,0.0
0.3180876848106562,0.0648242077395658,0.0,0.0,0.0,0.1946855173201656,0.0,0.2993578238146638,0.0,0.0,0.0,0.0,0.2003356182703835,0.0,0.0,0.0634465669345594,0.0,0.1069910761425469,0.0,0.4284240644001181,0.3116546746949824,0.323959923794927,0.3869384586564139,0.1791864293713828,0.1193412841023509,0.3032742927351475,0.2806957666951194,0.2159974752604533,0.0751794974380421,0.0,0.2545952058528805,0.2296621138112541,0.0521476103937284,0.1558324028462517,0.1104044013496938,0.1071251785302202,0.0,0.0,0.2835649702571157,0.045158706083017,0.0682913883883295,0.1272347790812245,0.0,0.0,0.0,0.0,0.1693337555867281,0.0,0.0,0.0,0.2557939452816729,0.0,0.3065234662322905,0.0,0.0,0.0,0.0,0.0,0.0,0.3588525042819769,0.2407311232670518,0.0,0.0,0.0,0.450435381784804,0.3766442326182063,0.4500010607755982,0.3174035286254527,0.0,0.0,0.3113268704387362,0.3257594363046427,0.3481387946131686,0.1807877701009138,0.0,0.2073246916471832
0.1749973447377418,0.3224825638703232,0.0,0.0,0.0,0.2366685183720982,0.3836933905765087,0.150146074965985,0.1984845572565044,0.4396048848756744,0.0,0.0,0.3579714440841616,0.0,0.0634465669345594,0.0,0.4912237873447336,0.5146282174589443,0.0,0.2457257980659357,0.1792264380518143,0.2355246124933017,0.0358798282291669,0.1267182614445078,0.3024322809951839,0.3125449170967765,0.3326377839263342,0.2029660308898747,0.3740651863991233,0.2134600309427144,0.3154513190245622,0.103057874787048,0.2814165617381566,0.23761294263246,0.0675300696520542,0.0,0.0,0.0,0.0441943727236669,0.0744529595912739,0.0,0.0,0.0,0.0,0.0,0.0764819039576257,0.1193325428843881,0.0,0.0,0.0,0.0,0.0,0.0,0.0,0.0,0.0,0.0,0.0,0.0,0.0,0.1481139240244537,0.0,0.2559182146452372,0.0,0.0752943635865433,0.0486402667859136,0.0835245836575673,0.0,0.0,0.052395191682368,0.0524775900248772,0.0,0.0,0.0,0.0,0.0
0.1980386389984719,0.0,0.0,0.0,0.0,0.0,0.3686841737529427,0.0,0.0,0.4999898976641692,0.0,0.3226811254693857,0.3877203457581297,0.0,0.0,0.4912237873447336,0.0,0.4647933705573974,0.0,0.2639178158134883,0.0,0.1648443829201012,0.0,0.2144731485298206,0.3543024166187702,0.3616447813500532,0.0,0.2953443866545138,0.0,0.0,0.2397309262873807,0.1445567357469003,0.2238526444020782,0.1403420647285227,0.0232726816683724,0.0,0.0,0.0165842791535558,0.0,0.0700834257515542,0.0,0.0,0.0,0.0,0.0,0.0,0.0,0.0,0.0,0.0,0.0,0.0,0.0,0.0,0.1967818887175441,0.0,0.068490607277681,0.0,0.0,0.0,0.0,0.302671391695959,0.3205322725153935,0.0,0.0,0.0,0.0,0.0,0.1240313315444667,0.1320931672909878,0.2088910710449897,0.0,0.0,0.0,0.0,0.0
0.196529292348987,0.334932071090272,0.0,0.0,0.0,0.3199509954024842,0.3834826924494701,0.1584938501481917,0.0,0.4734814094996086,0.0,0.1987257862939836,0.3634044975586262,0.0,0.1069910761425469,0.5146282174589443,0.4647933705573974,0.0,0.0,0.1723729892033267,0.2342911318842373,0.1379609614623217,0.0877233605440471,0.1635544547762682,0.4142322005767069,0.2695397639919688,0.3621901596132529,0.1761163964373661,0.3875518988656047,0.0,0.2189056360892889,0.0921714433702157,0.300143479881399,0.1934993474881589,0.058272092196315,0.0,0.0,0.0,0.0590300141435462,0.1626304864469609,0.0,0.0,0.0,0.0,0.0,0.1571303717294447,0.2269384731687339,0.0,0.0,0.0,0.0,0.0,0.0,0.0,0.1274886474983339,0.0,0.0123620374879586,0.0,0.0,0.0,0.2213017684823476,0.1650482816191337,0.4321139043114966,0.0,0.0,0.0,0.1316363148143713,0.0,0.0648531262389309,0.1868869218300366,0.1126234266075125,0.0,0.0,0.0,0.0,0.0326815784666541
0.0,0.0,0.5913534753490594,0.0338281071038195,0.2865146871804946,0.2039307072526217,0.1586560666278446,0.3201928451001565,0.482704064630075,0.1699626914567536,0.6046094640458599,0.0,0.288270155997766,0.2832369156430382,0.0,0.0,0.0,0.0,0.0,0.0,0.0,0.0,0.3200775171587546,0.0,0.0,0.0,0.3174159936534927,0.3064529491487081,0.0,0.0,0.1973728437683523,0.3027813462598381,0.0,0.0389782481067302,0.0,0.1378352199091981,0.186188744296752,0.0,0.3018511042149667,0.0,0.0,0.0,0.1157401284796039,0.0,0.0,0.0,0.0,0.5687820545112403,0.0,0.0,0.1009759573838726,0.0,0.2143729908902599,0.4660278573773805,0.0,0.5767352470853128,0.0,0.0,0.2282308754442513,0.0,0.0,0.0,0.0,0.6205408960951696,0.0,0.0,0.0,0.1517230720358006,0.0,0.0,0.0,0.2570107328507861,0.0,0.0,0.0,0.0
0.2619663980645449,0.0821413350624618,0.0,0.0,0.293506825468753,0.2318254927149836,0.302819939949812,0.3544653084957032,0.3823407998557208,0.0,0.0,0.0,0.3372093692463508,0.0,0.4284240644001181,0.2457257980659357,0.2639178158134883,0.1723729892033267,0.0,0.0,0.3203742796982613,0.4837677753178515,0.3155732970509382,0.0,0.0848887708707148,0.3410228145388035,0.3488226488112164,0.3788757462270097,0.2204967374993454,0.393248148300664,0.3922181834564817,0.2771770056047677,0.054039540267958,0.1692369605502776,0.0794363636750526,0.2144702778817935,0.1685775951476389,0.0,0.2723162832177536,-0.006690481062363,0.0,0.0,0.0,0.0,0.0,0.0,0.1225532942048645,0.0,0.0,0.0,0.1579078758672334,0.0,0.3062936375009055,0.0,0.0,0.0,0.0,0.0,0.0,0.248490690160014,0.0,0.0,0.0,0.0,0.5001438728611994,0.358837790135566,0.4119714001082027,0.2977200327578903,0.0,0.0,0.2490202964379971,0.2905863820709458,0.3269187550144649,0.0714525927279721,0.0,0.1769567506896615
0.402971142966916,0.0301976932502592,0.0,0.0,0.0,0.2920937331748757,0.0,0.3926121528390852,0.0,0.0,0.0,0.0,0.2479965815677103,0.2335689503027316,0.3116546746949824,0.1792264380518143,0.0,0.2342911318842373,0.0,0.3203742796982613,0.0,0.0980308117938474,0.3646205343932105,0.3381203192702663,0.2671986376268417,0.2042807934507461,0.3007636595117501,0.2228761579667089,0.346067693780541,0.3294782206480903,0.354492380691558,0.2316342614460603,0.2118435061779508,0.2206520270547431,0.1515149660467112,0.0920670037398596,0.0,0.0,0.2017840725210547,0.1585979543384513,0.0449207183013916,0.0,0.0,0.0,0.0,0.4089875348673228,0.2608363814169479,0.0,0.0,0.0,0.2638221491749108,0.0,0.3774936005474497,0.0,0.0,0.0,0.0,0.0,0.0,0.0,0.2035943400993919,0.0,0.0,0.0,0.2164793266013768,0.5440499800190776,0.2891060453138327,0.3632836774119678,0.0,0.2923962273118202,0.3103555385671695,0.2086310725091786,0.2468050993628721,0.3116311932379301,0.0,0.155233101504601
0.2047401228839566,0.0670458461518189,0.0,0.0,0.18489196289583,0.0283485064722521,0.111884248204528,0.138987176912599,0.1900467438076912,0.0756046186091142,0.0,0.0,0.1859538935208987,0.0,0.323959923794927,0.2355246124933017,0.1648443829201012,0.1379609614623217,0.0,0.4837677753178515,0.0980308117938474,0.0,0.1199936113440247,0.0,0.0,0.2944120317535321,0.2009820171250738,0.2189346480935392,0.097164220973059,0.2639055765830601,0.2410173547106932,0.1690354144658595,0.0,0.0870318310589498,0.0531277984698076,0.1270153274041959,0.0874437129966222,0.0,0.1846052353628762,0.0,0.0130174494338997,0.1203103937390301,0.0,0.0,0.0,0.157654632216892,0.0,0.0,0.0,0.0,0.0,0.0,0.0,0.0,0.0,0.0,0.0,0.0,0.0,0.2585140753174648,0.1488220061826923,0.0,0.1445335175597052,0.0,0.4107944544379922,0.2094144830650317,0.3856061972463486,0.0742897126388056,0.0,0.0,0.1030574510214103,0.1676412352001266,0.0,-0.0159531048091125,0.0,0.2612977940559276
0.1123962528029854,0.2118510131981709,0.4058389378829722,0.0083844117488378,0.2938206709411819,0.4539622328922056,0.2240339084328723,0.5358770667334035,0.3104685923549778,0.2440528224783325,0.3773006076838964,0.0,0.3094967404767668,0.3518570992478779,0.3869384586564139,0.0358798282291669,0.0,0.0877233605440471,0.3200775171587546,0.3155732970509382,0.3646205343932105,0.1199936113440247,0.0,0.235180687693747,0.2180668249860116,0.310403509030371,0.3569781023059787,0.2651211421127602,0.07578511445974,0.3603546343405446,0.2188874295305682,0.1836503542354953,0.0,0.1673528183253545,0.0679956249472541,0.197540811356828,0.1177866737428966,0.0,0.1999665005737893,0.0,0.0,0.0321654884675213,0.0962559548684319,0.0,0.0,0.0,0.3399775479937367,0.2512642886476868,0.0,0.3506685428094997,0.4150660415153414,0.2774794248535067,0.5177622283333699,0.3205079139813387,0.0,0.346755946079211,0.0,0.3885312124726269,0.3496217813422475,0.1211012342267683,0.0,0.0,0.0,0.2748470431386107,0.2871022238379477,0.2973162146924599,0.2289974741901998,0.5061211356014392,0.0,0.0,0.3365235773669583,0.2967906588527484,0.2906886415166084,0.1031832064862013,0.1667888952321003,0.0380988942111262
0.3607847959572839,0.0,0.0,0.0,0.0,0.0,0.1623430091462451,0.2804289680320322,0.0,0.3135344505610573,0.0,0.3998776132800179,0.1453127369408343,0.0,0.1791864293713828,0.1267182614445078,0.2144731485298206,0.1635544547762682,0.0,0.0,0.3381203192702663,0.0,0.235180687693747,0.0,0.3083896039019322,0.3027340095056244,0.0763002827626646,0.1168229539548658,0.0,0.0,0.115448698772379,0.3027254402853379,0.1637830332147898,0.0,0.0,0.0465775843609048,0.0,0.0567029258969894,0.2679991145934048,0.1654108214789101,0.0639171857717706,0.0,0.0,0.0,0.1435374619991317,0.3132432815968183,0.0,0.0,0.0,0.0,0.0,0.0,0.0,0.0,0.1109122746186959,0.0,0.1967970064506828,0.0,0.0,0.0,0.1384585391621069,0.1644107288897512,0.171403839860492,0.0,0.0,0.0,0.0,0.0,0.4809401709681885,0.183102812772079,0.3697063929169027,0.0,0.0,0.0,0.0,0.1772701934671687
0.2595487181747868,0.3799320473746293,0.0,0.0,0.0,0.3159956819727343,0.2876912321439777,0.1258312588220615,0.0,0.4289632845840496,0.0,0.1557597961215714,0.2233425001645082,0.0,0.1193412841023509,0.3024322809951839,0.3543024166187702,0.4142322005767069,0.0,0.0848887708707148,0.2671986376268417,0.0,0.2180668249860116,0.3083896039019322,0.0,0.3100309813927923,0.3073805414828954,0.029141948310306,0.2924696520727608,0.0,0.0730989913601771,0.1732004159699519,0.2565672340792319,0.0653047454161935,0.0,0.0,0.0,0.0160628438725561,0.1723970996996577,0.2069622258603778,0.0756369100116834,0.0,0.0,0.0,0.0,0.2104430147540733,0.3373087768669668,0.0,0.0,0.0,0.0,0.0,0.0,0.0,0.0800737993481314,0.0,0.0298862622690979,0.0,0.0,0.0,0.1890963408047752,0.1946521717506604,0.3239819473427397,0.0,-0.0035031156249607,0.095688967621311,0.0949574262172376,0.0,0.2306613122327617,0.4127664062164813,0.3012386274656122,0.0,0.0,0.0,0.0,0.0653065853751849
0.1884794573180414,0.4341625019302786,0.0,0.0,0.0,0.3988253749498599,0.2785763311152995,0.349152694500714,0.0,0.3372294163361526,0.0,0.3941269018957078,0.4356101477571371,0.0,0.3032742927351475,0.3125449170967765,0.3616447813500532,0.2695397639919688,0.0,0.3410228145388035,0.2042807934507461,0.2944120317535321,0.310403509030371,0.3027340095056244,0.3100309813927923,0.0,0.257391271382917,0.2278657274150524,0.0623839968886259,0.0,0.1707633864234066,0.1757522408130277,0.1552368435339513,0.152174790556826,0.0076757076036295,0.2270261357503321,0.0,-0.0101156739342089,0.1965924282088811,0.0018100440705851,0.0,0.0804308605472791,0.0,0.0,0.0084866738434205,0.1176619735410121,0.2047904786470608,0.0,0.0,0.0,0.0,0.0,0.0,0.0,0.2782919685951736,0.0,0.3062786983231372,0.0,0.0,0.0988683914091128,0.1045677286744838,0.3638885999638543,0.180270533555396,0.0,0.2976808131942515,0.1655986126040623,0.225030064519307,0.1506293586521093,0.0571766400433856,0.1359396723789844,0.3196259143882515,0.2328837185293264,0.0,0.0,0.0,0.059514576001771
0.1515486846570116,0.3665067895108077,0.3663578930381474,0.0,0.3028685610998183,0.3740839870344111,0.3963758197081251,0.2990098924392989,0.4287670153394678,0.3347427747838285,0.3296819280484127,0.0,0.3376959817264284,0.2296739514769852,0.2806957666951194,0.3326377839263342,0.0,0.3621901596132529,0.3174159936534927,0.3488226488112164,0.3007636595117501,0.2009820171250738,0.3569781023059787,0.0763002827626646,0.3073805414828954,0.257391271382917,0.0,0.1799632400981597,0.3475739855881677,0.2369276138955903,0.2277769863575097,0.1809659568822927,0.1216843763306754,0.1539251555127512,0.0236845262628857,0.1506853663707892,0.0732517658833736,0.0,0.1548547025869723,0.0,0.0,0.0020786229156471,0.0,0.0,0.0,0.0,0.379391912012664,0.2683424101064357,0.0,0.0,0.2031727327479403,0.3598549787717091,0.2280208855575703,0.3943619888576019,0.0,0.3434372077817797,0.0,0.2206904362473043,0.1996196255959103,0.0,0.0,0.0,0.0,0.2930317088070351,0.2206708888657911,0.2126524097718545,0.2403833959028368,0.1623435065175212,0.0,0.0,0.1504784680812249,0.4895381933641723,0.1821313448604065,0.1967782175714993,0.1541604502955326,0.0313097302321574
0.0468630242060713,0.0328595339010649,0.303462612595291,0.2517888845962294,0.2445644401418303,0.2779326678444904,0.3456549375222696,0.352555490820893,0.2933445406895163,0.3194427064902632,0.3207246393946613,0.2761389773910873,0.4578865497582551,0.2734940398953935,0.2159974752604533,0.2029660308898747,0.2953443866545138,0.1761163964373661,0.3064529491487081,0.3788757462270097,0.2228761579667089,0.2189346480935392,0.2651211421127602,0.1168229539548658,0.029141948310306,0.2278657274150524,0.1799632400981597,0.0,0.1362215723092099,0.4992831796223145,0.4146427577265578,0.0733467359347935,0.0,0.245493773790844,0.1749005475953075,0.3343694201325596,0.2664780004119016,0.0,0.0781188159697218,0.0,0.0,0.0,0.1123857031969579,0.0,0.0,0.0,0.0,0.0,0.0,0.0,0.1792307877324642,0.0,0.3256702931946399,0.0,0.0,0.0,0.0,0.0,0.0,0.1314898954027753,0.0,0.0,0.0,0.0,0.203630173928785,0.1846612193480062,0.0,0.2742273491099064,0.0,0.0,0.0,0.2073928573338658,0.3198899878303818,-0.0033922097203009,0.0,0.0
0.2007909308818353,0.1890921813608899,0.0,0.0,0.0,0.2702670303182967,0.4486424430168038,0.1002906360327939,0.0548861337030484,0.0,0.0,0.0,0.257763227488015,0.0,0.0751794974380421,0.3740651863991233,0.0,0.3875518988656047,0.0,0.2204967374993454,0.346067693780541,0.097164220973059,0.07578511445974,0.0,0.2924696520727608,0.0623839968886259,0.3475739855881677,0.1362215723092099,0.0,0.1299415638682436,0.2711156596291147,0.0675563252721488,0.2603381657885919,0.1327175837868296,0.0398377771618736,0.0,0.0452282695372718,0.0,-0.0070501270899347,0.0,0.0,0.0,0.0,0.0,0.0,0.0,0.232089748480107,0.0,0.0,0.0,0.0643307164147298,0.0,0.0562321700323596,0.0,0.0,0.0,0.0,0.0715781615218086,0.0,0.0,0.0,0.0,0.0,0.0,0.0,0.219563657199605,0.0614576634118933,0.058631950548383,0.0,0.0,0.0534950277475126,0.1414483668756922,0.0,0.3309784799253829,0.0,0.0
0.0,0.0,0.3747394835986335,0.0,0.0,0.2972960640314949,0.0,0.4110678075834693,0.2898179649246784,0.0,0.0,0.0,0.3984624520501346,0.0,0.0,0.2134600309427144,0.0,0.0,0.0,0.393248148300664,0.3294782206480903,0.2639055765830601,0.3603546343405446,0.0,0.0,0.0,0.2369276138955903,0.4992831796223145,0.1299415638682436,0.0,0.4782418719850902,0.1363576889062161,0.0,0.3439263968839566,0.1966340500640375,0.0,0.0,0.0,0.1535660043578014,0.0,0.0,0.0,0.0,0.0,0.0,0.0,0.0,0.0,0.0,0.0,0.0,0.0,0.0,0.0,0.0,0.0,0.0,0.0,0.0,0.0,0.0,0.0,0.0,0.0,0.3175830652957629,0.0,0.0,0.2926891226062707,0.0,0.0,0.0,0.2471642083078384,0.0,0.0,0.0,0.0
0.2717731075815383,0.0118937862546728,0.2515636185778445,0.0,0.2736148035549587,0.2029601657578366,0.3561555808193825,0.3271000419170305,0.2508675339921755,0.3374649936613244,0.2429281772453083,0.0946342332944446,0.3076029303989963,0.2332905095953953,0.2545952058528805,0.3154513190245622,0.2397309262873807,0.2189056360892889,0.1973728437683523,0.3922181834564817,0.354492380691558,0.2410173547106932,0.2188874295305682,0.115448698772379,0.0730989913601771,0.1707633864234066,0.2277769863575097,0.4146427577265578,0.2711156596291147,0.4782418719850902,0.0,0.1162810695091571,0.1990490070975527,0.4676443198638973,0.3728400627723831,0.2820829068353244,0.147155375706308,0.0,0.123859776256669,0.1275108623065517,0.0,0.0,0.0,0.0,0.0,0.1847147002208226,0.1130798395021095,0.0,0.0,0.0,0.1370168684656347,0.0,0.2921433063992195,0.0,0.350025061515289,0.0,0.2272396771439279,0.0,0.0,-0.0183719525311282,0.0485896034747305,0.0,0.1610323812277226,0.0,0.2476931464737479,0.3124561128961252,0.1912842298974533,0.2519756835853791,0.016101095342455,0.039613561461862,0.1362256187434327,0.2204030876645764,0.3180624254068214,0.1114179162817805,0.0,0.0487950589068131
0.3024222579831949,0.0816978993584325,0.2478188177103744,0.1322936245607046,0.0396302556773771,0.1129458959913619,0.1189090029766473,0.1663942548924178,0.2360106165194908,0.1331925089825899,0.297162005594955,0.2687342747825933,0.1200086878068323,0.1866602978831101,0.2296621138112541,0.103057874787048,0.1445567357469003,0.0921714433702157,0.3027813462598381,0.2771770056047677,0.2316342614460603,0.1690354144658595,0.1836503542354953,0.3027254402853379,0.1732004159699519,0.1757522408130277,0.1809659568822927,0.0733467359347935,0.0675563252721488,0.1363576889062161,0.1162810695091571,0.0,0.1699756850166754,0.0,0.0,0.0525183995015991,0.2167078150540859,0.2035304205086542,0.5693674137503342,0.107091588066866,0.1871330902910428,0.1557509498627086,0.0416043808509208,0.1078292441440648,0.0684769461515031,0.2483546076103778,0.0681219703822204,0.2778693957489786,0.0,0.0,0.1789011838513002,0.0,0.1317734175632345,0.2425931498416047,0.039340879830814,0.305513705109109,0.0902712845028903,0.2236541227145405,0.0,0.120842052159539,0.2279849238918661,0.0,0.1869207199979712,0.2819748507919898,0.2982466303221088,0.2425505660835965,0.3371452153746841,0.1366056303696735,0.1784295436325011,0.103471575625824,0.1427476511084378,0.121679675621067,0.1635980740180575,0.1536066103017335,0.0,0.3511062154463104
0.2867551311155623,0.1998797645843056,0.0,0.0,0.0480533217121554,0.1373214984681936,0.2134286419182476,0.0588031277460905,0.0483900301101745,0.2480477714798129,0.0032656125742202,-0.0028605785241069,0.1330210121922299,0.0,0.0521476103937284,0.2814165617381566,0.2238526444020782,0.300143479881399,0.0,0.054039540267958,0.2118435061779508,0.0,0.0,0.1637830332147898,0.2565672340792319,0.1552368435339513,0.1216843763306754,0.0,0.2603381657885919,0.0,0.1990490070975527,0.1699756850166754,0.0,0.2241479313263142,0.1361740740540428,0.0324215159121437,0.0,0.2414687975525955,0.1533258506813813,0.3636618271224794,0.2097443843685716,0.1226107404080383,0.0,0.0,0.1288646698953216,0.2170138258290948,0.15566781703403,0.0,0.0,0.0,0.0,0.0,0.0,0.0,0.1506208356523367,0.0,0.0,0.0,0.0,0.0,0.2309121738726611,0.1885274204682692,0.2839892360304176,0.0,0.1056512017609451,0.1738101970228161,0.1674691453247301,0.0,0.0159769778086164,0.1450508941322074,0.0570263163945806,0.0982252947810183,0.0,0.2442858954399982,0.0,0.1211638922039718
0.1070870192544723,0.0738843288661945,0.1420145987923179,0.0510868751480648,0.3054319201189069,0.243973909017154,0.2779951649877423,0.2933054941071046,0.1320386954875009,0.2526515237960544,0.0687052355692527,-0.00048217297913,0.3054848050263165,0.1479051461657977,0.1558324028462517,0.23761294263246,0.1403420647285227,0.1934993474881589,0.0389782481067302,0.1692369605502776,0.2206520270547431,0.0870318310589498,0.1673528183253545,0.0,0.0653047454161935,0.152174790556826,0.1539251555127512,0.245493773790844,0.1327175837868296,0.3439263968839566,0.4676443198638973,0.0,0.2241479313263142,0.0,0.3976157115971943,0.346920933556275,0.041967343879386,0.0,0.0,0.1610270161107915,0.0,0.0,0.1809861623134453,0.0,0.0704705803784516,0.0774242692402751,0.16110243820026,0.0,0.0,0.0,0.1535815203243514,0.0,0.2493383476134458,0.0,0.3297345590169752,0.0,0.2301456632154706,0.0,0.0,0.0,0.0,0.0,0.0520051696287037,0.0,0.1140197505033847,0.1224463678830502,0.0529794640323845,0.1527210403795002,0.0,0.047480070467916,0.0917671861603005,0.1855409741355334,0.2590478844079126,0.0148672742672438,0.0,0.0
0.1111705376285899,0.0,0.0446036040807055,0.0591244456819156,0.2235146728375173,0.0901048339408013,0.1558847997671746,0.1589069700879354,0.1044777394677203,0.126621013200925,0.0174756112997598,0.0,0.1255467499171917,0.0,0.1104044013496938,0.0675300696520542,0.0232726816683724,0.058272092196315,0.0,0.0794363636750526,0.1515149660467112,0.0531277984698076,0.0679956249472541,0.0,0.0,0.0076757076036295,0.0236845262628857,0.1749005475953075,0.0398377771618736,0.1966340500640375,0.3728400627723831,0.0,0.1361740740540428,0.3976157115971943,0.0,0.1806965031340759,0.0,0.0,0.0010286689502516,0.1460566915709459,0.0,0.1072992083582753,0.1867366219263259,0.1734280033091535,0.0255261077370248,0.0,0.0917624267375869,0.0,0.0,0.0,0.0,0.0,0.0,0.0,0.0,0.0,0.1596957853357925,0.0,0.0,0.0,0.0,0.0,0.0690617942398233,0.0,0.1500355376794533,0.1461691810543022,0.0859875841979383,0.1357881147136199,0.0,0.0304287288682979,0.0336415350245847,0.1536571488506889,0.0,0.0977705844050381,0.0,0.0
0.0,0.0,0.1252661701787623,0.1130410980617108,0.2364373064610286,0.2196094800205728,0.2258829635684578,0.2592869373057738,0.1527044698197337,0.213592601641557,0.1121478862443495,0.0695716823756587,0.324050219252227,0.244563377594945,0.1071251785302202,0.0,0.0,0.0,0.1378352199091981,0.2144702778817935,0.0920670037398596,0.1270153274041959,0.197540811356828,0.0465775843609048,0.0,0.2270261357503321,0.1506853663707892,0.3343694201325596,0.0,0.0,0.2820829068353244,0.0525183995015991,0.0324215159121437,0.346920933556275,0.1806965031340759,0.0,0.3374252188009218,0.0,0.0631337644475256,0.0266630393667319,0.0,0.0446077803732989,0.2244669492195184,0.0411670393692046,0.0,0.0,0.0,0.1628162304184462,0.0,0.0,0.1694899495080694,0.2016278538228042,0.2361199113499646,0.2202870965946237,0.0,0.202004276818499,0.2124523902859222,0.1686920287860377,0.0885013077311719,0.0,0.0,0.0,0.0,0.1229717234892698,0.0,0.0,0.0,0.1578781387589238,0.0,0.0,0.0,0.2361206941917879,0.2232504655963809,0.0,0.0,0.0
0.0,0.0,0.111944472011315,0.2796375383104457,0.0,0.0908720494762634,0.1593424660577285,0.1145632267956471,0.1147059263745112,0.19410815152585,0.1007525051430375,0.1925591516631211,0.1689826916604982,0.1612067113651693,0.0,0.0,0.0,0.0,0.186188744296752,0.1685775951476389,0.0,0.0874437129966222,0.1177866737428966,0.0,0.0,0.0,0.0732517658833736,0.2664780004119016,0.0452282695372718,0.0,0.147155375706308,0.2167078150540859,0.0,0.041967343879386,0.0,0.3374252188009218,0.0,0.0,0.1850132773603808,0.0,0.0,0.0,0.0,0.0,0.0,0.0,0.0,0.0,0.0,0.0,0.0,0.0,0.0,0.0,0.0,0.0,0.0,0.0,0.0,0.0,0.0,0.0,0.0,0.0,0.0,0.0,0.0,0.0,0.0,0.0,0.0,0.0,0.0,0.0,0.0,0.0
0.0,0.0,0.0,0.0,0.0,0.0,0.0,0.0,0.0,0.0,0.0,0.0,0.0,0.0,0.0,0.0,0.0165842791535558,0.0,0.0,0.0,0.0,0.0,0.0,0.0567029258969894,0.0160628438725561,-0.0101156739342089,0.0,0.0,0.0,0.0,0.0,0.2035304205086542,0.2414687975525955,0.0,0.0,0.0,0.0,0.0,0.2153389310661627,0.1835681734326014,0.2754692904026342,0.2135221815535317,0.0,0.0,0.0601945676780974,0.0,0.0,0.0,0.0,0.0,0.0,0.0,0.0,0.0,0.0312673269116481,0.0,0.0,0.0,0.0,0.0,0.0,0.0,0.0,0.0,0.0,0.0,0.0,0.0,0.0444615860664719,0.0,0.0008039206443736,0.0,0.0,0.0,0.0,0.0
0.3108874038901858,0.0908397625171406,0.2780601778548703,0.0,0.0,0.1108196569087223,0.0,0.1289541552627702,0.2634961130290977,0.0897536508941726,0.2948018725315326,0.2278677757917969,0.121712700474943,0.0,0.2835649702571157,0.0441943727236669,0.0,0.0590300141435462,0.3018511042149667,0.2723162832177536,0.2017840725210547,0.1846052353628762,0.1999665005737893,0.2679991145934048,0.1723970996996577,0.1965924282088811,0.1548547025869723,0.0781188159697218,-0.0070501270899347,0.1535660043578014,0.123859776256669,0.5693674137503342,0.1533258506813813,0.0,0.0010286689502516,0.0631337644475256,0.1850132773603808,0.2153389310661627,0.0,0.1673997814819404,0.2454778534335147,0.2410668104271772,0.0890019310065138,0.1401939372613523,0.0606059063117558,0.2798961057517292,0.126148533785909,0.2839194471080087,0.2251006731494604,0.3070015380939282,0.2507790301988495,0.2015436653188547,0.1541484693217658,0.2751100591735936,0.1308390985436562,0.2979840734009257,0.178628397991134,0.2798628151545027,0.2198387083258396,0.128391368845066,0.2704932477973574,0.3077116014274176,0.2287493823932536,0.3110702622066333,0.3405813170753088,0.2681821794348005,0.3586791810718146,0.1820813772588141,0.1969246081416538,0.1646652050729553,0.2414343947482896,0.195682501763296,0.231481497531371,0.2040179885807226,0.4005213078966576,0.4046177455036074
0.3068340112553279,0.0357384115334574,0.0,0.0,0.0,0.0,0.0,0.0,0.0,0.1667966656268566,0.0,0.0,0.0,0.0,0.045158706083017,0.0744529595912739,0.0700834257515542,0.1626304864469609,0.0,-0.006690481062363,0.1585979543384513,0.0,0.0,0.1654108214789101,0.2069622258603778,0.0018100440705851,0.0,0.0,0.0,0.0,0.1275108623065517,0.107091588066866,0.3636618271224794,0.1610270161107915,0.1460566915709459,0.0266630393667319,0.0,0.1835681734326014,0.1673997814819404,0.0,0.1997939310366743,0.1205723177029739,0.0,0.0982866259086209,0.2504152974047616,0.2881022714576291,0.2159524715263183,0.0,0.0,0.1222004563979951,0.1838817805955035,0.2367958660281916,0.0476667667208807,0.0207967342333094,0.1871095071489863,0.0008297435122588,0.0689638020969033,0.1449775474255138,0.0,0.0,0.2502178420719551,0.2184508047163265,0.3102152869099316,0.0,0.072425906370041,0.1719225015916875,0.1716453654610772,0.06958812033244,0.1624458370374637,0.2882982959002382,0.2074360326043211,0.1144621401862387,0.1460146460839766,0.3138526413975852,0.0696000456688086,0.1936804898503198
0.226755835384188,0.0391043638736363,0.0,0.0,0.0,0.0,0.0,0.0,0.0,0.0,0.0,0.0,0.0,0.0,0.0682913883883295,0.0,0.0,0.0,0.0,0.0,0.0449207183013916,0.0130174494338997,0.0,0.0639171857717706,0.0756369100116834,0.0,0.0,0.0,0.0,0.0,0.0,0.1871330902910428,0.2097443843685716,0.0,0.0,0.0,0.0,0.2754692904026342,0.2454778534335147,0.1997939310366743,0.0,0.3717714258324608,0.0702094928706046,0.2365417247533941,0.1492441442223334,0.2359381589636069,0.0023615694452901,0.0,0.1093638592465828,0.0,0.0038862024495723,0.0,0.0,0.0,0.0574682054066672,0.0,0.0155516269250594,0.1090288998476156,0.0,0.0,0.314101297931695,0.090396214126363,0.1790682527858704,0.0218483617074358,0.1787422343441902,0.1142826491055337,0.2872295401521808,0.0,0.0910754380570613,0.1296503718627172,0.0117656392406714,0.0514474295440811,0.1586800326588457,0.2672989633281538,0.278146887159676,0.427075791324604
0.0,0.0909160069353999,0.0,0.0,0.0,0.0,0.0,0.0,0.0,0.0,0.0,0.0,0.0,0.0,0.1272347790812245,0.0,0.0,0.0,0.0,0.0,0.0,0.1203103937390301,0.0321654884675213,0.0,0.0,0.0804308605472791,0.0020786229156471,0.0,0.0,0.0,0.0,0.1557509498627086,0.1226107404080383,0.0,0.1072992083582753,0.0446077803732989,0.0,0.2135221815535317,0.2410668104271772,0.1205723177029739,0.3717714258324608,0.0,0.1820055208234331,0.1887385622666056,0.0761622013631324,0.1560811235911618,0.0438243574558842,0.0,0.2175723789387954,0.049228001876566,0.0100869777761244,0.0,0.0,0.0201187392626279,0.1626219315439434,0.0381829072005179,0.1612262686675584,0.1743067205448509,0.0,0.0,0.221229015270612,0.2005384092898181,0.1048409436587947,0.083754114180993,0.2466948829297547,0.063987996906327,0.2799628639980597,0.0,0.0,0.0325720872314378,0.0,0.0783678027058044,0.2244943419857006,0.0725378107274869,0.2496178978114998,0.3297635232083441
0.0,0.0,0.1103796039550754,0.0,0.3249043190462894,0.0305941918665244,0.0,0.1688919528499652,0.0329803159722229,0.0,0.1604282489986269,0.0,0.0673579371496639,0.1941837076703936,0.0,0.0,0.0,0.0,0.1157401284796039,0.0,0.0,0.0,0.0962559548684319,0.0,0.0,0.0,0.0,0.1123857031969579,0.0,0.0,0.0,0.0416043808509208,0.0,0.1809861623134453,0.1867366219263259,0.2244669492195184,0.0,0.0,0.0890019310065138,0.0,0.0702094928706046,0.1820055208234331,0.0,0.4309136236449541,0.0111194585667488,0.0,0.0,0.1111859601731705,0.2140587343245962,0.0686086280473727,0.0,0.0,0.18845137896002,0.0477567943659531,0.2330980909216606,0.117369075519479,0.2576643889989594,0.2447853980899524,0.1170988701081581,0.0161676668736362,0.0,0.1408759731218852,0.0,0.1331557735569212,0.252649730672071,0.1162112888676175,0.138647039063795,0.0922396326163173,0.0,0.0,0.0,0.0604731303469031,0.3456399656407369,0.0,0.0,0.1735847289469405
0.0,0.0,0.0,0.0,0.0,0.0,0.0,0.0,0.0,0.0,0.0,0.0,0.0,0.0,0.0,0.0,0.0,0.0,0.0,0.0,0.0,0.0,0.0,0.0,0.0,0.0,0.0,0.0,0.0,0.0,0.0,0.1078292441440648,0.0,0.0,0.1734280033091535,0.0411670393692046,0.0,0.0,0.1401939372613523,0.0982866259086209,0.2365417247533941,0.1887385622666056,0.4309136236449541,0.0,0.0977496685221619,0.0,0.0,0.0967751094294632,0.1782642295284853,0.014691811764761,0.0,0.0,0.0585755821298459,0.0082034816151705,0.2287551387544266,0.079677056264422,0.2062922143033173,0.2314175996628444,0.0381148184605169,0.0,0.0,0.0,0.0,0.1289242261655877,0.0,0.0,0.0,0.0443415089387364,0.0,0.0,0.0,0.0018435074696548,0.3144927245716366,0.0,0.0,0.2863571939027441
