0.0,0.4563002115884275,0.0,0.0,0.0,0.2893548377549516,0.0,0.3340078126789653,0.0,0.3729216349193768,0.0,0.2615835934950231,0.0,0.2630122244960491,0.3324697935869843,0.5065182874081944,0.5076153151472786,0.4260668894066248,0.0,0.3460611432685874,0.5473394883905481,0.4806924210630003,0.4052971516444607,0.4695222469358171,0.4915651700064174,0.5522931349246815,0.4163038709062079,0.374704200889752,0.385556261978091,0.0,0.4276708851162202,0.1087707582886633,0.3739709005550624,0.3421007883496602,0.0,0.0,0.0,0.4032744438195457,0.2277414448419721,0.3021837410628367,0.3338517301041281,0.0,0.0,0.0,0.0,0.6281675556550207,0.4526478833175628,0.0,0.0,0.0,0.0,0.0,0.0,0.0,0.3059207175583108,0.0,0.0,0.0,0.0,0.0,0.4032071368605375,0.0,0.3719807495450355,0.0,0.0,0.5496096951296225,0.4529567654204883,0.4521045275828941,0.4930651796231058,0.3979824844119825,0.5170755273555652,0.0,0.0,0.0,0.0,0.2525318439575646
0.4563002115884275,0.0,0.0,0.0,0.203588460611421,0.5289106510243098,0.3123437757411249,0.3861065497534893,0.4230276739735945,0.0,0.0,0.0,0.5362312777562114,0.0,0.4448687160131571,0.4898771456292768,0.0,0.5355246850898624,0.0,0.5168653494111886,0.4619541440097004,0.5702670469916172,0.4957634457065943,0.0,0.6235330885160992,0.608736446150913,0.5309416483333066,0.501868932407625,0.5080819725727584,0.0,0.2071397123609231,0.3243400691139866,0.1814144609010523,0.1291995067449488,0.0,0.0,0.0,0.0,0.3817995664186194,0.2903121793048603,0.2871058827642357,0.0,0.0,0.0,0.0,0.409558837654582,0.483954692184968,0.0,0.0,0.0,0.3984426063038317,0.0,0.0,0.0,0.0,0.0,0.0,0.0,0.0,0.5294501665743014,0.3402311500478246,0.0,0.259382151958744,0.0,0.4549505299051394,0.4574624319147732,0.4723525487191843,0.4885830277886907,0.0,0.3117715916985282,0.479064600739109,0.5208321620045281,0.0,0.312628487295738,0.0,0.0980463398661719
0.0,0.0,0.0,0.2557893038633287,0.1811288121559349,0.4429534616810509,0.1232334087723704,0.3486539370448728,0.4742311447111409,0.1114294038120575,0.3642755409928935,0.0,0.3522400314881281,0.0377647970284883,0.0,0.0,0.0,0.0,0.409908417567596,0.0,0.0,0.0,0.4695939711991906,0.0,0.0,0.0,0.4861941371584303,0.4062735503045931,0.3993442395974401,0.3379310875813723,0.1890886298069662,0.316124424373418,0.0,0.1465600208472765,0.0,0.2508472799184177,0.1051127129141711,0.0,0.2897640775287823,0.0,0.0,0.0,0.1439587449347356,0.0,0.0,0.0,0.0,0.5839268598555429,0.0,0.0229165830514916,0.4539489752236052,0.0318449402850944,0.087618511250591,0.5056564386906747,0.0,0.0707537862297211,0.0,0.2847977935603341,0.0,0.0,0.0,0.0,0.0,0.409872551282615,0.0,0.0,0.0,0.3562987857929231,0.0,0.0,0.0,0.4325832173035951,0.0,0.0,0.0,0.0
0.0,0.0,0.2557893038633287,0.0,0.1414134156174089,0.3253728317814037,0.2668409851786029,0.3417241435253835,0.2806236947831588,0.1075860424333812,0.1699345357833967,0.0835947188748451,0.3645281498636443,0.2486733050614026,0.0,0.0,0.0,0.0,0.2823878625066788,0.3128347451824114,0.0,0.2863390714498024,0.3209804341191778,0.0,0.0,0.0,0.3169920040337873,0.3722185505398254,0.0,0.0,0.102646228854622,0.2869974958647766,0.0,0.0340704968814277,0.0,0.3026516467773274,0.2662011259991683,0.0,0.0,0.0,0.0,0.0,0.0,0.0,0.0,0.0,0.0,0.0,0.0,0.0,0.0,0.0,0.0,0.0,0.0,0.0,0.0,0.0,0.0,0.0,0.0,0.0,0.0,0.0,0.0,0.0,0.0,0.0,0.0,0.0,0.0,0.0,0.0,0.0,0.0,0.0
0.0,0.203588460611421,0.1811288121559349,0.1414134156174089,0.0,0.0869464229685373,0.5314012117783327,0.2329961842928395,0.3122606387514162,0.3020979173565535,0.3938812351658764,0.162516712786492,0.3130065901102373,0.4180997015288918,0.0,0.2641289352172901,0.0,0.0,0.3106794703881904,0.1722996174258956,0.0,0.3324501172118568,0.1516216763607819,0.0,0.1607755999491432,0.202805367379717,0.2379192545236488,0.1567884239135521,0.1599993659636437,0.0,0.3031933096284752,0.0223370727427132,0.1186934744686443,0.1404726198111766,0.0,0.0,0.0769362410004346,0.1513798478842369,0.0528051495677781,0.0,0.0,0.0,0.0540563262536279,0.0,0.0,0.0,0.0,0.3086659239690802,0.0,0.0,0.1217094994690828,0.0,0.4286003886865382,0.3461213391449471,0.0,0.3651229164413094,0.0,0.0,0.0,0.0,0.0,0.0,0.0,0.3230714488999262,0.0,0.0,0.0,0.2741185669084169,0.0,0.0,0.0,0.2488984601428748,0.0,0.0,0.0,0.0
0.2893548377549516,0.5289106510243098,0.4429534616810509,0.3253728317814037,0.0869464229685373,0.0,0.1331407056431842,0.4113759834811368,0.517740414351021,0.056585699143146,0.1633531172737187,0.1534544099228465,0.488270631566874,0.0277858557387919,0.4553166910676876,0.4292004573772164,0.0,0.5211203602939527,0.42013737007698,0.5374897236412421,0.4197750893857708,0.4453839030432873,0.568309514232408,0.0,0.4888226812957679,0.4201318840432977,0.563742641705728,0.4880793037980024,0.5905338340026812,0.3831861217032867,0.0820672310976097,0.4126170731818661,0.1104081491395217,0.1243336537419688,0.0,0.31864450215394,0.2618167340577849,0.2081296547919915,0.4187754325465576,0.0,0.3118973407380248,0.0402741737468365,0.256829732073794,0.0,0.0,0.0,0.0,0.4623842466800362,0.0,0.0,0.5598106198682435,0.0,0.095778927644343,0.4118988298465743,0.0,0.0,0.0,0.2193494627796606,0.0,0.4611983909529502,0.0,0.0,0.0,0.3878428427715312,0.4178632231447766,0.3596445184647833,0.4058103465102922,0.4795574661003507,0.0,0.0,0.3198120517404977,0.53098700485404,0.2875748177784581,0.3652463055796618,0.0,0.1046925012554561
0.0,0.3123437757411249,0.1232334087723704,0.2668409851786029,0.5314012117783327,0.1331407056431842,0.0,0.3252993436845586,0.2229205937543863,0.4278200038366583,0.3176007153082505,0.2774416749788159,0.441030499631069,0.4303838048854736,0.0,0.3250661838675653,0.4518265016967374,0.2588687974417993,0.2527115844099599,0.1570750469147673,0.0,0.3508234844844476,0.1960844680832435,0.1740741038043599,0.2853528787837366,0.3278355323417459,0.2326279498515065,0.2127953893706918,0.1695680841744866,0.0,0.3185808996408978,0.0471249285430523,0.2421845749052651,0.1191875827027677,0.0,0.0,0.1001301899614516,0.2629922116066206,0.0,0.0,0.0,0.0,0.1063323155778389,0.0,0.0,0.0,0.0,0.0,0.0,0.0,0.1768982179580268,0.0,0.0,0.0,0.0,0.0,0.0,0.0,0.0,0.0,0.0,0.0,0.0,0.0,0.0,0.0,0.0,0.3149071403856962,0.0,0.0,0.0,0.2625086543546865,0.0,0.0,0.0,0.0
0.3340078126789653,0.3861065497534893,0.3486539370448728,0.3417241435253835,0.2329961842928395,0.4113759834811368,0.3252993436845586,0.0,0.2947496365212658,0.2124490985592398,0.2063139090928733,0.0,0.4560272103038199,0.2024460144118695,0.3377531029707744,0.3659104378148592,0.0,0.3212595615147394,0.2780977415906836,0.3347128059990987,0.4502902491318938,0.3465651771241404,0.5267238139263003,0.3124347874172062,0.315726205791699,0.3803698272284212,0.3652466420577039,0.307552866213707,0.310801223741187,0.3692565699660195,0.2388084871067802,0.262848481959588,0.3007897462478485,0.2467433188147299,0.0,0.199255265793961,0.0641450559651131,0.0,0.3262403967271472,0.0,0.2351064813596594,0.0,0.147875443424547,0.0,0.0,0.0,0.0,0.4046447162313359,0.0,0.0780718315531822,0.4552517291612541,0.1441673048637943,0.4380366140534558,0.3379037149817102,0.0,0.1693046599985153,0.0,0.3975471075300784,0.0,0.3189036471913943,0.0,0.0,0.0,0.3243121447668924,0.3390024070921473,0.4071918851866827,0.3491772200204247,0.4845248507786254,0.0,0.0,0.0,0.3671523803374118,0.2911787911293757,0.2893156120329643,0.0,0.1008709068757799
0.0,0.4230276739735945,0.4742311447111409,0.2806236947831588,0.3122606387514162,0.517740414351021,0.2229205937543863,0.2947496365212658,0.0,0.1319847237442714,0.2537947455085613,0.1480097594734371,0.4224713993372809,0.1564089254764992,0.0,0.3853820940904991,0.0,0.0,0.4747560589976587,0.5105697762171512,0.0,0.4733611920952289,0.4569718581516219,0.0,0.4077860649475233,0.3605518075527534,0.5657238581473376,0.4553103619770993,0.4940292369872444,0.4059970077744884,0.165763187288672,0.3490620974420614,0.0869200776506432,0.1040192604351737,0.0,0.2440047578255617,0.2555073132764086,0.20183877971349,0.3279542107741391,0.0,0.0,0.0,0.166204755626887,0.0,0.0,0.0,0.0,0.5160673304122537,0.0,0.0,0.4439289591965031,0.0,0.1014983596704926,0.5775131006457902,0.0,-0.0182351255003554,0.0,0.2304685234138851,0.0,0.0,0.0,0.0,0.0,0.4358829614281951,0.0,0.0,0.0,0.416905866528215,0.0,0.0,0.0,0.5502690304951957,0.0,0.0,0.0,0.0
0.3729216349193768,0.0,0.1114294038120575,0.1075860424333812,0.3020979173565535,0.056585699143146,0.4278200038366583,0.2124490985592398,0.1319847237442714,0.0,0.118498336739212,0.5216041240717941,0.3317212822146131,0.2451134786557949,0.0,0.2956335271122484,0.5764151474366522,0.2786225602596699,0.2237377706998736,0.0,0.2829639437395068,0.2953415206076688,0.182185149158909,0.2715140109660018,0.3348913011420244,0.445971382765058,0.1689810182305055,0.2049399097682984,0.0,0.0,0.3496238343531545,0.0179425307187997,0.2717981681271841,0.1887553592903839,0.0,0.0077299988537699,0.1314989184309391,0.4245658070664511,0.0757246473160572,0.0662930662767139,0.1988044878612725,0.0,0.0,0.0,0.2389194712614769,0.3188600640535142,0.0,0.0,0.0,0.0,0.0,0.0,0.0,0.0,0.5584638125019797,0.0,0.4822891892205654,0.3425493694062874,0.0,0.0,0.2497222901156512,0.3407391418971138,0.3228849253367715,0.0,0.0,0.0,0.0,0.0,0.4294251166523191,0.4432612828864666,0.4937901149966314,0.0,0.3095912833654213,0.0,0.0,0.223375568529351
0.0,0.0,0.3642755409928935,0.1699345357833967,0.3938812351658764,0.1633531172737187,0.3176007153082505,0.2063139090928733,0.2537947455085613,0.118498336739212,0.0,0.0725759518009652,0.2862415946419674,0.2875724813604257,0.0,0.0,0.0,0.0,0.3960469725654507,0.0,0.0,0.0,0.1515234344094861,0.1453875861195075,0.0,0.0,0.2100137997158924,0.2390878811553172,0.0,0.0,0.1908042088034693,0.2387959879753426,0.0803963870945975,0.0349430362033796,0.0,0.0295723893023221,0.0945478854757563,0.1110054368161383,0.2033848055034885,0.0,0.0,0.0,0.1588319038548022,0.0,0.0,0.0,0.0,0.3228545665350014,0.0,0.1258968939765446,0.2033053454726128,0.0602239474060674,0.2426921660058306,0.3657514165478396,0.0,0.4154318158554851,0.0,0.2116126825385305,0.1880756566503155,0.0,0.0,0.0,0.0,0.3012024880555021,0.0,0.0,0.0,0.1664371723652513,0.0,0.0,0.0,0.2210375367183779,0.0,0.0,0.0,0.0
0.2615835934950231,0.0,0.0,0.0835947188748451,0.162516712786492,0.1534544099228465,0.2774416749788159,0.0,0.1480097594734371,0.5216041240717941,0.0725759518009652,0.0,0.3469890487205149,0.0,0.0,0.0,0.4129344420294652,0.278225262671382,0.0,0.0,0.2432732610138415,0.0,0.2631563469860424,0.2909589764254568,0.2347270936790349,0.3674403570579103,0.0,0.2251139410236549,0.0,0.0,0.2214409433082098,0.0981228970163819,0.245638694768062,0.1989507528389129,0.0,0.0972126241960905,0.0060710898920347,0.2993105497166643,0.0959872068194807,0.1477139953736161,0.309114240664051,0.0,0.0,0.0,0.2330628938184961,0.0,0.0,0.0,0.0,0.0,0.0,0.0,0.0,0.0,0.5654978115438434,0.0,0.6162324773781623,0.0,0.0,0.0,0.0,0.4735550443703558,0.4782388310075894,0.0,0.0,0.0,0.0,0.0,0.4315969227921422,0.4749361669544284,0.4784307771422386,0.0,0.4191647015252949,0.0,0.0,0.3171267587196842
0.0,0.5362312777562114,0.3522400314881281,0.3645281498636443,0.3130065901102373,0.488270631566874,0.441030499631069,0.4560272103038199,0.4224713993372809,0.3317212822146131,0.2862415946419674,0.3469890487205149,0.0,0.2859376521116243,0.3819930526580353,0.5157971522682483,0.4958701544477268,0.5188986579545579,0.4747569256296359,0.468053375017175,0.4585440660710876,0.5169447112273462,0.4768663384487847,0.4585376321525273,0.4865160817131794,0.5310374995473255,0.4652904386737862,0.5506098680109918,0.460110724513205,0.4956841077434019,0.2912982469886553,0.3194231585171111,0.2184641748252399,0.1748761260527241,0.0,0.2820320627290288,0.3094308137826027,0.3694009833916427,0.3709433069135086,0.0,0.3077896080894519,0.0,0.3079616649656504,0.0,0.0,0.0,0.0,0.4611374771679705,0.0,0.0,0.4267026136974164,0.0,0.327381178593607,0.0,0.0,0.0,0.0,0.0,0.0,0.0,0.0,0.0,0.0,0.0,0.4625463795034188,0.0,0.0,0.4773141021577172,0.0,0.0,0.0,0.4622364769932338,0.0,0.3668377949628916,0.0,0.0
0.2630122244960491,0.0,0.0377647970284883,0.2486733050614026,0.4180997015288918,0.0277858557387919,0.4303838048854736,0.2024460144118695,0.1564089254764992,0.2451134786557949,0.2875724813604257,0.0,0.2859376521116243,0.0,0.0,0.0,0.0,0.0,0.1959603514363309,0.0,0.2176647984429544,0.0,0.0864344917397559,0.0,0.0,0.0,0.1466286671406146,0.1319797757674097,0.0,0.0,0.2175340385496592,0.0630302418922575,0.0,0.028584690733412,0.0,0.0270440666272904,0.1832348822967028,0.0,0.1194852358791733,0.0,0.0,0.0,0.0835559823453908,0.0,0.0,0.0,0.0,0.1656705755845879,0.0,0.0,0.0,0.0,0.0,0.1603290031615348,0.0,0.3002421215479098,0.0,0.0,0.0,0.0,0.0,0.0,0.0,0.1990351891686045,0.0,0.0,0.0,0.2125248428218977,0.0,0.0,0.0,0.1583849237106617,0.0,0.0,0.0,0.0
0.3324697935869843,0.4448687160131571,0.0,0.0,0.0,0.4553166910676876,0.0,0.3377531029707744,0.0,0.0,0.0,0.0,0.3819930526580353,0.0,0.0,0.3904789075624436,0.0,0.42528971413725,0.0,0.5815201128453413,0.4822507661513626,0.5633151958813915,0.4772169166734236,0.333257431940595,0.4186836784617059,0.404292218597495,0.5823765785773148,0.4670824636411525,0.4917734120240704,0.3681873465578582,0.19749338799785,0.3513813877760439,0.0674647304998087,0.1261939510662967,0.0,0.3049347388294166,0.0,0.0,0.3609518933840993,0.2130069488872107,0.2127226259917364,0.0,0.2172762790215222,0.0,0.0,0.3010680401915404,0.3999713765694913,0.0,0.0,0.0,0.4043484894081217,0.0,0.1136314813829893,0.0,0.0,0.0,0.0,0.0,0.0,0.6020566159649611,0.3846345829401158,0.0,0.0,0.0,0.5787229825954278,0.4471425071225408,0.5524877646837718,0.4299057385472171,0.0,0.2959697546294531,0.3592154061747982,0.5471969954179988,0.3296845209330171,0.4451037020460602,0.0,0.2004782673092648
0.5065182874081944,0.4898771456292768,0.0,0.0,0.2641289352172901,0.4292004573772164,0.3250661838675653,0.3659104378148592,0.3853820940904991,0.2956335271122484,0.0,0.0,0.5157971522682483,0.0,0.3904789075624436,0.0,0.4612041628635692,0.5583028466742175,0.0,0.4320626053517936,0.451385490808993,0.5160471588521511,0.4571554061373523,0.4113142340135791,0.4761949620344147,0.4957199188070543,0.4748299369483381,0.5024917538082307,0.4551451713043382,0.4834359207987047,0.4412097619604021,0.1605932093687296,0.2887768926922482,0.3484812041785159,0.0,0.0,0.0,0.0,0.2482687118491659,0.2945222788826365,0.2783454869096815,0.0,0.0,0.0,0.0,0.4844773093807661,0.4775003414664872,0.0,0.0,0.0,0.0,0.0,0.0,0.0,0.0,0.0,0.0,0.0,0.0,0.3784476381205288,0.4471984196720361,0.0,0.4279190524741983,0.0,0.4550913554969346,0.412788912903711,0.4943749502454799,0.0,0.0,0.4023440261990703,0.4531549792281245,0.4310453086464313,0.0,0.0,0.0,0.2292377894781416
0.5076153151472786,0.0,0.0,0.0,0.0,0.0,0.4518265016967374,0.0,0.0,0.5764151474366522,0.0,0.4129344420294652,0.4958701544477268,0.0,0.0,0.4612041628635692,0.0,0.4744213812767859,0.0,0.2954246468271811,0.0,0.4527272221322334,0.0,0.4511870185179128,0.5227374767771058,0.5901059952243563,0.0,0.4075382447728671,0.3108008242283583,0.0,0.3692789294455326,0.1384686060404941,0.2973937815824345,0.1992259617559976,0.0,0.0,0.0,0.4559843191965517,0.2392590606743032,0.1974633075367159,0.2783506459655185,0.0,0.0,0.0,0.0,0.0,0.0,0.0,0.0,0.0,0.0,0.0,0.0,0.0,0.4415229061842799,0.0,0.3934903545223087,0.0,0.0,0.0,0.0,0.1821306634318373,0.3583122280115944,0.0,0.0,0.0,0.0,0.0,0.5312956794482036,0.4103067941736628,0.5360492799752068,0.0,0.0,0.0,0.0,0.2371736551797695
0.4260668894066248,0.5355246850898624,0.0,0.0,0.0,0.5211203602939527,0.2588687974417993,0.3212595615147394,0.0,0.2786225602596699,0.0,0.278225262671382,0.5188986579545579,0.0,0.42528971413725,0.5583028466742175,0.4744213812767859,0.0,0.0,0.4798828086242995,0.4401998213875553,0.4972940975061097,0.4541347793364805,0.4848305523550559,0.5658556478199538,0.5061272448620403,0.5011583906116156,0.5351356292636953,0.5182096716514275,0.4020434491602114,0.2542737345714723,0.3059591943596516,0.2389610573526455,0.2160499813264881,0.0,0.0,0.0,0.0,0.3545204033022857,0.3319481765678861,0.3612664940152532,0.0,0.0,0.0,0.0,0.4155797170416007,0.4166100434986643,0.0,0.0,0.0,0.0,0.0,0.0,0.0,0.1848679516059544,0.0,0.2384490181964213,0.0,0.0,0.0,0.4530515214537588,0.0,0.4035986133345521,0.0,0.0,0.0,0.4699271664727504,0.0,0.4441174215229707,0.3268470742036998,0.4054768726783275,0.0,0.0,0.0,0.0,0.2645020008823002
0.0,0.0,0.409908417567596,0.2823878625066788,0.3106794703881904,0.42013737007698,0.2527115844099599,0.2780977415906836,0.4747560589976587,0.2237377706998736,0.3960469725654507,0.0,0.4747569256296359,0.1959603514363309,0.0,0.0,0.0,0.0,0.0,0.0,0.0,0.0,0.4194265554057808,0.0,0.0,0.0,0.4495702927880293,0.4767383967540483,0.0,0.0,0.2491169741181065,0.3319500717834465,0.0,0.1812724992683036,0.0,0.1528148552010109,0.2986258182125895,0.2519944901917808,0.3380630835622085,0.0,0.0,0.0,0.2947246886823554,0.0,0.0,0.0,0.0,0.5095335266699851,0.0,0.0,0.3589057505407962,0.0,0.1945889525461444,0.3882476429595939,0.0,0.1191244794030841,0.0,0.0,0.0,0.0,0.0,0.0,0.0,0.5917385557259539,0.0,0.0,0.0,0.4245667824676915,0.0,0.0,0.0,0.4356386991729295,0.0,0.0,0.0,0.0
0.3460611432685874,0.5168653494111886,0.0,0.3128347451824114,0.1722996174258956,0.5374897236412421,0.1570750469147673,0.3347128059990987,0.5105697762171512,0.0,0.0,0.0,0.468053375017175,0.0,0.5815201128453413,0.4320626053517936,0.2954246468271811,0.4798828086242995,0.0,0.0,0.4720389007208194,0.6136374186765579,0.5045606571900296,0.0,0.477103078036071,0.4316722202281879,0.5983952302805784,0.5419103614495492,0.5770031893767992,0.4689110357518743,0.1572912731465801,0.3988968655034257,0.0758555731986273,0.1042299256052828,0.0,0.3526464220864697,0.3771993497397389,0.0,0.4197583730597978,0.2398204066201704,0.2630850185699742,0.0,0.0,0.0,0.0,0.0,0.3325997057449401,0.0,0.0,0.0,0.4118664645651973,0.0,0.081159324969735,0.0,0.0,0.0,0.0,0.1569141261098041,0.0,0.5870655926174765,0.0,0.0,0.0,0.0,0.5633836250881524,0.4075547139106115,0.5230155689989512,0.463613574426775,0.0,0.0,0.3150310038936846,0.5784362584142219,0.3266456907701311,0.4028799245587548,0.0,0.151865974414442
0.5473394883905481,0.4619541440097004,0.0,0.0,0.0,0.4197750893857708,0.0,0.4502902491318938,0.0,0.2829639437395068,0.0,0.2432732610138415,0.4585440660710876,0.2176647984429544,0.4822507661513626,0.451385490808993,0.0,0.4401998213875553,0.0,0.4720389007208194,0.0,0.5229565807672535,0.5184166854080788,0.4253164406330052,0.4719902855786864,0.4677288900896585,0.5243097184911921,0.4299946034092882,0.506120036015834,0.5155056909880582,0.3529976422640543,0.3007538561175191,0.328454323762966,0.3179624141247895,0.0,0.1840952809011596,0.0,0.0,0.3763408031946583,0.2953747764335874,0.3220646527378727,0.0,0.0,0.0,0.0,0.5095476304216958,0.4510995095896448,0.0,0.0,0.0,0.4194258119747366,0.0,0.3708821411147655,0.0,0.0,0.0,0.0,0.0,0.0,0.4970712332978322,0.4355635692805252,0.0,0.0,0.0,0.5103265855354558,0.6176704901422874,0.5398936114887868,0.5503648734369521,0.0,0.3577732560511263,0.4438220170743114,0.517823170991221,0.4020907250108677,0.4940390176713787,0.0,0.2889130048497859
0.4806924210630003,0.5702670469916172,0.0,0.2863390714498024,0.3324501172118568,0.4453839030432873,0.3508234844844476,0.3465651771241404,0.4733611920952289,0.2953415206076688,0.0,0.0,0.5169447112273462,0.0,0.5633151958813915,0.5160471588521511,0.4527272221322334,0.4972940975061097,0.0,0.6136374186765579,0.5229565807672535,0.0,0.4629394808693491,0.0,0.5258955293828463,0.5216610963953019,0.6013176633087133,0.522362284716907,0.5238687122301511,0.4923522724376276,0.3245944301922414,0.297975940997862,0.1595293729652184,0.1782462530796459,0.0,0.2609392875144514,0.3597356254726476,0.0,0.347801899340645,0.2014470662802401,0.2388127824274972,0.0,0.0,0.0,0.0,0.4211645435560545,0.451819174096526,0.0,0.0,0.0,0.3699851923649617,0.0,0.0,0.0,0.0,0.0,0.0,0.0,0.0,0.5872607902142197,0.3862139217532194,0.0,0.3091957929513207,0.0,0.5981355818524692,0.4916449192821698,0.5755310590709272,0.4786555886409765,0.0,0.3318820535375059,0.4339004300376357,0.5822255805490109,0.373399269623567,0.4329209501809041,0.0,0.1895579097734413
0.4052971516444607,0.4957634457065943,0.4695939711991906,0.3209804341191778,0.1516216763607819,0.568309514232408,0.1960844680832435,0.5267238139263003,0.4569718581516219,0.182185149158909,0.1515234344094861,0.2631563469860424,0.4768663384487847,0.0864344917397559,0.4772169166734236,0.4571554061373523,0.0,0.4541347793364805,0.4194265554057808,0.5045606571900296,0.5184166854080788,0.4629394808693491,0.0,0.454099702307097,0.4633187303923179,0.4817451734731328,0.5593565433079796,0.4427088234379211,0.5178141395672481,0.4431774118029573,0.2220046787127944,0.3429304059463502,0.2546498655322647,0.2512800170239845,0.0,0.3020593451070774,0.1762687167626834,0.2704459040769249,0.3557990520401299,0.3686940196899477,0.318219179066781,0.0,0.2027888057946239,0.0,0.0,0.0,0.4807889026611209,0.5123182532241104,0.0,0.0,0.5590634185901586,0.0107911069243239,0.2642404133402721,0.4070863246430159,0.0,0.0,0.0,0.3587645052254247,0.0,0.4514612824969198,0.0,0.0,0.0,0.4528586037662012,0.4584710772747289,0.4693121216046502,0.4779718965175739,0.606213967954836,0.0,0.0,0.4539545818970158,0.5194933942699778,0.3723832934315386,0.4178395165446233,0.2323366301611565,0.1751501762302732
0.4695222469358171,0.0,0.0,0.0,0.0,0.0,0.1740741038043599,0.3124347874172062,0.0,0.2715140109660018,0.1453875861195075,0.2909589764254568,0.4585376321525273,0.0,0.333257431940595,0.4113142340135791,0.4511870185179128,0.4848305523550559,0.0,0.0,0.4253164406330052,0.0,0.454099702307097,0.0,0.5177313409427857,0.5346985913757435,0.3770127445075213,0.506946802368084,0.0,0.0,0.2095661783434486,0.3466666295734595,0.2959102454813207,0.2115236780122955,0.0,0.246160178114142,0.3671190371812322,0.3679873321646101,0.4164658020981338,0.4051113980236012,0.4529454175235795,0.0,0.0,0.0,0.5110847604225449,0.5127869557366609,0.3869281640156368,0.0,0.0,0.0,0.0,0.0,0.0,0.0,0.1889239355009368,0.0,0.3184466751027641,0.0,0.0,0.0,0.3760244936027545,0.0,0.3531557375942839,0.0,0.0,0.0,0.0,0.0,0.5802922718460773,0.2678906160773491,0.4480727251075422,0.0,0.4226147927487578,0.0,0.0,0.3056148845571951
0.4915651700064174,0.6235330885160992,0.0,0.0,0.1607755999491432,0.4888226812957679,0.2853528787837366,0.315726205791699,0.4077860649475233,0.3348913011420244,0.0,0.2347270936790349,0.4865160817131794,0.0,0.4186836784617059,0.4761949620344147,0.5227374767771058,0.5658556478199538,0.0,0.477103078036071,0.4719902855786864,0.5258955293828463,0.4633187303923179,0.5177313409427857,0.0,0.5988781800638379,0.5218188722987673,0.4735965649722465,0.5128424866586367,0.0,0.2185627070594196,0.3378780367938202,0.266064583606637,0.167783999485949,0.0,0.0,0.0,0.3879021735116001,0.4221161004436775,0.3783412662643385,0.3964864924833616,0.0,0.0,0.0,0.3566167788455817,0.4558185867922359,0.4714676778714109,0.0,0.0,0.0,0.0,0.0,0.0,0.0,0.1961737077408236,0.0,0.2172674677156939,0.0,0.0,0.5147434093556185,0.3913620591738088,0.0,0.3085817305142274,0.0,0.4142182377851115,0.4740867242111647,0.4648086628531751,0.0,0.4940156656762119,0.3139572507455688,0.4836537790614009,0.0,0.0,0.34610048570225,0.0,0.1785744885969051
0.5522931349246815,0.608736446150913,0.0,0.0,0.202805367379717,0.4201318840432977,0.3278355323417459,0.3803698272284212,0.3605518075527534,0.445971382765058,0.0,0.3674403570579103,0.5310374995473255,0.0,0.404292218597495,0.4957199188070543,0.5901059952243563,0.5061272448620403,0.0,0.4316722202281879,0.4677288900896585,0.5216610963953019,0.4817451734731328,0.5346985913757435,0.5988781800638379,0.0,0.4718895434089509,0.4669692481966883,0.4088917818416989,0.0,0.2977649904847097,0.2526000513289069,0.3076467245618112,0.2116359062143694,0.0,0.2317489586496411,0.0,0.4196208830428746,0.337269417507335,0.3250611077514713,0.3592487472910807,0.0,0.0,0.0,0.3676347740010284,0.5202303760644088,0.542811947324689,0.0,0.0,0.0,0.3123989168763598,0.0,0.0,0.0,0.3522249642218469,0.0,0.3691493197346287,0.0,0.0,0.4634053395794516,0.3961332543644594,0.0683968446315672,0.3919776626335626,0.0,0.429531551188379,0.4548742094633093,0.5050213396663414,0.4843447218931689,0.5496626631570534,0.4290998369455112,0.615855949944156,0.4376005715061178,0.0,0.2910911038133977,0.0,0.2093208817025894
0.4163038709062079,0.5309416483333066,0.4861941371584303,0.3169920040337873,0.2379192545236488,0.563742641705728,0.2326279498515065,0.3652466420577039,0.5657238581473376,0.1689810182305055,0.2100137997158924,0.0,0.4652904386737862,0.1466286671406146,0.5823765785773148,0.4748299369483381,0.0,0.5011583906116156,0.4495702927880293,0.5983952302805784,0.5243097184911921,0.6013176633087133,0.5593565433079796,0.3770127445075213,0.5218188722987673,0.4718895434089509,0.0,0.4931753897406565,0.6027221940461273,0.4496908034909098,0.2323406228942276,0.3696286945702018,0.1470281955717319,0.1688328557351114,0.0,0.3085233216203786,0.290825461668514,0.0,0.3504870407517649,0.2919781690623242,0.2392323136627301,0.0,0.1892183996896505,0.0,0.0,0.0,0.4607170904951048,0.5271762420084326,0.0,0.0,0.4817930989209094,0.0,0.1701192854949597,0.4874841417041198,0.0,0.0180201932316214,0.0,0.2532361307363968,0.0,0.569012248694933,0.0,0.0,0.0,0.4430023419522508,0.5389459667441812,0.498698067123024,0.5299328724893989,0.5219191483451028,0.0,0.0,0.410210269432371,0.6353406796975396,0.3332725750890754,0.4687143638153905,0.1431633826761006,0.1383777727995357
0.374704200889752,0.501868932407625,0.4062735503045931,0.3722185505398254,0.1567884239135521,0.4880793037980024,0.2127953893706918,0.307552866213707,0.4553103619770993,0.2049399097682984,0.2390878811553172,0.2251139410236549,0.5506098680109918,0.1319797757674097,0.4670824636411525,0.5024917538082307,0.4075382447728671,0.5351356292636953,0.4767383967540483,0.5419103614495492,0.4299946034092882,0.522362284716907,0.4427088234379211,0.506946802368084,0.4735965649722465,0.4669692481966883,0.4931753897406565,0.0,0.5039166420280836,0.5249081200326005,0.3064340401398822,0.346616855759287,0.1472740832897539,0.1828093738527199,0.0,0.3978949050016336,0.4312855612208262,0.3319251040865275,0.3789753097408238,0.2738033507269877,0.339870113908561,0.0,0.32814635015849,0.0,0.0,0.0,0.0,0.4800810319159814,0.0,0.0,0.3690808963485336,0.0,0.1457298196752254,0.0,0.0,0.0,0.2218499676995813,0.0,0.0,0.4804305187881033,0.0,0.0,0.0,0.0,0.4772186157815731,0.3564154163966226,0.4920202238525259,0.4037484060503877,0.0,0.0,0.0,0.4553935653663493,0.4936193488737465,0.3494612231868481,0.0,0.2653464695316453
0.385556261978091,0.5080819725727584,0.3993442395974401,0.0,0.1599993659636437,0.5905338340026812,0.1695680841744866,0.310801223741187,0.4940292369872444,0.0,0.0,0.0,0.460110724513205,0.0,0.4917734120240704,0.4551451713043382,0.3108008242283583,0.5182096716514275,0.0,0.5770031893767992,0.506120036015834,0.5238687122301511,0.5178141395672481,0.0,0.5128424866586367,0.4088917818416989,0.6027221940461273,0.5039166420280836,0.0,0.4786207630119817,0.1685831344148442,0.3864455514765377,0.1380925063039221,0.1548434101369019,0.0,0.2835749969333758,0.3348841358436106,0.0,0.3942783629358118,0.0,0.289983019830701,0.007693712094483,0.248860434866752,0.0,0.0,0.0,0.3296771498404632,0.0,0.0,0.0,0.4623282723847199,0.0,0.1241952588513009,0.0,0.0,0.0,0.0,0.165397111032668,0.0,0.5272623957579298,0.0,0.0,0.0,0.0,0.4567882369021246,0.4583262529811912,0.4475239598794602,0.4850693660930775,0.0,0.0,0.2927260982024002,0.5528492625938395,0.303156707481433,0.4654476990796646,0.099509208701162,0.1441749891404361
0.0,0.0,0.3379310875813723,0.0,0.0,0.3831861217032867,0.0,0.3692565699660195,0.4059970077744884,0.0,0.0,0.0,0.4956841077434019,0.0,0.3681873465578582,0.4834359207987047,0.0,0.4020434491602114,0.0,0.4689110357518743,0.5155056909880582,0.4923522724376276,0.4431774118029573,0.0,0.0,0.0,0.4496908034909098,0.5249081200326005,0.4786207630119817,0.0,0.4626209527118186,0.1897405916931525,0.2643377590278656,0.3307751466211553,0.0,0.0,0.0,0.0,0.2401614156804596,0.0,0.0,0.0,0.0,0.0,0.0,0.0,0.0,0.0,0.0,0.0,0.3367640623898713,0.0,0.0,0.0,0.0,0.0,0.0,0.0,0.0,0.0,0.0,0.0,0.0,0.0,0.4549116693414297,0.0,0.0,0.4590808041837377,0.0,0.0,0.0,0.4370666989016552,0.0,0.3992768708435281,0.0,0.0
0.4276708851162202,0.2071397123609231,0.1890886298069662,0.102646228854622,0.3031933096284752,0.0820672310976097,0.3185808996408978,0.2388084871067802,0.165763187288672,0.3496238343531545,0.1908042088034693,0.2214409433082098,0.2912982469886553,0.2175340385496592,0.19749338799785,0.4412097619604021,0.3692789294455326,0.2542737345714723,0.2491169741181065,0.1572912731465801,0.3529976422640543,0.3245944301922414,0.2220046787127944,0.2095661783434486,0.2185627070594196,0.2977649904847097,0.2323406228942276,0.3064340401398822,0.1685831344148442,0.4626209527118186,0.0,0.0,0.3007503916626677,0.4270734525255545,0.0411510792849816,0.1019774188714136,0.1399153136872518,0.3553925680747331,0.0,0.0978644274695345,0.1214558659874141,0.0,0.0,0.0,0.0,0.4230011299286744,0.3452448292997582,0.0,0.0,0.0,0.0993401845620658,0.0,0.3184641860648332,0.0,0.3300134477089892,0.0,0.2288989448878672,0.0,0.0,0.1583321289235503,0.2640829079176444,0.2288853374704769,0.3068402376779316,0.0,0.267894688791469,0.3275624981108886,0.3395916279136171,0.2437655850301798,0.3196094012117815,0.3541133528942616,0.3572640559131695,0.1736182712326599,0.3183644822197715,0.2457240606757704,0.0,0.2412730911574143
0.1087707582886633,0.3243400691139866,0.316124424373418,0.2869974958647766,0.0223370727427132,0.4126170731818661,0.0471249285430523,0.262848481959588,0.3490620974420614,0.0179425307187997,0.2387959879753426,0.0981228970163819,0.3194231585171111,0.0630302418922575,0.3513813877760439,0.1605932093687296,0.1384686060404941,0.3059591943596516,0.3319500717834465,0.3988968655034257,0.3007538561175191,0.297975940997862,0.3429304059463502,0.3466666295734595,0.3378780367938202,0.2526000513289069,0.3696286945702018,0.346616855759287,0.3864455514765377,0.1897405916931525,0.0,0.0,0.0890016178053391,0.0,0.0,0.2496374247607106,0.2914721868350179,0.1375004830182862,0.5706827410429413,0.2907561140020648,0.315223477109445,0.1407128574722957,0.3550999349880161,0.3515210735392259,0.2813304883864026,0.1415435269999209,0.1693858062176441,0.328578510141067,0.0,0.0,0.3433042519159203,0.0,0.0113410631498977,0.2488203801548487,0.0,0.0,0.132692457381271,0.1161559260862225,0.0,0.362331425750361,0.240531549476976,0.0,0.1183022512102701,0.2881880676024019,0.2878671283087773,0.2760800914139217,0.2902357897052346,0.3003516020019341,0.2310014667350017,0.0647892952246433,0.1423090202266086,0.3727653167808001,0.2424922586345662,0.2548179928252797,0.0333272780633612,0.1744781802668256
0.3739709005550624,0.1814144609010523,0.0,0.0,0.1186934744686443,0.1104081491395217,0.2421845749052651,0.3007897462478485,0.0869200776506432,0.2717981681271841,0.0803963870945975,0.245638694768062,0.2184641748252399,0.0,0.0674647304998087,0.2887768926922482,0.2973937815824345,0.2389610573526455,0.0,0.0758555731986273,0.328454323762966,0.1595293729652184,0.2546498655322647,0.2959102454813207,0.266064583606637,0.3076467245618112,0.1470281955717319,0.1472740832897539,0.1380925063039221,0.2643377590278656,0.3007503916626677,0.0890016178053391,0.0,0.4108368368666207,0.0,0.0,0.0478683968242296,0.3173471981436221,0.2023599383337399,0.4359204738348837,0.3797664589404992,0.0,0.0,0.0,0.337734316531462,0.3687864103058111,0.2837460957020676,0.0,0.0,0.0,0.0,0.0,0.0,0.0,0.2470975724814489,0.0,0.2402952848718328,0.0,0.0,0.0751930198918072,0.2590461685846654,0.135757562167755,0.3026270659443925,0.0,0.1102307641488354,0.3285209272053421,0.187105050263756,0.3030017661441024,0.3623859562205659,0.2904748190955379,0.3482080578939163,0.1650662669941966,0.2306990131027514,0.2266190825483127,0.0,0.1960756629409289
0.3421007883496602,0.1291995067449488,0.1465600208472765,0.0340704968814277,0.1404726198111766,0.1243336537419688,0.1191875827027677,0.2467433188147299,0.1040192604351737,0.1887553592903839,0.0349430362033796,0.1989507528389129,0.1748761260527241,0.028584690733412,0.1261939510662967,0.3484812041785159,0.1992259617559976,0.2160499813264881,0.1812724992683036,0.1042299256052828,0.3179624141247895,0.1782462530796459,0.2512800170239845,0.2115236780122955,0.167783999485949,0.2116359062143694,0.1688328557351114,0.1828093738527199,0.1548434101369019,0.3307751466211553,0.4270734525255545,0.0,0.4108368368666207,0.0,0.1166457034472832,0.0110762753432401,0.0030224089830555,0.1852521483031671,0.0,0.3158003190697893,0.314245897691542,0.0,0.0,0.0,0.1088651982293059,0.3372024110595706,0.2800058410465421,0.0,0.0,0.0,0.1554518040662046,0.0,0.2285807608604033,0.0,0.1985543960659936,0.0,0.1741853350682008,0.2603966110454422,0.0,0.0704008888476171,0.2884397083839384,0.163197878826186,0.3019978945834676,0.0,0.1631941509265537,0.27215813338874,0.2330459930126781,0.2415766428213788,0.2757203953837343,0.2953039922954341,0.3008999854961925,0.1273085011403564,0.2170745024772548,0.2331411708028568,0.0,0.2226263226602256
0.0,0.0,0.0,0.0,0.0,0.0,0.0,0.0,0.0,0.0,0.0,0.0,0.0,0.0,0.0,0.0,0.0,0.0,0.0,0.0,0.0,0.0,0.0,0.0,0.0,0.0,0.0,0.0,0.0,0.0,0.0411510792849816,0.0,0.0,0.1166457034472832,0.0,0.0,0.0,0.0,0.0,0.0,0.0,0.1478901140704905,0.0,0.0,0.0,0.0,0.0,0.0,0.0,0.0,0.0,0.0,0.0,0.0,0.0,0.0,0.0,0.0,0.0,0.0,0.0,0.0,0.0,0.0,0.0,0.0,0.0,0.0,0.0,0.0,0.0,0.0,0.0,0.0,0.0,0.0
0.0,0.0,0.2508472799184177,0.3026516467773274,0.0,0.31864450215394,0.0,0.199255265793961,0.2440047578255617,0.0077299988537699,0.0295723893023221,0.0972126241960905,0.2820320627290288,0.0270440666272904,0.3049347388294166,0.0,0.0,0.0,0.1528148552010109,0.3526464220864697,0.1840952809011596,0.2609392875144514,0.3020593451070774,0.246160178114142,0.0,0.2317489586496411,0.3085233216203786,0.3978949050016336,0.2835749969333758,0.0,0.1019774188714136,0.2496374247607106,0.0,0.0110762753432401,0.0,0.0,0.2831192661962146,0.1666718822863667,0.2748667985516696,0.1387952709717003,0.1026124726211429,0.0264722624030817,0.2728695556927901,0.2122354180915261,0.0,0.0,0.0,0.249210110814633,0.0,0.0,0.2433684477463329,0.0,0.0,0.1418246241601463,0.0,0.0,0.1394770941840866,0.1446810016580728,0.0,0.0,0.0,0.0,0.0,0.1393836389015957,0.2946561741313293,0.0,0.2738433741321802,0.1733597209212871,0.0,0.0,0.0,0.2987855054360858,0.2570876904472356,0.1175936566572381,0.0,0.0
0.0,0.0,0.1051127129141711,0.2662011259991683,0.0769362410004346,0.2618167340577849,0.1001301899614516,0.0641450559651131,0.2555073132764086,0.1314989184309391,0.0945478854757563,0.0060710898920347,0.3094308137826027,0.1832348822967028,0.0,0.0,0.0,0.0,0.2986258182125895,0.3771993497397389,0.0,0.3597356254726476,0.1762687167626834,0.3671190371812322,0.0,0.0,0.290825461668514,0.4312855612208262,0.3348841358436106,0.0,0.1399153136872518,0.2914721868350179,0.0478683968242296,0.0030224089830555,0.0,0.2831192661962146,0.0,0.2993005031304276,0.3578573350371412,0.1071298347000589,0.197186249415653,0.0,0.2265276799845316,0.2663737153269312,0.0,0.0,0.0,0.0,0.0,0.0,0.0,0.0,0.0,0.0,0.0,0.0,0.0370938679685206,0.0,0.0,0.0,0.0,0.0,0.0,0.0,0.0,0.0,0.0,0.0,0.0,0.0,0.0,0.0,0.0,0.0,0.0,0.0
0.4032744438195457,0.0,0.0,0.0,0.1513798478842369,0.2081296547919915,0.2629922116066206,0.0,0.20183877971349,0.4245658070664511,0.1110054368161383,0.2993105497166643,0.3694009833916427,0.0,0.0,0.0,0.4559843191965517,0.0,0.2519944901917808,0.0,0.0,0.0,0.2704459040769249,0.3679873321646101,0.3879021735116001,0.4196208830428746,0.0,0.3319251040865275,0.0,0.0,0.3553925680747331,0.1375004830182862,0.3173471981436221,0.1852521483031671,0.0,0.1666718822863667,0.2993005031304276,0.0,0.2161460134721806,0.1590013070233239,0.2282988074560001,0.0,0.0,0.0,0.3115895777269947,0.0,0.0,0.0,0.0,0.0,0.0,0.0,0.0,0.0,0.3434768354154646,0.0,0.3076188482383054,0.0,0.0,0.0,0.0,0.0,0.0,0.0,0.0,0.0,0.0,0.0,0.4469693382468269,0.3133409386032783,0.3988364714644991,0.0,0.0,0.0,0.0,0.118537170995274
0.2277414448419721,0.3817995664186194,0.2897640775287823,0.0,0.0528051495677781,0.4187754325465576,0.0,0.3262403967271472,0.3279542107741391,0.0757246473160572,0.2033848055034885,0.0959872068194807,0.3709433069135086,0.1194852358791733,0.3609518933840993,0.2482687118491659,0.2392590606743032,0.3545204033022857,0.3380630835622085,0.4197583730597978,0.3763408031946583,0.347801899340645,0.3557990520401299,0.4164658020981338,0.4221161004436775,0.337269417507335,0.3504870407517649,0.3789753097408238,0.3942783629358118,0.2401614156804596,0.0,0.5706827410429413,0.2023599383337399,0.0,0.0,0.2748667985516696,0.3578573350371412,0.2161460134721806,0.0,0.3293791913865888,0.3427285975514,0.0282693084450967,0.3026135548703076,0.3475182285174008,0.3585744054756265,0.2539814683557181,0.2428961195902035,0.3074026089686046,0.204089912125842,0.0,0.3795400303146158,0.0,0.0942889209075936,0.2441373688184322,-0.0023370377477949,0.0,0.1423458604817216,0.1708634218310045,0.0,0.3842078024745051,0.2730274831671869,0.0,0.1607245864133446,0.3299115785834486,0.3098201022657773,0.3689260888884204,0.3133585262869887,0.3408726452833034,0.3360192582882143,0.109016999399849,0.2394871406707074,0.3752692599910785,0.2679183442338315,0.2616503181861835,0.0346885906496628,0.1574077166964961
0.3021837410628367,0.2903121793048603,0.0,0.0,0.0,0.0,0.0,0.0,0.0,0.0662930662767139,0.0,0.1477139953736161,0.0,0.0,0.2130069488872107,0.2945222788826365,0.1974633075367159,0.3319481765678861,0.0,0.2398204066201704,0.2953747764335874,0.2014470662802401,0.3686940196899477,0.4051113980236012,0.3783412662643385,0.3250611077514713,0.2919781690623242,0.2738033507269877,0.0,0.0,0.0978644274695345,0.2907561140020648,0.4359204738348837,0.3158003190697893,0.0,0.1387952709717003,0.1071298347000589,0.1590013070233239,0.3293791913865888,0.0,0.4739752185506655,0.0495122298014232,0.171615512438074,0.1659461913167454,0.3500277066320927,0.3400616488066293,0.2679587053662288,0.0,0.0,0.0,0.3650305126069977,0.0,0.1546234665918872,0.2154716320627554,0.0544574850213957,0.0220259277336991,0.1394159319122186,0.2319004523831087,0.0,0.2072305583771887,0.3539664259581316,0.0,0.2803723338340134,0.0,0.2077718760900065,0.2791641858950343,0.2401936579937674,0.3594045247026091,0.3574418188729696,0.2216484083269137,0.29319682041267,0.3152993438601609,0.238883042313478,0.2788330232482851,0.1602063916894958,0.2286036732421482
0.3338517301041281,0.2871058827642357,0.0,0.0,0.0,0.3118973407380248,0.0,0.2351064813596594,0.0,0.1988044878612725,0.0,0.309114240664051,0.3077896080894519,0.0,0.2127226259917364,0.2783454869096815,0.2783506459655185,0.3612664940152532,0.0,0.2630850185699742,0.3220646527378727,0.2388127824274972,0.318219179066781,0.4529454175235795,0.3964864924833616,0.3592487472910807,0.2392323136627301,0.339870113908561,0.289983019830701,0.0,0.1214558659874141,0.315223477109445,0.3797664589404992,0.314245897691542,0.0,0.1026124726211429,0.197186249415653,0.2282988074560001,0.3427285975514,0.4739752185506655,0.0,0.0639759013074657,0.2004060263965519,0.2201626113366504,0.3599921088522695,0.3723288131717301,0.2373865720280981,0.2364043368565221,0.2407314332007046,0.0,0.3154730983684238,0.0,0.0834315622736096,0.1515343714742169,0.1720882593122957,0.0,0.2993934693102698,0.2334853537652132,0.0,0.2123300809976711,0.414465408432472,0.0317190483595352,0.3629768445326568,0.2797588026621198,0.2643157179749854,0.2889867693887711,0.3089107969391471,0.3148432371992617,0.4050523144484648,0.2627012058676133,0.3333144329911006,0.2775821334505851,0.3355278503679936,0.3088438691416159,0.2007161832278716,0.3555549766679994
0.0,0.0,0.0,0.0,0.0,0.0402741737468365,0.0,0.0,0.0,0.0,0.0,0.0,0.0,0.0,0.0,0.0,0.0,0.0,0.0,0.0,0.0,0.0,0.0,0.0,0.0,0.0,0.0,0.0,0.007693712094483,0.0,0.0,0.1407128574722957,0.0,0.0,0.1478901140704905,0.0264722624030817,0.0,0.0,0.0282693084450967,0.0495122298014232,0.0639759013074657,0.0,0.0236413857475063,0.1659878919874513,0.0,0.0,0.0,0.0,0.0,0.0,0.0018716679607304,0.0,0.0,0.0,0.0,0.0,0.0,0.0,0.0,0.0,0.0,0.0,0.0,0.0,0.0,0.0,0.0,0.0,0.0,0.0,0.0,0.0,0.0,0.0,0.0,0.0
