0.0,0.5759474816261195,0.0,0.0,0.0,0.2919526070205222,0.0,0.4853469065803685,0.0,0.4383118210047829,0.0,0.2170620088232003,0.3833875874802808,0.0,0.4169865884561066,0.8610960276595134,0.6475394846122164,0.7772941821406553,0.0,0.3641018190477848,0.6913429307449415,0.5878553272698971,0.4175819018736612,0.3846412706132301,0.8629072666602653,0.6639576574485474,0.4090265886704332,0.3189865327001295,0.7055321056073881,0.0,0.8310943911931415,0.3983826834686625,0.466363220302346,0.5921990146108618,0.539354558077434,0.0,0.0,0.0618994515143918,0.1830223388844261,0.6483495981870843,0.6277195939344868,0.0,0.0,0.0,0.0,0.9685775290071836,0.5712897202404832,0.0,0.0,0.0,0.0,0.0,0.0,0.0,0.5459711214322697,0.0,0.0,0.0,0.0,0.0,0.7120446562700111,0.0,0.7442089431647397,0.0,0.0,0.6197804967736025,0.5412781542633396,0.0,0.3649612697489511,0.7725890426133587,0.7848046977472565,0.0,0.0,0.0,0.0,0.8355410514568757
0.5759474816261195,0.0,0.0,0.0,0.0,0.6088607145391091,0.0,0.695958923315208,0.6976633482986491,0.0,0.0,0.0,0.4557017195277386,0.0,0.5481221342275565,0.652111796909696,0.5143954003797893,0.7052198416461943,0.0,0.5030693373809947,0.6146807538355158,0.6638852568019163,0.6981797268377116,0.0,0.7823635370759199,0.9285252955532256,0.5009981988943278,0.2733674241532247,0.5741204215200426,0.0,0.5614939653564821,0.4222352016691679,0.3779134109378628,0.5422820119675316,0.3900499778080309,0.0,0.0,0.0,0.2922903718815594,0.4524741953270966,0.4592005507426041,0.2256179874565533,0.0,0.0,0.0,0.4756147500259439,0.5752573280509256,0.0,0.0,0.0,0.7671569722069846,0.0,0.0,0.0,0.0,0.0,0.0,0.0,0.0,0.5596339756485404,0.3319338944850349,0.0,0.4665632268279532,0.0,0.3869055857156769,0.4141663406907644,0.3279438115825414,0.6578029903040609,0.0,0.5489428243957258,0.7337864546991243,0.6055938723942317,0.0,0.5327679876290347,0.0,0.4471207461206349
0.0,0.0,0.0,0.0,0.0,0.7020570627813879,0.0,0.5459702302144874,0.453362266735215,0.3503181833941713,0.5677854971076088,0.1988650413699956,0.0,0.0446007871082685,0.0,0.0,0.0,0.0,0.7000481940137913,0.0,0.0,0.0,0.6987049696481952,0.0,0.0,0.0,0.6596677964577001,0.0386024680138903,0.0,0.0,0.2253464878577341,0.4468374030294577,0.4922076410205868,0.2161714032987786,0.1738318022006963,0.4653458247861735,0.29170671678807,0.0,0.4575826347252252,0.0,0.3594096377066136,0.0,0.0,0.0,0.0,0.0,0.0,0.3475724133098858,0.0,0.0,0.4827582305044549,0.0758105606384965,0.3024383675374074,0.5429790853058537,0.0,0.1342821141148159,0.0,0.1328659904971593,0.2631852890442889,0.0,0.0,0.0,0.0,0.6797096718180383,0.0,0.0,0.0,0.5256523477888828,0.0,0.0,0.0,0.437447618781451,0.1612538537885622,0.0,0.0,0.0
0.0,0.0,0.0,0.0,0.6921481317184031,0.0,0.5917380919824862,0.0,0.0,0.0,0.0,0.0,0.369089713193389,0.4393952651376652,0.0,0.0,0.0,0.0,0.0,0.0,0.0,0.0,0.0,0.0,0.0,0.0,0.0,0.2980872231146882,0.0,0.0,0.0,0.0,0.0,0.0,0.0,0.0,0.0,0.0,0.0,0.0,0.0,0.0,0.0,0.0,0.0,0.0,0.0,0.0,0.0,0.0,0.0,0.0,0.0,0.0,0.0,0.0,0.0,0.0,0.0,0.0,0.0,0.0,0.0,0.0,0.0,0.0,0.0,0.0,0.0,0.0,0.0,0.0,0.0,0.0,0.0,0.0
0.0,0.0,0.0,0.6921481317184031,0.0,0.0,0.6626855836877965,0.0,0.0,0.0,0.0,0.0,0.3026085023731434,0.5427740870074216,0.0,0.0,0.0,0.0,0.0,0.1220249297596162,0.0,0.0,0.0,0.0,0.0,0.0,0.0,0.1531116170771301,0.0,0.0,0.0,0.0,0.0,0.0,0.0,0.0,0.0,0.0,0.0,0.0,0.0,0.0,0.1000417154448694,0.0,0.0,0.0,0.0,0.0,0.0,0.7332396207376364,0.0,0.0,0.0,0.0,0.0,0.3174692148426856,0.0,0.0,0.0,0.0,0.0,0.0,0.0,0.0,0.0,0.0,0.0,0.0,0.0,0.0,0.0,0.0,0.0,0.0,0.0,0.0
0.2919526070205222,0.6088607145391091,0.7020570627813879,0.0,0.0,0.0,0.0,0.7418644961269535,0.4906681991648458,0.5061185769455432,0.4602617366968034,0.6115577042566361,0.3642745162961864,0.0619490560056187,0.3251197832462782,0.3113270137266106,0.49205192617802,0.3770086933589019,0.5317715079593832,0.2987530561722956,0.4508598587616872,0.2433187799050046,0.8629693989374658,0.0,0.4863414465985221,0.740557830412178,0.8125016018545347,0.2383852992432167,0.5075184377362628,0.3090192941668312,0.2319264345494525,0.5053269939129671,0.4222013527574494,0.2406632570435579,0.250759416607849,0.4471448402408431,0.3551142724568671,0.1468625728254239,0.4576550429050405,0.0,0.3814428275654786,0.2942954721077765,0.0,0.0,0.0,0.0,0.3477367435286586,0.4697868883234372,0.0,0.0,0.6721379704708387,0.1975019517799299,0.5512893674709471,0.5284336896055172,0.0,0.1802014237856469,0.0,0.3700362092432788,0.0,0.3769437967246104,0.0,0.0,0.0,0.5003289624827474,0.2844115207549503,0.4147928829554727,0.223372108776828,0.7588766314690687,0.0,0.0,0.5688725872523136,0.5945232024566706,0.158137676793492,0.301646646294923,0.3194709840801835,0.3023154834029661
0.0,0.0,0.0,0.5917380919824862,0.6626855836877965,0.0,0.0,0.0,0.2678238102805421,0.0,0.2034138829032762,0.0,0.4469499188759775,0.3160386025575892,0.0,0.2180469706628691,0.0510366694925618,0.2845168405856775,0.0,0.094930244679458,0.0,0.0145021994237871,0.0,0.0776917214490089,0.1466782338265817,0.046798998805553,0.0,0.3140003732086536,0.2915080761252199,0.0,0.1475373904744522,0.0,0.0,0.0296244326563891,0.0,0.0,0.0,0.0,0.0,0.0,0.0,0.0,0.3009584289221859,0.0,0.0,0.0,0.0,0.1860994383810929,0.0,0.0,0.185665400938716,0.0,0.0,0.1516800567310583,0.0,0.4574003897342161,0.0,0.0,0.0,0.0,0.0,0.0,0.0,0.0937702066709366,0.0,0.0,0.0,0.0,0.0,0.0,0.0,0.1464662985031135,0.0,0.0,0.0,0.0
0.4853469065803685,0.695958923315208,0.5459702302144874,0.0,0.0,0.7418644961269535,0.0,0.0,0.5606774012791639,0.3466229459291766,0.5166712734115955,0.4525046424461618,0.2653208510821269,0.0,0.2802645807546625,0.4196236435864888,0.0,0.4963193268699251,0.5271889645756322,0.1991394450150204,0.5875784198664775,0.2694296665361034,0.8517141719142624,0.7154883090200007,0.5204825654930048,0.7928140908196178,0.4271456649325408,0.1416360857592876,0.3380571302432809,0.5260925355559095,0.4154144279085449,0.466554220209312,0.3962128798686495,0.3462825277966876,0.3600424202396279,0.5409068178585742,0.3968911393153146,0.0,0.2966296526279706,0.0,0.3474345565841141,0.0,0.146787746856803,0.0,0.0,0.0,0.0,0.4274724481961161,0.0,0.0,0.6582837717993822,0.2244427261813638,0.8724529626395733,0.5880956962118652,0.0,0.2492072985914255,0.0,0.4591832865250388,0.1543777965331348,0.3564495923127772,0.0,0.0,0.0,0.5445363258613816,0.1535606035995936,0.560948880634273,0.0,0.7491035360568751,0.0,0.0,0.0,0.4133653411296307,0.3765689014638267,0.3147821358064859,0.0,0.3551485362705056
0.0,0.6976633482986491,0.453362266735215,0.0,0.0,0.4906681991648458,0.2678238102805421,0.5606774012791639,0.0,0.2793975203392303,0.6989641264062013,0.2135220040955817,0.5353344343304186,0.0,0.0,0.8078338521929017,0.0,0.7601638900185912,0.4174555666455188,0.5060329051939698,0.0,0.6345738265532622,0.5538291223449319,0.4051933373745366,0.7591300294385815,0.7268363951070522,0.5728611854122116,0.3800308330091113,0.7312893426303094,0.7439547860990904,0.7543189555752272,0.3730677337595679,0.3479984945514374,0.6714773636498438,0.5413015758631892,0.4259349724215159,0.3930732902073825,0.0776496772103038,0.1285172227797963,0.0,0.5882048184282945,0.0,0.1178535283831921,0.0,0.0,0.0,0.0,0.5187930867625009,0.0,0.0,0.8005769581695008,0.693223636366456,0.5204048542926895,0.921155448628858,0.0,0.5137449945418838,0.0,0.7488873420280685,0.2436085835074962,0.0,0.0,0.0,0.0,0.6531869956930421,0.0,0.0,0.0,0.6572311808885414,0.0,0.0,0.0,0.7256240905634849,0.6731871967319321,0.0,0.0,0.0
0.4383118210047829,0.0,0.3503181833941713,0.0,0.0,0.5061185769455432,0.0,0.3466229459291766,0.2793975203392303,0.0,0.2139105220454651,0.8103062970350972,0.3976271144729373,0.0,0.0,0.343907080992833,0.8523536392860352,0.4990177683270483,0.5611870685218971,0.1801439876578381,0.0,0.1779732865742766,0.3979051177623289,0.4087653074777448,0.5859181738881364,0.4992624450977056,0.4961481880633579,0.3443362569188989,0.36857777380506,0.0,0.254411165413471,0.296404867775166,0.3821616960378872,0.0103008373323014,0.1336641837303572,0.5023091379256089,0.7431371388456695,0.0342268054589143,0.3934911294139932,0.389246309735153,0.3347309372651245,0.3451937003402248,0.0,0.0,0.3115264180545872,0.4438922750820301,0.0,0.0,0.0,0.0,0.0,0.0,0.0,0.0,0.708883360831281,0.0,0.5432076382830539,0.2404880125727956,0.0,0.0,0.0,0.7015935516769998,0.5285106418136324,0.0,0.0,0.0,0.0,0.0,0.3156722265032676,0.4983048272725247,0.5226006833591572,0.0,0.1686731208442854,0.0,0.0,0.6779030725741118
0.0,0.0,0.5677854971076088,0.0,0.0,0.4602617366968034,0.2034138829032762,0.5166712734115955,0.6989641264062013,0.2139105220454651,0.0,0.1514720573065686,0.2830137336163937,0.0,0.0,0.0,0.3422517647403673,0.0,0.467864521124842,0.0,0.0,0.0,0.4019197833195352,0.4603190496275449,0.0,0.6127097841017841,0.4813648110905562,0.1600117933351399,0.0,0.0,0.5352254394451311,0.0952358523255081,0.0489608231444385,0.2688566094769696,0.0010753913868298,0.3527536656736719,0.3832439162669889,0.0,0.0,0.0,0.0,0.0,0.3712463233168619,0.0,0.0,0.0,0.0,0.427103069476744,0.0,0.0704135800405948,0.6703390043254225,0.2662331263605478,0.4695156254333282,0.7689522887206391,0.0,0.7450824525303095,0.0,0.4400579457547012,0.3418480396098194,0.0,0.0,0.0,0.0,0.7151626860644703,0.0,0.0,0.0,0.4842284031937252,0.0,0.0,0.0,0.5535224655420685,0.4546145734383515,0.0,0.0,0.0
0.2170620088232003,0.0,0.1988650413699956,0.0,0.0,0.6115577042566361,0.0,0.4525046424461618,0.2135220040955817,0.8103062970350972,0.1514720573065686,0.0,0.5830585793026503,0.0,0.0,0.0,0.7833764217467674,0.4571385371261466,0.3431736057900668,0.0,0.3162668831739783,0.0,0.4782070838511491,0.6350834181516066,0.4236585445231685,0.5672437815231134,0.3808842775931896,0.3885228370602755,0.0,0.0,0.1211958097884333,0.105210125964067,0.2336955075629622,0.0,0.0308205697119657,0.2462268001653379,0.5096109398714921,0.068642102699022,0.2788477801989836,0.2288215268528834,0.1164552031456861,0.1928209082255203,0.1614941180603282,0.0,0.2692243990509128,0.0,0.0,0.0,0.0,0.0,0.0,0.0,0.0,0.0,0.4973443010311086,0.0,0.8057973108603046,0.3135456818277454,0.0,0.0,0.0,0.6847732508981726,0.3688520925731153,0.0,0.0,0.0,0.0,0.0,0.5002177229416728,0.271569385823365,0.4155893830063031,0.0,0.1728010021252573,0.0,0.0,0.4192974016101841
0.3833875874802808,0.4557017195277386,0.0,0.369089713193389,0.3026085023731434,0.3642745162961864,0.4469499188759775,0.2653208510821269,0.5353344343304186,0.3976271144729373,0.2830137336163937,0.5830585793026503,0.0,0.0,0.5000914397705963,0.5301647789117617,0.6761748535825395,0.7460451537091032,0.1008010227846479,0.5522836343026528,0.3561648309055018,0.4808186281837325,0.2375037464726351,0.4347343531481325,0.5855225388228896,0.5845912069794187,0.339572808971139,0.8097854744614893,0.5049720447741322,0.2791508302715344,0.4327640978518075,0.0,0.0,0.1798640026137413,0.1528230225854301,0.0,0.3554931347210055,0.0,0.0,0.2153854407836856,0.2229294330129315,0.0,0.1973632355276377,0.0,0.0,0.0,0.0,0.6973725808072845,0.0,0.0,0.5746609289249647,0.5437310749063196,0.3947633521871462,0.0,0.0,0.4615759481375686,0.587642967234524,0.0,0.0,0.503857805263817,0.0,0.0,0.0,0.0,0.6260711714004173,0.0,0.5646841596959066,0.4654014168503564,0.0,0.3664825608254674,0.4337037922491991,0.5606273499544382,0.0,0.4421048450823945,0.0,0.0
0.0,0.0,0.0446007871082685,0.4393952651376652,0.5427740870074216,0.0619490560056187,0.3160386025575892,0.0,0.0,0.0,0.0,0.0,0.0,0.0,0.0,0.0,0.0,0.0,0.0,0.0,0.0,0.0,0.0,0.0,0.0,0.0,0.0,0.0,0.0,0.0,0.0,0.0,0.0,0.0,0.0,0.0,0.0,0.0,0.0,0.0,0.0,0.0,0.0,0.0,0.0,0.0,0.0,0.0,0.0,0.0,0.0,0.0,0.0,0.0,0.0,0.0110666773088837,0.0,0.0,0.0,0.0,0.0,0.0,0.0,0.0,0.0,0.0,0.0,0.0,0.0,0.0,0.0,0.0,0.0,0.0,0.0,0.0
0.4169865884561066,0.5481221342275565,0.0,0.0,0.0,0.3251197832462782,0.0,0.2802645807546625,0.0,0.0,0.0,0.0,0.5000914397705963,0.0,0.0,0.5795450113285597,0.0,0.6137213126999242,0.0,0.8748653499942997,0.5506707412984768,0.8291694955550107,0.3607049196872033,0.4088509974660913,0.5203311179687106,0.5586914947901696,0.5198201416172095,0.5503601188209377,0.6281788740254408,0.0,0.4622212792258476,0.2070503719138344,0.2205448050086217,0.324744880851853,0.1925088598115072,0.0387882007898988,0.0,0.0,0.1765408381768711,0.378355329991848,0.2893749084053567,0.0215007228759954,0.1241652077741129,0.0,0.0,0.0,0.3638801488887493,0.0,0.0,0.0,0.5189823902407645,0.0,0.3666495633010083,0.0,0.0,0.0,0.0,0.4750841032430373,0.0,0.8898511621676163,0.4296414750251893,0.0,0.0,0.0,0.738767917032785,0.381099483063762,0.645104597098824,0.368668301380047,0.0,0.3950971100105317,0.4556571857634748,0.6346130076135206,0.531904150865806,0.5630820785722868,0.0,0.4230464585884891
0.8610960276595134,0.652111796909696,0.0,0.0,0.0,0.3113270137266106,0.2180469706628691,0.4196236435864888,0.8078338521929017,0.343907080992833,0.0,0.0,0.5301647789117617,0.0,0.5795450113285597,0.0,0.6127783824631962,0.9027639680459808,0.0,0.5548944042180705,0.6759798132972628,0.7641278852730407,0.3707111612395056,0.3382189975695994,0.8731608260885249,0.6774574610931275,0.4714782314508839,0.4123669344959907,0.8112081132228727,0.6933597914305082,0.8849554877705375,0.3053912647280041,0.3361357281458915,0.6976111946269261,0.4697226333861062,0.0,0.0,0.0,0.0836603786733714,0.538022325708403,0.5573019545797181,0.1634003201107789,0.0,0.0,0.0,0.7803515757927595,0.6808611866715075,0.0,0.0,0.0,0.0,0.0,0.0,0.0,0.0,0.0,0.0,0.0,0.0,0.5996782267817539,0.7207539467532396,0.0,0.8218036239647447,0.0,0.563128380874062,0.5474015878216646,0.6517258784656159,0.5876128407663577,0.0,0.786037078532769,0.7396395079076822,0.7228765548600112,0.0,0.843498789317399,0.0,0.7939890154211842
0.6475394846122164,0.5143954003797893,0.0,0.0,0.0,0.49205192617802,0.0510366694925618,0.0,0.0,0.8523536392860352,0.3422517647403673,0.7833764217467674,0.6761748535825395,0.0,0.0,0.6127783824631962,0.0,0.8114908936579751,0.0,0.3995358710108684,0.0,0.4316217927045338,0.0,0.5994564997354112,0.7824142240892645,0.7209675626007752,0.0,0.5304626098163817,0.5463554784236384,0.0,0.4671119974035539,0.1662880470372858,0.3154587776637061,0.1880795472948532,0.2571040606396892,0.0,0.0,0.0253655926575811,0.0,0.4348977145285467,0.0,0.0,0.0,0.0,0.0,0.0,0.0,0.0,0.0,0.0,0.0,0.0,0.0,0.0,0.7276512971835319,0.0,0.6946956233009467,0.0,0.0,0.0,0.0,0.8028460089715656,0.727187368926831,0.0,0.0,0.0,0.0,0.0,0.513187271975409,0.6333305027380757,0.690420622086756,0.0,0.0,0.0,0.0,0.0
0.7772941821406553,0.7052198416461943,0.0,0.0,0.0,0.3770086933589019,0.2845168405856775,0.4963193268699251,0.7601638900185912,0.4990177683270483,0.0,0.4571385371261466,0.7460451537091032,0.0,0.6137213126999242,0.9027639680459808,0.8114908936579751,0.0,0.0,0.58547990601895,0.689134205525912,0.7121665881661103,0.357584039134203,0.5089255859454281,0.9031630385188564,0.7745576343013525,0.4094487195318508,0.536259099056062,0.7642984364130467,0.574801361159869,0.7297761703101479,0.143734242392344,0.2548123501989059,0.4991849207520337,0.3078273919003901,0.0,0.0,0.0,0.0,0.4638334460368821,0.4041889919173997,0.0459088067040556,0.0,0.0,0.0,0.7057352942523979,0.7587997748148488,0.0,0.0,0.0,0.0,0.0,0.0,0.0,0.6017922108908652,0.0,0.5598072506059947,0.0,0.0,0.0,0.6547240472123536,0.616880899922503,0.8331137305497682,0.0,0.0,0.0,0.729686144663758,0.0,0.4453285738382172,0.7386385510611638,0.7475492286758528,0.0,0.0,0.0,0.0,0.7689066456110808
0.0,0.0,0.7000481940137913,0.0,0.0,0.5317715079593832,0.0,0.5271889645756322,0.4174555666455188,0.5611870685218971,0.467864521124842,0.3431736057900668,0.1008010227846479,0.0,0.0,0.0,0.0,0.0,0.0,0.0,0.0,0.0,0.5050328607755209,0.0,0.0,0.0,0.466495895058561,0.205807656555485,0.0,0.0,0.2764361058858924,0.3258425558883195,0.0,0.1639857504367274,0.1812923965796057,0.6787974431598662,0.5574083940795269,0.0604133307915064,0.2701432632858839,0.0,0.0,0.0,0.2134586036226195,0.0,0.0,0.0,0.0,0.5402651114253926,0.0,0.0,0.4475343044034383,0.0927804086468263,0.3855710522509675,0.5167056781598645,0.0,0.1005839412823086,0.0,0.2522922366005752,0.0,0.0,0.0,0.0,0.0,0.7537704322664565,0.0,0.0,0.0,0.570361477399324,0.0,0.0,0.0,0.418382320142535,0.0,0.0,0.0,0.0
0.3641018190477848,0.5030693373809947,0.0,0.0,0.1220249297596162,0.2987530561722956,0.094930244679458,0.1991394450150204,0.5060329051939698,0.1801439876578381,0.0,0.0,0.5522836343026528,0.0,0.8748653499942997,0.5548944042180705,0.3995358710108684,0.58547990601895,0.0,0.0,0.4217906514108668,0.9011231830242624,0.2669154582018858,0.0,0.5247990633876132,0.5182179687700842,0.5671704129389911,0.599125720365873,0.6525824029812788,0.4083431938860773,0.4405178113810879,0.1052563941514736,0.0760369098406935,0.2831015201685796,0.0519553814230282,0.0039146212499524,0.1601652813103841,0.0,0.0637409287650813,0.2626330833641139,0.2193964927546477,0.0,0.2070394132388889,0.0,0.0,0.0,0.3293077107904171,0.0,0.0,0.0,0.5005841610149916,0.0,0.2894894011090501,0.0,0.0,0.0,0.0,0.4103786543342728,0.0,0.725015329705754,0.3378288125601342,0.0,0.0,0.0,0.7988623896107384,0.224146364884396,0.6484044348007304,0.2931483513232865,0.0,0.349403981380845,0.3916054135492634,0.627805431616045,0.4908149197572817,0.486333571881338,0.4041856744178267,0.3869283229906974
0.6913429307449415,0.6146807538355158,0.0,0.0,0.0,0.4508598587616872,0.0,0.5875784198664775,0.0,0.0,0.0,0.3162668831739783,0.3561648309055018,0.0,0.5506707412984768,0.6759798132972628,0.0,0.689134205525912,0.0,0.4217906514108668,0.0,0.558491070885887,0.5101202660256252,0.5317785812221106,0.7477249797677744,0.7005819829220019,0.43885809804018,0.3459154232174078,0.6718831030868704,0.0,0.582801664548153,0.3350512956866167,0.3893861967077954,0.4872650293458815,0.3516844201398677,0.0,0.0,0.0,0.1962430297245109,0.4488542567262313,0.4486629281773613,0.2248481734078169,0.0,0.0,0.0,0.7064769797176189,0.6940768840564305,0.0,0.0,0.0,0.6678334181772728,0.0,0.6376605186114728,0.0,0.0,0.0,0.0,0.5709149683099661,0.0,0.607113506388105,0.6182667029758585,0.0,0.0,0.0,0.4570129959299194,0.8207187020156775,0.553610278597501,0.629384607911792,0.0,0.6573614772438657,0.7694453102908969,0.608616349679202,0.5241624340607807,0.7157085937053708,0.0,0.664723294866557
0.5878553272698971,0.6638852568019163,0.0,0.0,0.0,0.2433187799050046,0.0145021994237871,0.2694296665361034,0.6345738265532622,0.1779732865742766,0.0,0.0,0.4808186281837325,0.0,0.8291694955550107,0.7641278852730407,0.4316217927045338,0.7121665881661103,0.0,0.9011231830242624,0.558491070885887,0.0,0.3206316416862057,0.0,0.666845670863701,0.5964124720302121,0.4616327215978242,0.4772328415326586,0.7134082157297024,0.5581371185768044,0.6534834793076691,0.285001389943278,0.2503241972159908,0.512023569980567,0.3370546438054762,0.1021300546183003,0.2314333227164208,0.0,0.16707978963898,0.4206061649104515,0.4441331353947504,0.0971058618678528,0.0442312363674959,0.0,0.0,0.5008011196440006,0.526436427930245,0.0,0.0,0.0,0.6044244682408658,0.0,0.0,0.0,0.0,0.0,0.0,0.0,0.0,0.7554380007742816,0.519567783495017,0.0,0.6451616625070263,0.0,0.69456558609446,0.3069394768309492,0.6806354728498275,0.3818564804429478,0.0,0.6036740315113849,0.5766005330630476,0.6978281019205795,0.6439499948023625,0.6975100852830448,0.0,0.5566248982775577
0.4175819018736612,0.6981797268377116,0.6987049696481952,0.0,0.0,0.8629693989374658,0.0,0.8517141719142624,0.5538291223449319,0.3979051177623289,0.4019197833195352,0.4782070838511491,0.2375037464726351,0.0,0.3607049196872033,0.3707111612395056,0.0,0.357584039134203,0.5050328607755209,0.2669154582018858,0.5101202660256252,0.3206316416862057,0.0,0.5889002886851973,0.4649962526052253,0.7748339901643068,0.6816536739297903,0.1646807329866852,0.3932039860270892,0.3898436871760079,0.3561618574563326,0.6287856614264996,0.5598031854879857,0.4065847002615847,0.5041944526265043,0.4865527267322548,0.3351953118541605,0.2908908286657398,0.5206607162084335,0.4610998243547644,0.4783989530296039,0.4179164059577116,0.0,0.0,0.0,0.0,0.3203855909868562,0.4240583171415468,0.0,0.0,0.695889030479205,0.2867301494330904,0.7276991896939866,0.5283159563750087,0.0,0.1182038822854233,0.0,0.4491318701497062,0.2192815687331396,0.410509912603027,0.0,0.0,0.0,0.4613451040809189,0.2168348079340665,0.4653138656895922,0.1629645798904371,0.8606486947384233,0.0,0.4008109752386631,0.6183942115849924,0.5219940243527159,0.3150171807015196,0.3297199395676256,0.3474669478599151,0.328333512941758
0.3846412706132301,0.0,0.0,0.0,0.0,0.0,0.0776917214490089,0.7154883090200007,0.4051933373745366,0.4087653074777448,0.4603190496275449,0.6350834181516066,0.4347343531481325,0.0,0.4088509974660913,0.3382189975695994,0.5994564997354112,0.5089255859454281,0.0,0.0,0.5317785812221106,0.0,0.5889002886851973,0.0,0.5084122772214922,0.7379647037634582,0.3591066135729737,0.3306477329982621,0.0,0.0,0.2685471698625177,0.1611191191140097,0.2869093123433871,0.1372501473100349,0.1149579567280841,0.3518453969472324,0.3062097980949199,0.1880300719948767,0.1232571827269595,0.2826051929234165,0.2090573236518519,0.0,0.0,0.0,0.1084345633981987,0.3776100252789434,0.0,0.0,0.0,0.0,0.0,0.0,0.0,0.0,0.3629216459728049,0.0,0.6924380907801589,0.0,0.0,0.0,0.2023078596737484,0.5488667047937514,0.3425319999074332,0.0,0.0,0.0,0.0,0.0,0.7320192419027421,0.3184016142339683,0.5691006019966612,0.0,0.3170665476080863,0.0,0.0,0.3840624840490284
0.8629072666602653,0.7823635370759199,0.0,0.0,0.0,0.4863414465985221,0.1466782338265817,0.5204825654930048,0.7591300294385815,0.5859181738881364,0.0,0.4236585445231685,0.5855225388228896,0.0,0.5203311179687106,0.8731608260885249,0.7824142240892645,0.9031630385188564,0.0,0.5247990633876132,0.7477249797677744,0.666845670863701,0.4649962526052253,0.5084122772214922,0.0,0.8695941766827107,0.6007866710430542,0.4234111285815822,0.8017716016445677,0.0,0.7168842401928434,0.3299414890525404,0.4079484393849899,0.5446759132755024,0.458763280663586,0.0,0.0,0.0294676146820012,0.1686117057813228,0.5703109429000199,0.5570746134583496,0.2432301980385343,0.0,0.0,0.0,0.8225754662485804,0.7789201660570255,0.0,0.0,0.0,0.0,0.0,0.0,0.0,0.5985215940370444,0.0,0.4454980681802604,0.7004727367129113,0.0,0.6279586418989848,0.7140771890801672,0.6024350829163373,0.7716096070539785,0.0,0.5749449483521049,0.6461597731611842,0.6531418058687039,0.7034079162109006,0.4097786233014739,0.8789720952090154,0.9088323212442928,0.0,0.0,0.8241066161354075,0.0,0.8208453010867242
0.6639576574485474,0.9285252955532256,0.0,0.0,0.0,0.740557830412178,0.046798998805553,0.7928140908196178,0.7268363951070522,0.4992624450977056,0.6127097841017841,0.5672437815231134,0.5845912069794187,0.0,0.5586914947901696,0.6774574610931275,0.7209675626007752,0.7745576343013525,0.0,0.5182179687700842,0.7005819829220019,0.5964124720302121,0.7748339901643068,0.7379647037634582,0.8695941766827107,0.0,0.633756059685197,0.4026197390652663,0.6310272818793651,0.0,0.5523999675278992,0.44783000075545,0.4450527021921693,0.4336578813037456,0.3761699562129113,0.3752326825063093,0.0,0.1169589327113595,0.3119695718685049,0.5203682434108127,0.508669270211944,0.2518285208994141,0.0,0.0,0.2169311808281066,0.5856661725932641,0.6189729537338386,0.0,0.0,0.0,0.8672372287758052,0.0,0.0,0.0,0.4492708102284252,0.0,0.6361271088362758,0.6412255162863795,0.0,0.6186856050885928,0.4815208798369484,0.5853379167228071,0.6040980564415036,0.0,0.4920053503890791,0.5561203204867988,0.4647288014610132,0.782933175444331,0.5339620626299364,0.6574050426855151,0.8635330698830684,0.7259016146945134,0.4692405744623709,0.590540257735189,0.0,0.6160697990632805
0.4090265886704332,0.5009981988943278,0.6596677964577001,0.0,0.0,0.8125016018545347,0.0,0.4271456649325408,0.5728611854122116,0.4961481880633579,0.4813648110905562,0.3808842775931896,0.339572808971139,0.0,0.5198201416172095,0.4714782314508839,0.0,0.4094487195318508,0.466495895058561,0.5671704129389911,0.43885809804018,0.4616327215978242,0.6816536739297903,0.3591066135729737,0.6007866710430542,0.633756059685197,0.0,0.3869860225345114,0.652187278786016,0.3366815496833835,0.3790617424874891,0.52613755192102,0.3978886712345868,0.3424881987026844,0.2636250463876087,0.3906795747331041,0.3920930435518079,0.1297346344060907,0.4035188229828091,0.3788575514840831,0.4457035221359066,0.2825098683744098,0.0,0.0,0.0,0.0,0.3657674026042916,0.5027911578183709,0.0,0.0,0.658354885308294,0.3151293877380243,0.3637073917649806,0.6083307902136158,0.0,0.216428142885545,0.0,0.3975877462787648,0.116336640164837,0.5075999572926844,0.0,0.0,0.0,0.4606049973355945,0.4653293827795369,0.3810455922348766,0.4035934627734437,0.6598784334948626,0.0,0.0,0.5823152072030916,0.8197095522561257,0.2201568025173304,0.5092673531032124,0.3554488749796828,0.4577665832169871
0.3189865327001295,0.2733674241532247,0.0386024680138903,0.2980872231146882,0.1531116170771301,0.2383852992432167,0.3140003732086536,0.1416360857592876,0.3800308330091113,0.3443362569188989,0.1600117933351399,0.3885228370602755,0.8097854744614893,0.0,0.5503601188209377,0.4123669344959907,0.5304626098163817,0.536259099056062,0.205807656555485,0.599125720365873,0.3459154232174078,0.4772328415326586,0.1646807329866852,0.3306477329982621,0.4234111285815822,0.4026197390652663,0.3869860225345114,0.0,0.4370717495796823,0.3931237994265599,0.3021185431757914,0.0383217169936681,0.0674151272746706,0.1229790374263761,0.0880883549006585,0.0760301317767317,0.3143752546386479,0.0,0.0,0.1625560611030826,0.3005399098542028,0.0,0.1779761741009773,0.0,0.0570879945047403,0.0,0.0,0.5876342262602282,0.0,0.0,0.3658207272249779,0.0,0.2615160952937644,0.3257383843852732,0.3247749833702113,0.0,0.3256283123424122,0.4016826727152554,0.0,0.5054821583854539,0.0,0.0,0.0,0.0,0.5761407327157951,0.267745417333691,0.5486542861642325,0.3103136102597721,0.0,0.2962099510130342,0.3471213777242799,0.5136889673135181,0.2453662441562105,0.3609646610358247,0.0,0.4813899633333281
0.7055321056073881,0.5741204215200426,0.0,0.0,0.0,0.5075184377362628,0.2915080761252199,0.3380571302432809,0.7312893426303094,0.36857777380506,0.0,0.0,0.5049720447741322,0.0,0.6281788740254408,0.8112081132228727,0.5463554784236384,0.7642984364130467,0.0,0.6525824029812788,0.6718831030868704,0.7134082157297024,0.3932039860270892,0.0,0.8017716016445677,0.6310272818793651,0.652187278786016,0.4370717495796823,0.0,0.6331261848721864,0.7115510822974186,0.2578647981335965,0.2798967616994773,0.5026059343869398,0.2991754884935825,0.3233065382806839,0.3835756939800636,0.0,0.1153710373580609,0.4654661710199852,0.4527336415620617,0.1422592635005939,0.110874151893406,0.0,0.0,0.0,0.6545393181997521,0.6493699739128472,0.0,0.0,0.7662434939740065,0.4837816859355255,0.3203045514131129,0.683282246104141,0.0,0.0,0.0,0.5960807473586639,0.0,0.6050872166559048,0.0,0.0,0.0,0.0,0.5510629866413023,0.5545746514777906,0.6002511448739591,0.5826938271166389,0.0,0.0,0.7259061923472444,0.7918047169661991,0.5608431100398639,0.8217603689197908,0.5779152402913829,0.6486600106178149
0.0,0.0,0.0,0.0,0.0,0.3090192941668312,0.0,0.5260925355559095,0.7439547860990904,0.0,0.0,0.0,0.2791508302715344,0.0,0.0,0.6933597914305082,0.0,0.574801361159869,0.0,0.4083431938860773,0.0,0.5581371185768044,0.3898436871760079,0.0,0.0,0.0,0.3366815496833835,0.3931237994265599,0.6331261848721864,0.0,0.7389839833456234,0.4136691285201649,0.0,0.673126719452893,0.4050217686429719,0.0,0.0,0.0,0.0,0.0,0.0,0.0,0.0,0.0,0.0,0.0,0.0,0.0,0.0,0.0,0.0,0.0,0.0,0.0,0.0,0.0,0.0,0.0,0.0,0.0,0.0,0.0,0.0,0.0,0.187984426976609,0.0,0.0,0.3915716006756775,0.0,0.0,0.0,0.4459799557278427,0.0,0.521225789650848,0.0,0.0
0.8310943911931415,0.5614939653564821,0.2253464878577341,0.0,0.0,0.2319264345494525,0.1475373904744522,0.4154144279085449,0.7543189555752272,0.254411165413471,0.5352254394451311,0.1211958097884333,0.4327640978518075,0.0,0.4622212792258476,0.8849554877705375,0.4671119974035539,0.7297761703101479,0.2764361058858924,0.4405178113810879,0.582801664548153,0.6534834793076691,0.3561618574563326,0.2685471698625177,0.7168842401928434,0.5523999675278992,0.3790617424874891,0.3021185431757914,0.7115510822974186,0.7389839833456234,0.0,0.4098604673387212,0.3263992194773226,0.7610774029017499,0.5359569240841066,0.3642574455123294,0.4257869914634493,0.026214572391093,0.1363437306530407,0.5140968479586953,0.6593112570021454,0.0,0.1018549088337573,0.0,0.0,0.0,0.4967788269941158,0.0,0.0,0.0,0.6270560970943557,0.0,0.4461527847016331,0.0,0.3639166986293856,0.0,0.2724921038236012,0.0,0.0,0.4614958640091809,0.5774781858686125,0.2510392168015392,0.6558009673645545,0.0,0.3585428415415733,0.4578239228295205,0.4367591641249101,0.5456039534336273,0.2576488332795991,0.6732721808033112,0.6189851824492612,0.5757381104919147,0.6094728403793241,0.6934043156497582,0.0,0.70666376245827
0.3983826834686625,0.4222352016691679,0.4468374030294577,0.0,0.0,0.5053269939129671,0.0,0.466554220209312,0.3730677337595679,0.296404867775166,0.0952358523255081,0.105210125964067,0.0,0.0,0.2070503719138344,0.3053912647280041,0.1662880470372858,0.143734242392344,0.3258425558883195,0.1052563941514736,0.3350512956866167,0.285001389943278,0.6287856614264996,0.1611191191140097,0.3299414890525404,0.44783000075545,0.52613755192102,0.0383217169936681,0.2578647981335965,0.4136691285201649,0.4098604673387212,0.0,0.7586342159710993,0.5996395266215153,0.7255210357970836,0.4627677096718637,0.2069544182456266,0.3237200084861188,0.8159054980026799,0.4821123928807536,0.6930676560437914,0.7049841703375207,0.0,0.0,0.3866264688244275,0.3701465257283534,0.1974223667391905,0.1134094920954291,0.0,0.0,0.3409568628817926,0.1993639352649746,0.2879371947518624,0.3555594330650257,0.2844910645939601,0.0,0.1452590499780841,0.1956873997285906,0.0,0.2691519871766532,0.3796185395907859,0.0601668232233707,0.246352402854481,0.2881947313919345,0.0206259743621418,0.303330222861729,0.0706895923992386,0.4624595407160762,0.1432691476273598,0.4679071903535253,0.5260123374607013,0.359754253584375,0.0984485252758665,0.3299140718597671,0.0,0.3961784765990676
0.466363220302346,0.3779134109378628,0.4922076410205868,0.0,0.0,0.4222013527574494,0.0,0.3962128798686495,0.3479984945514374,0.3821616960378872,0.0489608231444385,0.2336955075629622,0.0,0.0,0.2205448050086217,0.3361357281458915,0.3154587776637061,0.2548123501989059,0.0,0.0760369098406935,0.3893861967077954,0.2503241972159908,0.5598031854879857,0.2869093123433871,0.4079484393849899,0.4450527021921693,0.3978886712345868,0.0674151272746706,0.2798967616994773,0.0,0.3263992194773226,0.7586342159710993,0.0,0.4882171273129472,0.5541059135935245,0.4624830410543236,0.2615378715482479,0.4978483001528268,0.674895029809107,0.6908952024559916,0.6304815438536191,0.743788133317037,0.0,0.0,0.4951362175269342,0.4492473449387566,0.2452329140103405,0.0,0.0,0.0,0.0,0.0,0.0,0.0,0.4993178873724964,0.0,0.3097785085314045,0.0,0.0,0.2667124650747993,0.4834193344286379,0.2294343077161394,0.4037801583391146,0.0,0.059415434736193,0.3318876749790899,0.1392792437081084,0.4279383203986419,0.3274270166956618,0.4887935752277024,0.5528989974592363,0.3431439061582277,0.2132430414055865,0.0,0.0,0.4653073231214149
0.5921990146108618,0.5422820119675316,0.2161714032987786,0.0,0.0,0.2406632570435579,0.0296244326563891,0.3462825277966876,0.6714773636498438,0.0103008373323014,0.2688566094769696,0.0,0.1798640026137413,0.0,0.324744880851853,0.6976111946269261,0.1880795472948532,0.4991849207520337,0.1639857504367274,0.2831015201685796,0.4872650293458815,0.512023569980567,0.4065847002615847,0.1372501473100349,0.5446759132755024,0.4336578813037456,0.3424881987026844,0.1229790374263761,0.5026059343869398,0.673126719452893,0.7610774029017499,0.5996395266215153,0.4882171273129472,0.0,0.7217839912153808,0.3245218256447797,0.1688519583223143,0.1844633365606177,0.2613515996925308,0.5275412972073613,0.688945951513851,0.4065122275189047,0.0,0.0,0.1167227284735776,0.5439128354901842,0.4222429648178917,0.1963580032444815,0.0,0.0,0.5188876326142422,0.6303617061211677,0.3278196422045177,0.5290122036970984,0.2648328924080125,0.0,0.182705538779565,0.5814980723583012,0.0,0.2894794293790499,0.406929089219035,0.0266470993473964,0.4311688372142796,0.0,0.151146095373344,0.3414842621470416,0.2141573784837801,0.39941608336473,0.2197516230561133,0.5600141041452048,0.5357888584311881,0.4169645185925776,0.4471669271748048,0.5740474145419536,0.0,0.4636327811947777
0.539354558077434,0.3900499778080309,0.1738318022006963,0.0,0.0,0.250759416607849,0.0,0.3600424202396279,0.5413015758631892,0.1336641837303572,0.0010753913868298,0.0308205697119657,0.1528230225854301,0.0,0.1925088598115072,0.4697226333861062,0.2571040606396892,0.3078273919003901,0.1812923965796057,0.0519553814230282,0.3516844201398677,0.3370546438054762,0.5041944526265043,0.1149579567280841,0.458763280663586,0.3761699562129113,0.2636250463876087,0.0880883549006585,0.2991754884935825,0.4050217686429719,0.5359569240841066,0.7255210357970836,0.5541059135935245,0.7217839912153808,0.0,0.3310782599930873,0.2012444159604519,0.2733460822459733,0.4515124446154956,0.5809177914915831,0.7356473640816585,0.6670161307398017,0.0,0.0,0.2737189365506007,0.0,0.3142273144470123,0.0,0.0,0.0,0.4342287020084594,0.0,0.0,0.0,0.0,0.0,0.2920469640082798,0.4872437550817822,0.0,0.2098575466287549,0.4438570301763757,0.0,0.0,0.0,0.0852153805700564,0.0,0.1652188230326821,0.4399429467634412,0.0,0.5301307723160774,0.5331184540288258,0.3740475148613933,0.3391444914491844,0.5912494120932511,0.0,0.0
0.0,0.0,0.4653458247861735,0.0,0.0,0.4471448402408431,0.0,0.5409068178585742,0.4259349724215159,0.5023091379256089,0.3527536656736719,0.2462268001653379,0.0,0.0,0.0387882007898988,0.0,0.0,0.0,0.6787974431598662,0.0039146212499524,0.0,0.1021300546183003,0.4865527267322548,0.3518453969472324,0.0,0.3752326825063093,0.3906795747331041,0.0760301317767317,0.3233065382806839,0.0,0.3642574455123294,0.4627677096718637,0.4624830410543236,0.3245218256447797,0.3310782599930873,0.0,0.6435470940067038,0.1564237423988722,0.3241088318273076,0.3963442148912623,0.4955507589265971,0.5930541281665102,0.1463934995286407,0.0,0.1981712533619177,0.0,0.0,0.3107887516657535,0.0,0.0,0.3924606917819515,0.173732704377538,0.393344023405523,0.487251014346791,0.0,0.0,0.17082072623918,0.2291820684559695,0.0,0.0,0.0,0.0,0.0,0.5465733593485124,0.0748784042934476,0.0,0.1812617709458161,0.5088691622023741,0.0,0.0,0.0,0.3691954634980869,0.2292069849386863,0.32539930465012,0.0,0.0
0.0,0.0,0.29170671678807,0.0,0.0,0.3551142724568671,0.0,0.3968911393153146,0.3930732902073825,0.7431371388456695,0.3832439162669889,0.5096109398714921,0.3554931347210055,0.0,0.0,0.0,0.0,0.0,0.5574083940795269,0.1601652813103841,0.0,0.2314333227164208,0.3351953118541605,0.3062097980949199,0.0,0.0,0.3920930435518079,0.3143752546386479,0.3835756939800636,0.0,0.4257869914634493,0.2069544182456266,0.2615378715482479,0.1688519583223143,0.2012444159604519,0.6435470940067038,0.0,0.023456629848433,0.1787278299447205,0.0,0.3701941557800645,0.2695097647634449,0.2650476542571211,0.0,0.0,0.0,0.0,0.0,0.0,0.0,0.0,0.0,0.0,0.0,0.0,0.0,0.0,0.0,0.0,0.0,0.0,0.0,0.0,0.0,0.0,0.0,0.0,0.5772145939730294,0.0,0.0,0.0,0.0,0.0,0.0,0.0,0.0
0.0618994515143918,0.0,0.0,0.0,0.0,0.1468625728254239,0.0,0.0,0.0776496772103038,0.0342268054589143,0.0,0.068642102699022,0.0,0.0,0.0,0.0,0.0253655926575811,0.0,0.0604133307915064,0.0,0.0,0.0,0.2908908286657398,0.1880300719948767,0.0294676146820012,0.1169589327113595,0.1297346344060907,0.0,0.0,0.0,0.026214572391093,0.3237200084861188,0.4978483001528268,0.1844633365606177,0.2733460822459733,0.1564237423988722,0.023456629848433,0.0,0.3217275436878097,0.3201620858508212,0.2705001998141631,0.2880952629021353,0.0,0.0,0.309567152290575,0.0,0.0,0.0,0.0,0.0,0.0,0.0,0.0,0.0,0.0893676996742545,0.0,0.1008888786341434,0.0,0.0,0.0,0.0,0.0,0.0,0.0,0.0,0.0,0.0,0.0,0.2770178672184665,0.0709871455311621,0.1473872886098107,0.0,0.0196637772288294,0.0,0.0,0.0
0.1830223388844261,0.2922903718815594,0.4575826347252252,0.0,0.0,0.4576550429050405,0.0,0.2966296526279706,0.1285172227797963,0.3934911294139932,0.0,0.2788477801989836,0.0,0.0,0.1765408381768711,0.0836603786733714,0.0,0.0,0.2701432632858839,0.0637409287650813,0.1962430297245109,0.16707978963898,0.5206607162084335,0.1232571827269595,0.1686117057813228,0.3119695718685049,0.4035188229828091,0.0,0.1153710373580609,0.0,0.1363437306530407,0.8159054980026799,0.674895029809107,0.2613515996925308,0.4515124446154956,0.3241088318273076,0.1787278299447205,0.3217275436878097,0.0,0.4062716761548505,0.5258747404880874,0.7166644121082056,0.0,0.0,0.4183358374534372,0.1626228857029058,0.0662914219382846,0.0855691553318228,0.0,0.0,0.1995588243371696,0.0,0.1445227991182427,0.1384416458541323,0.2277863649198041,0.0,0.1816712527185335,0.0315663404382428,0.0,0.2598996857548433,0.3546124950770293,0.0387543731740455,0.1415367845663631,0.1422847822962867,0.0463935733169776,0.1759644625358941,0.0698932648028262,0.3706260060234747,0.0571084371502643,0.298445879836879,0.337783916876285,0.2488445651107798,0.0,0.1458096381772331,0.0555211589694124,0.2833029510949729
0.6483495981870843,0.4524741953270966,0.0,0.0,0.0,0.0,0.0,0.0,0.0,0.389246309735153,0.0,0.2288215268528834,0.2153854407836856,0.0,0.378355329991848,0.538022325708403,0.4348977145285467,0.4638334460368821,0.0,0.2626330833641139,0.4488542567262313,0.4206061649104515,0.4610998243547644,0.2826051929234165,0.5703109429000199,0.5203682434108127,0.3788575514840831,0.1625560611030826,0.4654661710199852,0.0,0.5140968479586953,0.4821123928807536,0.6908952024559916,0.5275412972073613,0.5809177914915831,0.3963442148912623,0.0,0.3201620858508212,0.4062716761548505,0.0,0.585672342374449,0.5466254723751903,0.0,0.0,0.3047356589127443,0.6338774898822112,0.3512016825285243,0.3895011804671536,0.0,0.0,0.513458518521282,0.4305269169611573,0.3154991919056839,0.4387948646349014,0.525445059422627,0.0,0.3846133138093455,0.5534249400791015,0.0,0.3462677797801366,0.5874531637254812,0.2802860688308266,0.5609698054520812,0.4375458285907891,0.3500734832378054,0.4236368879358826,0.3664065385785205,0.4776977973492113,0.3603203010678426,0.5860688495947812,0.6488815404083855,0.4756757244224905,0.4407707845372848,0.6131206828113356,0.3865317158330211,0.5596024360494539
0.6277195939344868,0.4592005507426041,0.3594096377066136,0.0,0.0,0.3814428275654786,0.0,0.3474345565841141,0.5882048184282945,0.3347309372651245,0.0,0.1164552031456861,0.2229294330129315,0.0,0.2893749084053567,0.5573019545797181,0.0,0.4041889919173997,0.0,0.2193964927546477,0.4486629281773613,0.4441331353947504,0.4783989530296039,0.2090573236518519,0.5570746134583496,0.508669270211944,0.4457035221359066,0.3005399098542028,0.4527336415620617,0.0,0.6593112570021454,0.6930676560437914,0.6304815438536191,0.688945951513851,0.7356473640816585,0.4955507589265971,0.3701941557800645,0.2705001998141631,0.5258747404880874,0.585672342374449,0.0,0.6077760098133286,0.0,0.0,0.2765908304674837,0.6094672079210355,0.4092415419300462,0.3040119946664636,0.0,0.0,0.5832024530037545,0.4541550321412726,0.3053480541202412,0.5508329339668436,0.4388670892747523,0.0,0.1810704296286158,0.4686677647550674,0.0181515567065049,0.3330908538422968,0.5551799467442092,0.2169688318309699,0.5226522652745669,0.3597153437306605,0.2017273226460214,0.3835646909427601,0.3071310837469341,0.5133385264236813,0.222417682590863,0.6278738772727294,0.6531091199987131,0.5503393072980561,0.2946345449107347,0.5974708287040676,0.394646476985825,0.6145530756723458
0.0,0.2256179874565533,0.0,0.0,0.0,0.2942954721077765,0.0,0.0,0.0,0.3451937003402248,0.0,0.1928209082255203,0.0,0.0,0.0215007228759954,0.1634003201107789,0.0,0.0459088067040556,0.0,0.0,0.2248481734078169,0.0971058618678528,0.4179164059577116,0.0,0.2432301980385343,0.2518285208994141,0.2825098683744098,0.0,0.1422592635005939,0.0,0.0,0.7049841703375207,0.743788133317037,0.4065122275189047,0.6670161307398017,0.5930541281665102,0.2695097647634449,0.2880952629021353,0.7166644121082056,0.5466254723751903,0.6077760098133286,0.0,0.0,0.0,0.3813956012264412,0.3986015607942667,0.1126583900927658,0.0695471359763126,0.0,0.0,0.2073254725549614,0.0319191768164983,0.1266231290384702,0.1891705134499085,0.3040711609538969,0.0,0.1897713091320888,0.0994288954807199,0.0,0.1021975793836818,0.4070881593457643,0.0193042833677759,0.2317039256798425,0.1518317804174525,0.0,0.2141100525730027,0.023200902746148,0.3368399921079947,0.1229692004356325,0.4018907748250706,0.4599585935323279,0.2259399934324708,0.0262552541342274,0.2936614453086204,0.060588679779268,0.3542371633927278
