0.0,0.4171191775185294,0.0,0.0,0.0,0.3776361176455794,0.0,0.1710829667218528,0.0,0.3073358913619969,0.0,0.0,0.4411515868533205,0.0,0.5561768450691088,0.6834817667685537,0.4222438885020972,0.4144465726821158,0.0,0.5947910104076471,0.621766491204467,0.6887423713421902,0.3467125314627008,0.334927376582978,0.5069084391729239,0.6650068891723915,0.5730700984118056,0.525021392176144,0.5964303977882791,0.0,0.6654028202415772,0.3320834891153835,0.4237259556913808,0.6034830455245322,0.3149491451938501,0.0,0.0,0.4890075545533974,0.32988602250254,0.3245207976945454,0.4661419146397365,0.0,0.0,0.0,0.0,0.6614440058224361,0.5365581480851096,0.0,0.0,0.0,0.0,0.0,0.0,0.0,0.2595720500896173,0.0,0.0,0.0,0.0,0.0,0.5749689780406172,0.0,0.4482487410933469,0.0,0.0,0.6156101387095452,0.5664350520227508,0.0,0.2880267408366506,0.4360713015709861,0.6586294207428928,0.0,0.0,0.0,0.0,0.5748230610422935
0.4171191775185294,0.0,0.0,0.0,0.0367821523219486,0.8882159163096287,0.621567973209081,0.5729903615439186,0.3607226167715882,0.0,0.0,0.0,0.7499905893078345,0.0,0.4060876386395602,0.4071665475738197,0.6962125574897218,0.7461634133226379,0.0,0.4229960422556746,0.4776800920202537,0.4366355619972192,0.6099624903206571,0.0,0.8293311497262281,0.8917536660170723,0.4401093234857506,0.365544884989,0.5875466457276328,0.0,0.1517358348418884,0.2986942526778877,0.4409977965204149,0.2639480314343393,0.0279063825136293,0.0,0.0,0.0,0.1134141532658086,0.2944456288100104,0.2446876896826308,0.1034363795374072,0.0,0.0,0.0,0.0622830122763317,0.8249876541574501,0.0,0.0,0.0,0.6233999018838805,0.0,0.0,0.0,0.0,0.0,0.0,0.0,0.0,0.2519135122464553,0.4549427956379299,0.0,0.5289376311769163,0.0,0.2828073996912647,0.3198462117610967,0.4113045468293949,0.4653481524861093,0.0,0.5728771671224807,0.6482405795906472,0.4835573327078682,0.0,0.1517920078073598,0.0,0.1915639785850319
0.0,0.0,0.0,0.3831703069575422,0.2797524027459656,0.5119493036440567,0.6155091184441878,0.2342508188370742,0.7958422941600443,0.5548226548861154,0.3912657303803145,0.0,0.685982753712326,0.0,0.0,0.0,0.0,0.0,0.5812680496792402,0.0,0.0,0.0,0.4025259383074127,0.0,0.0,0.0,0.7767109495219093,0.7686871907985665,0.0,0.0,0.5100262467748757,0.0790681848289085,0.0591843746176345,0.3774712739775921,0.0,0.2718044820006833,0.5825642289438352,0.0,0.0,0.0,0.1614034447771868,0.0,0.3140025811954788,0.0,0.0,0.0,0.0,0.9275739268026776,0.0,0.6107281335935167,0.3531849729581465,0.4610922752233924,0.2838053955936906,0.7560949575121279,0.0,0.7225891398616663,0.0,0.4864882092273598,0.1831798128419886,0.0,0.0,0.0,0.0,0.740580797117147,0.0,0.0,0.0,0.5088488596414426,0.0,0.0,0.0,0.7068502784948987,0.6453169239042434,0.0,0.0,0.0
0.0,0.0,0.3831703069575422,0.0,0.2747837773461842,0.1573131236848381,0.4988707099602169,0.0634238662167437,0.3444345670577507,0.4393906877429115,0.1693082520227971,0.0,0.4057574891829423,0.1310936250021832,0.0,0.0,0.0,0.0,0.2773485996894049,0.2933730925412339,0.0,0.0,0.1542368222051984,0.0,0.0,0.0,0.3560019674739273,0.5700513690961435,0.3860403913806223,0.0,0.3036925216702124,0.0,0.0,0.1711084512835999,0.0,0.2079189005373655,0.4899300416730862,0.2567531004933469,0.0,0.0,0.0,0.0,0.0,0.0,0.0,0.0,0.0,0.0,0.0,0.0,0.0,0.0,0.0,0.0,0.0,0.0,0.0,0.0,0.0,0.0,0.0,0.0,0.0,0.0,0.0,0.0,0.0,0.0,0.0,0.0,0.0,0.0,0.0,0.0,0.0,0.0
0.0,0.0367821523219486,0.2797524027459656,0.2747837773461842,0.0,0.004595637704202,0.4002958984039861,0.0,0.5204286628419451,0.1590396708405163,0.7171368281415034,0.1733326120713276,0.1798063765216548,0.4311568137759429,0.0,0.0,0.0,0.0,0.4989677332058031,0.0,0.0,0.125948910073054,0.0,0.0,0.0241671734360415,0.0571838916621079,0.1526347681446015,0.17222435489557,0.0966488563582574,0.0,0.0,0.0,0.0,0.0,0.0,0.0731783667124351,0.0071501163143854,0.0,0.0243918091940749,0.0,0.0,0.0,0.0,0.0,0.0,0.0,0.0,0.183598132025943,0.0,0.7743259585802313,0.0,0.0,0.0,0.5643440369526558,0.0,0.6604815637585676,0.0,0.0,0.0,0.0,0.0,0.0,0.0,0.4068999852496619,0.0,0.0,0.0,0.0,0.0,0.0,0.0,0.1056908820527889,0.0,0.0,0.0,0.0
0.3776361176455794,0.8882159163096287,0.5119493036440567,0.1573131236848381,0.004595637704202,0.0,0.6145346653233885,0.8125786794577408,0.4399777503466728,0.5945975616649531,0.1554001081975609,0.4959852760821471,0.7250841159854434,0.0,0.4909052693186115,0.2643387937962018,0.6618092698150859,0.5749326445492609,0.4176121999674501,0.4831910140257447,0.5806592102475343,0.4270505394774363,0.8354109030335002,0.0,0.6790117857231542,0.7861662456729743,0.5226876090428682,0.3608223044771033,0.5910877310190821,0.528976990275615,0.1584794989636813,0.2872596097497836,0.3923563224990303,0.3177158666336688,0.048925148997749,0.3281880709627199,0.2845072417105486,0.3723509864062137,0.165034578591213,0.0,0.289525427912013,0.0479957034596424,0.5289071135488026,0.0,0.0,0.0,0.7672437015332499,0.5681906200669969,0.0,0.2367807811188425,0.8032944328912046,0.7137076968108547,0.7855045679233066,0.3551202148879882,0.0,0.3739807408993091,0.0,0.6307060721768561,0.0,0.3150793431859323,0.0,0.0,0.0,0.5183346284797238,0.3137607276250682,0.4491159285055113,0.4117416563917547,0.7169122847702675,0.0,0.0,0.732694631673702,0.5373763528133885,0.2155755838574612,0.1511364228628602,0.2874974248707453,0.2112823196999583
0.0,0.621567973209081,0.6155091184441878,0.4988707099602169,0.4002958984039861,0.6145346653233885,0.0,0.3622482436720023,0.6376998114582626,0.6847242527124537,0.4064294484477813,0.2674025239374185,0.7703708815840751,0.0577159480649955,0.0,0.4058347454347282,0.7026948706510052,0.6377735379430105,0.5538416140373487,0.4671691800720625,0.0,0.5050834019271395,0.3825764818958219,0.1553013162417984,0.5995736656207145,0.5749041081015132,0.5472637039303474,0.6215607268111731,0.6520785826188796,0.0,0.3494118605950723,0.0636350223060434,0.0851966572153777,0.2539551765903722,0.0,0.2336304464843153,0.4145388039988225,0.3424502283847304,0.0,0.0,0.0333943607082468,0.0,0.1500637495070053,0.0,0.0,0.0,0.0,0.6229656010321893,0.0,0.0,0.2580121654206107,0.0,0.3272927682042033,0.5999642779498696,0.0,0.5348084633547964,0.0,0.0,0.0,0.0,0.0,0.0,0.0,0.6025254751981578,0.0,0.0,0.0,0.3581823658818736,0.0,0.0,0.0,0.5343305994103111,0.0,0.0,0.0,0.0
0.1710829667218528,0.5729903615439186,0.2342508188370742,0.0634238662167437,0.0,0.8125786794577408,0.3622482436720023,0.0,0.1423087630029961,0.3283493628515255,0.1619863976412903,0.7203139326059178,0.3773626895097768,0.0936831601733051,0.2201506560045579,0.0,0.0,0.287873950001718,0.4180110413856376,0.1780384827602741,0.4463488868733832,0.1535176761630463,0.8534717734341236,0.7684797257868294,0.2662406980337976,0.5415860929670187,0.126217140258409,0.1461151020113337,0.1355502691473806,0.4253262830398334,0.0,0.1936802425063643,0.3941818976216679,0.1101458377553373,0.0815023218569858,0.4398254565458092,0.0811559291485139,0.0,0.1960092426597603,0.0,0.1614771186856482,0.0,0.4678362705585173,0.0,0.0,0.0,0.0,0.2686125676511445,0.0,0.0738481968538601,0.6492277453593084,0.4462018435092919,0.9059437140531552,0.0537764171655172,0.0,0.2434734063577428,0.0,0.3720111060811666,0.3744477418705611,0.1145117181964757,0.0,0.0,0.0,0.450249322191824,0.0300831128863173,0.353404846123782,0.0,0.6508213203506665,0.0,0.0,0.0,0.1672202140665237,0.0,0.0,0.0,0.0
0.0,0.3607226167715882,0.7958422941600443,0.3444345670577507,0.5204286628419451,0.4399777503466728,0.6376998114582626,0.1423087630029961,0.0,0.4127660679733815,0.3642877171125808,0.0,0.6500142803373492,0.0,0.0,0.4557396177182633,0.0,0.4328286790116035,0.5145746594217802,0.7443938950504396,0.0,0.7129188011701462,0.2931212692129446,0.0332277628436372,0.3779409001768167,0.4071207090314457,0.8099953634856379,0.7150500671731876,0.6579378427824504,0.5318533652173868,0.5011995328503726,0.0812676262549673,0.0,0.3041580618542012,0.0,0.1736554926440355,0.4920450500664082,0.4533671059849367,0.0441706282083882,0.0,0.2255425509251341,0.0,0.3223072509019358,0.0,0.0,0.0,0.0,0.84004090178409,0.0,0.7326933125552131,0.3643380535889512,0.491330808413229,0.2095737605597217,0.9744171506934172,0.0,0.7408834992274578,0.0,0.5399337046051941,0.1182512988786689,0.0,0.0,0.0,0.0,0.6167449069476599,0.0,0.0,0.0,0.426816175277563,0.0,0.0,0.0,0.7378118759408436,0.6768075728412865,0.0,0.0,0.0
0.3073358913619969,0.0,0.5548226548861154,0.4393906877429115,0.1590396708405163,0.5945975616649531,0.6847242527124537,0.3283493628515255,0.4127660679733815,0.0,0.2070807658838196,0.3002962268566916,0.7567789708103033,0.0,0.0,0.3217627513322258,0.7958194311990876,0.7252298360285844,0.4145523183693135,0.4565463234619403,0.0,0.4240071053632477,0.3661673127020676,0.1600018901223662,0.6644313259772513,0.6030607879041608,0.5179252307658954,0.5408677243170285,0.6526137462826549,0.0,0.3247441551942125,0.0,0.1569597121073767,0.2682239615957231,0.0,0.2100349725834424,0.3776893869175869,0.4172898765073031,0.0,0.0909417406923423,0.0727284432535892,0.318764282674439,0.0,0.0,0.4980712111300462,0.0481655338888324,0.0,0.0,0.0,0.0,0.0,0.0,0.0,0.0,0.8037261085210345,0.0,0.4886941554353983,0.437854320696503,0.0,0.0,0.0,0.5812616390539341,0.5061950864383967,0.0,0.0,0.0,0.0,0.0,0.0,0.6382110622240463,0.4588381564892507,0.0,0.2561145717904892,0.0,0.0,0.1616934321345458
0.0,0.0,0.3912657303803145,0.1693082520227971,0.7171368281415034,0.1554001081975609,0.4064294484477813,0.1619863976412903,0.3642877171125808,0.2070807658838196,0.0,0.3408805730644887,0.1537750422611561,0.4544342869919071,0.0,0.0,0.2118703674964017,0.0,0.7395390820931708,0.0,0.0,0.0,0.0048329818744018,0.0408134288273058,0.0,0.1326922881044453,0.0367420877808983,0.1088974572878985,0.0,0.0,0.0,0.0,0.0421873304732132,0.0,0.0,0.2055503857907675,0.0,0.0,0.0143343771815199,0.0,0.0,0.0,0.0,0.0,0.0,0.0,0.0,0.1691420038914352,0.0,0.5954545619465342,0.0,0.0386591728034251,0.0239958651012534,0.364617444693192,0.0,0.6871598509247563,0.0,0.0,0.0961765267982905,0.0,0.0,0.0,0.0,0.525790986324749,0.0,0.0,0.0,0.0,0.0,0.0,0.0,0.0253590497239644,0.0397502742781287,0.0,0.0,0.0
0.0,0.0,0.0,0.0,0.1733326120713276,0.4959852760821471,0.2674025239374185,0.7203139326059178,0.0,0.3002962268566916,0.3408805730644887,0.0,0.2245745580665293,0.0,0.0,0.0,0.3910467054598286,0.2723840662279471,0.4006478757379166,0.0,0.1093934772665777,0.0,0.384346847672167,0.6618069904627416,0.037051490267673,0.4240198751644611,0.0,0.0,0.0,0.0,0.0,0.1837476656140189,0.414963815436274,0.0,0.0,0.3728585186819323,0.0,0.0207703127499013,0.1391029401983821,0.3538919155265296,0.0,0.0,0.0,0.0,0.1029443822449374,0.0,0.0,0.0,0.0,0.0,0.0,0.0,0.0,0.0,0.1435117688436828,0.0,0.8481962595935926,0.0415380555469809,0.0,0.0,0.0,0.2419661256917042,0.0582330132033824,0.0,0.0,0.0,0.0,0.0,0.3207391334839885,0.0,0.2686336474845341,0.0,0.0,0.0,0.0,0.0
0.4411515868533205,0.7499905893078345,0.685982753712326,0.4057574891829423,0.1798063765216548,0.7250841159854434,0.7703708815840751,0.3773626895097768,0.6500142803373492,0.7567789708103033,0.1537750422611561,0.2245745580665293,0.0,0.0,0.7026703095772165,0.5562800657284804,0.8192023733463437,0.8102213014337206,0.4377407572750302,0.6907040839845766,0.7016411338668362,0.68626981519103,0.4771727523580825,0.208136434775809,0.6214019816939332,0.7311893148579556,0.6643077774995438,0.7970172251406975,0.8140269893032362,0.5286383182442148,0.4582912547748156,0.0860169644611923,0.1262260883450953,0.4174465544752705,0.0,0.2615379526344174,0.5685862737000336,0.477971014595414,0.0,0.0145331725207722,0.172973167103398,0.2973557082760295,0.3837588164527452,0.0,0.4300037707383627,0.0,0.0,0.7418071615295463,0.0,0.0,0.4771817569833074,0.5731679511436142,0.4169783186338977,0.0,0.0,0.5136274008811824,0.3972851915789408,0.0,0.0,0.5824333895191391,0.0,0.0,0.0,0.0,0.6047743037951622,0.0,0.7099061625994466,0.4835555966458763,0.0,0.5525983627928692,0.6547519777826599,0.645286845598951,0.0,0.3949028257714834,0.0,0.0
0.0,0.0,0.0,0.1310936250021832,0.4311568137759429,0.0,0.0577159480649955,0.0936831601733051,0.0,0.0,0.4544342869919071,0.0,0.0,0.0,0.0,0.0,0.0,0.0,0.2430155324346602,0.0,0.0,0.0,0.0,0.0,0.0,0.0,0.0,0.0,0.0,0.0,0.0,0.0,0.0,0.0,0.0,0.1641661479616199,0.0,0.0,0.0,0.0,0.0,0.0,0.0,0.0,0.0,0.0,0.0,0.0,0.0,0.0,0.0,0.0,0.0,0.0,0.0,0.1372969102363427,0.0,0.0,0.0,0.0,0.0,0.0,0.0,0.0,0.0,0.0,0.0,0.0,0.0,0.0,0.0,0.0,0.0,0.0,0.0,0.0
0.5561768450691088,0.4060876386395602,0.0,0.0,0.0,0.4909052693186115,0.0,0.2201506560045579,0.0,0.0,0.0,0.0,0.7026703095772165,0.0,0.0,0.591509866942444,0.0,0.5628500390808205,0.0,0.9237440621602034,0.7705426249848024,0.8412294493046175,0.4121158278458032,0.0626360283867232,0.426816325417462,0.5137130719495197,0.8376498961700878,0.8360555035303145,0.7881783278159115,0.0,0.7088157144285607,0.1446407390424719,0.0354351935495904,0.6153982915910984,0.0,0.2814110627664096,0.0,0.0,0.0,0.0,0.255320356392893,0.2457660346399251,0.5373226660074614,0.0,0.0,0.0,0.6173495526921051,0.0,0.0,0.0,0.4185194655226036,0.0,0.3554749278371893,0.0,0.0,0.0,0.0,0.618516444359167,0.0,0.9371362277017328,0.777528991329804,0.0,0.0,0.0,0.8487317363624769,0.7640129610481989,0.9094292159237676,0.5748530199312909,0.0,0.5924700465055884,0.6194782010770532,0.7770444193075143,0.7260185961574367,0.5673902660908804,0.0,0.4910815316894205
0.6834817667685537,0.4071665475738197,0.0,0.0,0.0,0.2643387937962018,0.4058347454347282,0.0,0.4557396177182633,0.3217627513322258,0.0,0.0,0.5562800657284804,0.0,0.591509866942444,0.0,0.4583906982824225,0.6735972276417821,0.0,0.6448849290928611,0.4826674388863556,0.7475681465667713,0.1313166403770261,0.0191352031594534,0.4911370536621552,0.5244583557557794,0.5854602324428435,0.6312575276685841,0.6907313532872842,0.2984264097317874,0.7495525845885476,0.2294715613568521,0.2699119731235059,0.643921956949468,0.2413786778491869,0.0,0.0,0.0,0.1179035201602664,0.1219247097047561,0.3463894411640953,0.2611374911693169,0.0,0.0,0.0,0.4129293760212605,0.5074790438406945,0.0,0.0,0.0,0.0,0.0,0.0,0.0,0.0,0.0,0.0,0.0,0.0,0.5312798878983171,0.7557698992213793,0.0,0.5885755886931384,0.0,0.5932625190938442,0.4263536217852832,0.6562912971772629,0.2352428746208132,0.0,0.4194654102913484,0.4404627925554764,0.5094159955024959,0.0,0.5367449527264194,0.0,0.574826416286805
0.4222438885020972,0.6962125574897218,0.0,0.0,0.0,0.6618092698150859,0.7026948706510052,0.0,0.0,0.7958194311990876,0.2118703674964017,0.3910467054598286,0.8192023733463437,0.0,0.0,0.4583906982824225,0.0,0.8339495662618863,0.0,0.5807568169643265,0.0,0.6269902727870964,0.0,0.3522922614812554,0.5644625553305549,0.7110395062607795,0.0,0.6215658839197558,0.6356644035343008,0.0,0.4006916558818871,0.1512856842694318,0.2322245609322343,0.3612437049807436,0.0,0.0,0.0,0.4383037154083999,0.0,0.114491144890296,0.0,0.0,0.0,0.0,0.0,0.0,0.0,0.0,0.0,0.0,0.0,0.0,0.0,0.0,0.6796305732590802,0.0,0.5294189853657402,0.0,0.0,0.0,0.0,0.7347848712927502,0.6561630404818094,0.0,0.0,0.0,0.0,0.0,0.0145606250173987,0.452974174276506,0.6129996441158726,0.0,0.0,0.0,0.0,0.0
0.4144465726821158,0.7461634133226379,0.0,0.0,0.0,0.5749326445492609,0.6377735379430105,0.287873950001718,0.4328286790116035,0.7252298360285844,0.0,0.2723840662279471,0.8102213014337206,0.0,0.5628500390808205,0.6735972276417821,0.8339495662618863,0.0,0.0,0.5210137714968587,0.5596042182208564,0.5720465834717041,0.3129615705659583,0.2863182012093374,0.6154788560379846,0.7227955077855206,0.4841458756716876,0.5791145745415409,0.6785567257987187,0.4046631637140729,0.4224340134642202,0.1319399747998142,0.3209299257141271,0.3956233048243054,0.0,0.0,0.0,0.0,0.0,0.1632993711826011,0.176732869608419,0.2111199261851155,0.0,0.0,0.0,0.054502240841608,0.6400187735840317,0.0,0.0,0.0,0.0,0.0,0.0,0.0,0.4817173650669956,0.0,0.2675984024069546,0.0,0.0,0.0,0.5789614165401684,0.6123199205157367,0.7279689976779691,0.0,0.0,0.0,0.556591991240794,0.0,0.0,0.4327027583826489,0.5000753642620773,0.0,0.0,0.0,0.0,0.2424040343994702
0.0,0.0,0.5812680496792402,0.2773485996894049,0.4989677332058031,0.4176121999674501,0.5538416140373487,0.4180110413856376,0.5145746594217802,0.4145523183693135,0.7395390820931708,0.4006478757379166,0.4377407572750302,0.2430155324346602,0.0,0.0,0.0,0.0,0.0,0.0,0.0,0.0,0.2985269242063644,0.0,0.0,0.0,0.2648217975467474,0.3980034456694568,0.0,0.0,0.065522839970437,0.0687434221062376,0.0,0.0833396559421326,0.0,0.2326435293434846,0.1328845864459247,0.1844875222365514,0.0655754937052196,0.0,0.0,0.0,0.0201396851641862,0.0,0.0,0.0,0.0,0.4634057095613104,0.0,0.5155972092507043,0.1764139097061914,0.260585486853852,0.2907536204034754,0.4431387438130721,0.0,0.6153302135066978,0.0,0.2219987346925944,0.1362337714767254,0.0,0.0,0.0,0.0,0.837746918316932,0.0,0.0,0.0,0.2134056158883842,0.0,0.0,0.0,0.2139614223158548,0.0,0.0,0.0,0.0
0.5947910104076471,0.4229960422556746,0.0,0.2933730925412339,0.0,0.4831910140257447,0.4671691800720625,0.1780384827602741,0.7443938950504396,0.4565463234619403,0.0,0.0,0.6907040839845766,0.0,0.9237440621602034,0.6448849290928611,0.5807568169643265,0.5210137714968587,0.0,0.0,0.6762493119932309,0.9755190377036578,0.4051129920940577,0.0,0.4301334684171117,0.4835599650686079,0.8702418630394676,0.8243885183116848,0.8018593871468852,0.6426472146663581,0.7379689389700291,0.1854361057683244,0.0312580443484279,0.5776536445468967,0.0891481699413706,0.2202046191842353,0.6467445053543095,0.0,0.0170857837611318,0.0,0.3220650052743531,0.3534455468900913,0.5145264764102804,0.0,0.0,0.0,0.6326778098265192,0.0,0.0,0.0,0.4605789395350133,0.0,0.3204806233432708,0.0,0.0,0.0,0.0,0.6364384402526534,0.0,0.8387458447822906,0.751683043842861,0.0,0.0,0.0,0.9659059593404006,0.6956685823161566,0.9681290289023498,0.5902201165000844,0.0,0.5586960532947894,0.5978076663620981,0.8277137060514412,0.7632362352504207,0.6204985080960245,0.1535929831433065,0.5752230704219964
0.621766491204467,0.4776800920202537,0.0,0.0,0.0,0.5806592102475343,0.0,0.4463488868733832,0.0,0.0,0.0,0.1093934772665777,0.7016411338668362,0.0,0.7705426249848024,0.4826674388863556,0.0,0.5596042182208564,0.0,0.6762493119932309,0.0,0.6866517957198238,0.5848484750686593,0.2725545149876062,0.4937428083605538,0.6216810153128663,0.6595926664627396,0.7017509805018101,0.7651435689908801,0.0,0.6234441522017916,0.2087659778824318,0.2553600546575563,0.5867572068672191,0.0,0.0,0.0,0.0,0.0490417643980711,0.0813903145968035,0.2339390088742985,0.3474970974312688,0.0,0.0,0.0,0.4764238753704987,0.6136951259970099,0.0,0.0,0.0,0.4221232944512714,0.0,0.5355320642810355,0.0,0.0,0.0,0.0,0.5757199702015573,0.0,0.6742640778940494,0.5794935484439587,0.0,0.0,0.0,0.5761785935711446,0.9322234526519648,0.7124408185356182,0.6254104532423275,0.0,0.5344914787465215,0.6780917402626726,0.6067534363445843,0.4915645227600042,0.4357275927326337,0.0,0.4264717836740481
0.6887423713421902,0.4366355619972192,0.0,0.0,0.125948910073054,0.4270505394774363,0.5050834019271395,0.1535176761630463,0.7129188011701462,0.4240071053632477,0.0,0.0,0.68626981519103,0.0,0.8412294493046175,0.7475681465667713,0.6269902727870964,0.5720465834717041,0.0,0.9755190377036578,0.6866517957198238,0.0,0.3180087523045532,0.0,0.4198874973816408,0.5546523656980196,0.8102942731209708,0.8407704573096326,0.7582458943992777,0.6144534865810554,0.7415833791286887,0.2835690325454387,0.131770491235977,0.5978038446110605,0.122380792111531,0.1755675222405861,0.5711424618764358,0.0,0.1058461775946334,0.0116370356441333,0.329979122870429,0.3311618121698571,0.4060151364559006,0.0,0.0,0.4647790250922742,0.6212796009909911,0.0,0.0,0.0,0.4110487512747682,0.0,0.0,0.0,0.0,0.0,0.0,0.0,0.0,0.822119599256006,0.6998973393765239,0.0,0.5326406485641028,0.0,0.9298073567834764,0.6889151666188298,0.9689848162126256,0.4811134962014191,0.0,0.4532511380887949,0.5938638381560329,0.744818794360322,0.7658851896364097,0.6149491761270187,0.0,0.5973812229908975
0.3467125314627008,0.6099624903206571,0.4025259383074127,0.1542368222051984,0.0,0.8354109030335002,0.3825764818958219,0.8534717734341236,0.2931212692129446,0.3661673127020676,0.0048329818744018,0.384346847672167,0.4771727523580825,0.0,0.4121158278458032,0.1313166403770261,0.0,0.3129615705659583,0.2985269242063644,0.4051129920940577,0.5848484750686593,0.3180087523045532,0.0,0.5791038753673311,0.4506771154248911,0.6145821218655375,0.4320871264110231,0.2981448129764166,0.4428452875893467,0.4362500826407398,0.1457990672410971,0.2548375131081666,0.3612132513397695,0.3047142538252897,0.0862206531914972,0.301548235509092,0.2537495670393779,0.4019691714551693,0.1362363414256158,0.2400232845394975,0.2878687666417578,0.067403783169251,0.5183527564265537,0.0335118244087804,0.0,0.0,0.6228318153752471,0.4652743149144958,0.0,0.1717631114094349,0.7704220367154408,0.5150074836157436,0.916583087575761,0.2392648673191142,0.0,0.2777057282170175,0.0,0.5124596722826703,0.4621233659642105,0.2809107032931344,0.0,0.0,0.0,0.4146375935479447,0.2221663176055751,0.5570140926124038,0.3139340903155419,0.9405111859385696,0.0,0.5044757904348437,0.7005452362628365,0.4499487567276787,0.1035396374649811,0.128861134149836,0.2468094988582954,0.201133049710881
0.334927376582978,0.0,0.0,0.0,0.0,0.0,0.1553013162417984,0.7684797257868294,0.0332277628436372,0.1600018901223662,0.0408134288273058,0.6618069904627416,0.208136434775809,0.0,0.0626360283867232,0.0191352031594534,0.3522922614812554,0.2863182012093374,0.0,0.0,0.2725545149876062,0.0,0.5791038753673311,0.0,0.2358605898124465,0.6130060464497594,0.0218570899471563,0.0,0.0,0.0,0.0,0.2935630908621739,0.6159355808993031,0.1388683869966241,0.3138367076421742,0.303812031966114,0.0,0.2073589078388666,0.4426023069505383,0.5621389642539792,0.3045029319681572,0.0,0.0,0.0,0.0452245369924372,0.1216802187534984,0.0,0.0,0.0,0.0,0.0,0.0,0.0,0.0,0.1804228333751483,0.0,0.444129437660121,0.0,0.0,0.0,0.0,0.5460806426984032,0.3266997152067864,0.0,0.0,0.0,0.0,0.0,0.8011757903777933,0.1000931057915949,0.5945990994533876,0.0,0.0671916684030537,0.0,0.0,0.1166842536823087
0.5069084391729239,0.8293311497262281,0.0,0.0,0.0241671734360415,0.6790117857231542,0.5995736656207145,0.2662406980337976,0.3779409001768167,0.6644313259772513,0.0,0.037051490267673,0.6214019816939332,0.0,0.426816325417462,0.4911370536621552,0.5644625553305549,0.6154788560379846,0.0,0.4301334684171117,0.4937428083605538,0.4198874973816408,0.4506771154248911,0.2358605898124465,0.0,0.7229802770481649,0.5686304351107968,0.328181149792114,0.6964203386915059,0.0,0.2426444620833184,0.1612961490030972,0.3194473274995227,0.2245619417025811,0.0,0.0,0.0,0.2229501663817147,0.0039862477058691,0.2118522330737042,0.246323277389583,0.1501311907036899,0.0,0.0,0.0,0.2101505015472793,0.8199910052613781,0.0,0.0,0.0,0.0,0.0,0.0,0.0,0.5917512704082442,0.0,0.0568565193647758,0.4870349126806106,0.0,0.2551069464560786,0.6360684386709619,0.4944688226617322,0.539522823560775,0.0,0.2821640029141538,0.3509391426807107,0.3775566088481944,0.3999317036928422,0.0205600806107063,0.8284183526030724,0.4818544873980835,0.0,0.0,0.3552167118020411,0.0,0.3229576236670567
0.6650068891723915,0.8917536660170723,0.0,0.0,0.0571838916621079,0.7861662456729743,0.5749041081015132,0.5415860929670187,0.4071207090314457,0.6030607879041608,0.1326922881044453,0.4240198751644611,0.7311893148579556,0.0,0.5137130719495197,0.5244583557557794,0.7110395062607795,0.7227955077855206,0.0,0.4835599650686079,0.6216810153128663,0.5546523656980196,0.6145821218655375,0.6130060464497594,0.7229802770481649,0.0,0.454746624278363,0.4450101182643928,0.5707953688021927,0.0,0.2884981577050508,0.3678851438622874,0.578329608051722,0.3744258381920246,0.1538413376734761,0.188467461850278,0.0,0.4032614025578656,0.2570898915622266,0.4396814216470597,0.3889088978957461,0.0830650361250838,0.0,0.0,0.2562531956886061,0.2822123579263454,0.7867184267901249,0.0,0.0,0.0,0.6496324504992809,0.0,0.0,0.0,0.4574020835876012,0.0,0.3428652892990858,0.6667294359165435,0.0,0.4040585343230958,0.4866062493039417,0.7282935924335376,0.6458878626810916,0.0,0.3632293410608602,0.4805038361143761,0.4934801435079666,0.5026040116955586,0.296671989753739,0.5063670292362893,0.8623380569189003,0.4657422335768008,0.378835420853075,0.2328498590477264,0.0,0.3101969834541429
0.5730700984118056,0.4401093234857506,0.7767109495219093,0.3560019674739273,0.1526347681446015,0.5226876090428682,0.5472637039303474,0.126217140258409,0.8099953634856379,0.5179252307658954,0.0367420877808983,0.0,0.6643077774995438,0.0,0.8376498961700878,0.5854602324428435,0.0,0.4841458756716876,0.2648217975467474,0.8702418630394676,0.6595926664627396,0.8102942731209708,0.4320871264110231,0.0218570899471563,0.5686304351107968,0.454746624278363,0.0,0.7136839474505787,0.8816286600858522,0.5278363972757758,0.6489381151559468,0.1194085399236808,0.0,0.5090562468369737,0.0,0.1097246257350055,0.572234798239513,0.5081538107396021,0.0,0.0,0.2795271098018447,0.2732103215257059,0.4082993539766438,0.2592007147141506,0.0,0.0,0.6964139624733336,0.855887953047739,0.0,0.5132863385536484,0.4646950813169598,0.5915173631349105,0.2850137252486179,0.7738140787443615,0.0,0.5768817550829907,0.0,0.5957090946092655,0.1299671593180121,0.7180751307255802,0.0,0.0,0.0,0.5121353623207366,0.8188569475767686,0.6965146640855654,0.8244448927290495,0.6107517122437728,0.0,0.0,0.5798989258891102,0.980391043106145,0.6025724356833914,0.7173629058162228,0.0324673676370398,0.5552154025797805
0.525021392176144,0.365544884989,0.7686871907985665,0.5700513690961435,0.17222435489557,0.3608223044771033,0.6215607268111731,0.1461151020113337,0.7150500671731876,0.5408677243170285,0.1088974572878985,0.0,0.7970172251406975,0.0,0.8360555035303145,0.6312575276685841,0.6215658839197558,0.5791145745415409,0.3980034456694568,0.8243885183116848,0.7017509805018101,0.8407704573096326,0.2981448129764166,0.0,0.328181149792114,0.4450101182643928,0.7136839474505787,0.0,0.7514385638761967,0.6617227108900857,0.7242770305313025,0.0599132603882395,0.0,0.5442597085694986,0.0,0.2368423257798586,0.7037828120808766,0.6022272862156082,0.0,0.0,0.1872145217958444,0.3769375932230485,0.3285552884819214,0.0,0.4691406975400954,0.0,0.0,0.8097898438008497,0.0,0.0,0.2617594494173151,0.0,0.2451906560480646,0.6856701894581231,0.4333836401282119,0.0,0.1522907849951982,0.545602904836407,0.0,0.8080712266146362,0.0,0.0,0.0,0.0,0.7964128842336883,0.7054993006901523,0.8832163423992389,0.4562925009659357,0.0,0.4522947046231437,0.5371938962148629,0.6508200224258334,0.7714565315749282,0.5339160054589863,0.0,0.4999621400189943
0.5964303977882791,0.5875466457276328,0.0,0.3860403913806223,0.0966488563582574,0.5910877310190821,0.6520785826188796,0.1355502691473806,0.6579378427824504,0.6526137462826549,0.0,0.0,0.8140269893032362,0.0,0.7881783278159115,0.6907313532872842,0.6356644035343008,0.6785567257987187,0.0,0.8018593871468852,0.7651435689908801,0.7582458943992777,0.4428452875893467,0.0,0.6964203386915059,0.5707953688021927,0.8816286600858522,0.7514385638761967,0.0,0.5074119666562734,0.6784191578877284,0.1692701115870582,0.0920306130840928,0.5697901809344926,0.0,0.130284684745216,0.583666530375509,0.0,0.0,0.0,0.2574095770186476,0.3953434623186821,0.3136102807647816,0.0,0.0,0.0,0.7308535684319521,0.7610256534535225,0.0,0.0,0.417412389935672,0.5842063818353656,0.2895599292444618,0.6308918167825299,0.0,0.0,0.0,0.6291278313485577,0.0,0.6556906835340736,0.0,0.0,0.0,0.0,0.7055666066466103,0.7314853662944073,0.7770708008542151,0.5448152348193095,0.0,0.0,0.5695233962720112,0.8291451773365663,0.5608531947324378,0.670743079709041,0.0341931685176988,0.5119669750995888
0.0,0.0,0.0,0.0,0.0,0.528976990275615,0.0,0.4253262830398334,0.5318533652173868,0.0,0.0,0.0,0.5286383182442148,0.0,0.0,0.2984264097317874,0.0,0.4046631637140729,0.0,0.6426472146663581,0.0,0.6144534865810554,0.4362500826407398,0.0,0.0,0.0,0.5278363972757758,0.6617227108900857,0.5074119666562734,0.0,0.476169304278696,0.2620005330861431,0.0,0.420490842140532,0.0,0.0,0.0,0.0,0.0,0.0,0.0,0.0,0.0,0.0,0.0,0.0,0.0,0.0,0.0,0.0,0.0,0.0,0.0,0.0,0.0,0.0,0.0,0.0,0.0,0.0,0.0,0.0,0.0,0.0,0.6214507564932603,0.0,0.0,0.48660143324229,0.0,0.0,0.0,0.4662335879435428,0.0,0.2471753848184898,0.0,0.0
0.6654028202415772,0.1517358348418884,0.5100262467748757,0.3036925216702124,0.0,0.1584794989636813,0.3494118605950723,0.0,0.5011995328503726,0.3247441551942125,0.0,0.0,0.4582912547748156,0.0,0.7088157144285607,0.7495525845885476,0.4006916558818871,0.4224340134642202,0.065522839970437,0.7379689389700291,0.6234441522017916,0.7415833791286887,0.1457990672410971,0.0,0.2426444620833184,0.2884981577050508,0.6489381151559468,0.7242770305313025,0.6784191578877284,0.476169304278696,0.0,0.2707532676528054,0.0781032969528847,0.7881867208694324,0.2040060945266801,0.0682230316248699,0.5359382925704402,0.6048425954279093,0.123908228013023,0.0,0.4338360470427252,0.0,0.3304949253642357,0.0,0.0,0.0,0.3884219660429905,0.0,0.0,0.0,0.2312358253172795,0.0,0.0812036403661284,0.0,0.3146426055149828,0.0,0.0,0.0,0.0,0.6745393343834645,0.7061523375506498,0.4747806990885713,0.4390951256178994,0.0,0.7185868676054938,0.6673120970586319,0.7396607374160951,0.3437106794865806,0.0,0.4313704770327698,0.4351322786472317,0.5710444358450468,0.60751865196035,0.6290649260782885,0.0,0.7324816920844799
0.3320834891153835,0.2986942526778877,0.0790681848289085,0.0,0.0,0.2872596097497836,0.0636350223060434,0.1936802425063643,0.0812676262549673,0.0,0.0,0.1837476656140189,0.0860169644611923,0.0,0.1446407390424719,0.2294715613568521,0.1512856842694318,0.1319399747998142,0.0687434221062376,0.1854361057683244,0.2087659778824318,0.2835690325454387,0.2548375131081666,0.2935630908621739,0.1612961490030972,0.3678851438622874,0.1194085399236808,0.0599132603882395,0.1692701115870582,0.2620005330861431,0.2707532676528054,0.0,0.5619099388891903,0.4449797102290042,0.3858204969672734,0.0931792631257772,0.0237978089204949,0.202321956268724,0.6200460542380298,0.475475665984638,0.4291566528146384,0.0543563138256815,0.1493554737642732,0.0223564845212633,0.0,0.3327347444627327,0.2671336300122716,0.1466661027543517,0.0,0.0,0.3838199914067958,0.238872155024581,0.2618334517656679,0.0303169107721132,0.143574046412173,0.0071864261830067,0.1209843019186016,0.357929798921514,0.0,0.1991711201891964,0.0871232130093878,0.3169835409185806,0.1267454436982434,0.140945520767496,0.141111561743202,0.2356508540991901,0.157184493626158,0.2192374479583156,0.2943057156402075,0.11826233395101,0.4202316449113586,0.1188931461308217,0.1345549934602585,0.1541816462752896,0.0,0.3169899621783061
0.4237259556913808,0.4409977965204149,0.0591843746176345,0.0,0.0,0.3923563224990303,0.0851966572153777,0.3941818976216679,0.0,0.1569597121073767,0.0421873304732132,0.414963815436274,0.1262260883450953,0.0,0.0354351935495904,0.2699119731235059,0.2322245609322343,0.3209299257141271,0.0,0.0312580443484279,0.2553600546575563,0.131770491235977,0.3612132513397695,0.6159355808993031,0.3194473274995227,0.578329608051722,0.0,0.0,0.0920306130840928,0.0,0.0781032969528847,0.5619099388891903,0.0,0.3282251995812969,0.4622354545968116,0.1175621487537614,0.0,0.2354506749662033,0.5420211500061148,0.8641277427335036,0.5143547179932891,0.0,0.0,0.0,0.0,0.2801512006295274,0.3269619025386386,0.0,0.0,0.0,0.0,0.0,0.0,0.0,0.2102970489838796,0.0,0.1726103640280376,0.0,0.0,0.0,0.0899783813157517,0.4701845789762974,0.3578957819843024,0.0,0.0,0.1357586679516462,0.0,0.190043606124146,0.5272702726660873,0.1322166920503945,0.4745802848239722,0.0,0.012906795062878,0.0,0.0,0.1918534677031508
0.6034830455245322,0.2639480314343393,0.3774712739775921,0.1711084512835999,0.0,0.3177158666336688,0.2539551765903722,0.1101458377553373,0.3041580618542012,0.2682239615957231,0.0,0.0,0.4174465544752705,0.0,0.6153982915910984,0.643921956949468,0.3612437049807436,0.3956233048243054,0.0833396559421326,0.5776536445468967,0.5867572068672191,0.5978038446110605,0.3047142538252897,0.1388683869966241,0.2245619417025811,0.3744258381920246,0.5090562468369737,0.5442597085694986,0.5697901809344926,0.420490842140532,0.7881867208694324,0.4449797102290042,0.3282251995812969,0.0,0.3472728271741775,0.1625598479415478,0.4803509330931561,0.637954276878149,0.25450824056151,0.1760857560299165,0.5321219855121752,0.4113457307212639,0.4218917584624279,0.3291515916288616,0.3954132247735976,0.3750681178949526,0.4407980415766996,0.4803230194474274,0.0,0.0,0.3594820206650753,0.3247659683303612,0.2205089298469645,0.2553312476225498,0.2291937421344028,0.0,0.0031087079717393,0.5202964606157351,0.0,0.5055642196248418,0.5260002629476876,0.5044781028196296,0.3398259735153571,0.0,0.4315036270723651,0.5768615621176721,0.5249862318265514,0.3604330301849207,0.0621620859405158,0.3879730739790452,0.5035374413495285,0.3989916832917065,0.4250491385279271,0.360607027034475,0.0,0.456070018387289
0.3149491451938501,0.0279063825136293,0.0,0.0,0.0,0.048925148997749,0.0,0.0815023218569858,0.0,0.0,0.0,0.0,0.0,0.0,0.0,0.2413786778491869,0.0,0.0,0.0,0.0891481699413706,0.0,0.122380792111531,0.0862206531914972,0.3138367076421742,0.0,0.1538413376734761,0.0,0.0,0.0,0.0,0.2040060945266801,0.3858204969672734,0.4622354545968116,0.3472728271741775,0.0,0.0,0.0,0.1081683084929234,0.6508775979116335,0.4575094670133653,0.4627232419675088,0.0,0.2919905528397688,0.1246546472138143,0.0,0.0,0.0759280214225979,0.0,0.0,0.0,0.3523077154072292,0.0,0.0,0.0,0.0,0.0,0.0,0.2796385875753144,0.0,0.0,0.0,0.0,0.0,0.0,0.0558213241892641,0.0,0.0,0.0932524656903421,0.0,0.0,0.2904193330241923,0.0,0.1425782969041432,0.1312875014798077,0.0,0.0
0.0,0.0,0.2718044820006833,0.2079189005373655,0.0731783667124351,0.3281880709627199,0.2336304464843153,0.4398254565458092,0.1736554926440355,0.2100349725834424,0.2055503857907675,0.3728585186819323,0.2615379526344174,0.1641661479616199,0.2814110627664096,0.0,0.0,0.0,0.2326435293434846,0.2202046191842353,0.0,0.1755675222405861,0.301548235509092,0.303812031966114,0.0,0.188467461850278,0.1097246257350055,0.2368423257798586,0.130284684745216,0.0,0.0682230316248699,0.0931792631257772,0.1175621487537614,0.1625598479415478,0.0,0.0,0.356703638355491,0.2924331723453064,0.033742081837869,0.0422783274403861,0.0416509007950323,0.0018572851830364,0.3118436889032057,0.1698719052898573,0.3600720618629201,0.0,0.0,0.2505287512362139,0.0,0.1791213797322046,0.2402539923620701,0.2661755937415102,0.4111243742051389,0.0940273731759729,0.0,0.2339004402232596,0.4115437620682192,0.2024160279973065,0.0,0.0,0.0,0.0,0.0,0.308664235702361,0.2258843359462701,0.0,0.2452122185086137,0.2654722011837711,0.0,0.0,0.0,0.139750102081539,0.1810137025338122,0.0,0.0,0.0
0.0,0.0,0.5825642289438352,0.4899300416730862,0.0071501163143854,0.2845072417105486,0.4145388039988225,0.0811559291485139,0.4920450500664082,0.3776893869175869,0.0,0.0,0.5685862737000336,0.0,0.0,0.0,0.0,0.0,0.1328845864459247,0.6467445053543095,0.0,0.5711424618764358,0.2537495670393779,0.0,0.0,0.0,0.572234798239513,0.7037828120808766,0.583666530375509,0.0,0.5359382925704402,0.0237978089204949,0.0,0.4803509330931561,0.0,0.356703638355491,0.0,0.4854871110554914,0.0,0.0,0.1628483055053417,0.4005898415349322,0.4404297672926501,0.0,0.0,0.0,0.0,0.0,0.0,0.0,0.0,0.0,0.0,0.0,0.0,0.0,0.0,0.0,0.0,0.0,0.0,0.0,0.0,0.0,0.0,0.0,0.0,0.4107494445441018,0.0,0.0,0.0,0.0,0.0,0.0,0.0,0.0
0.4890075545533974,0.0,0.0,0.2567531004933469,0.0,0.3723509864062137,0.3424502283847304,0.0,0.4533671059849367,0.4172898765073031,0.0,0.0207703127499013,0.477971014595414,0.0,0.0,0.0,0.4383037154083999,0.0,0.1844875222365514,0.0,0.0,0.0,0.4019691714551693,0.2073589078388666,0.2229501663817147,0.4032614025578656,0.5081538107396021,0.6022272862156082,0.0,0.0,0.6048425954279093,0.202321956268724,0.2354506749662033,0.637954276878149,0.1081683084929234,0.2924331723453064,0.4854871110554914,0.0,0.1199794818851684,0.1408383680485642,0.3810243183343722,0.4450782402224639,0.0,0.0,0.6665458188683298,0.0,0.0,0.0,0.0,0.0,0.0,0.0,0.0,0.0,0.3369165670548887,0.0,0.2597449784498372,0.0,0.0,0.0,0.0,0.0,0.0,0.0,0.0,0.0,0.0,0.0,0.1603449680151551,0.3955119340328684,0.5681728593480583,0.0,0.4514801552882477,0.0,0.0,0.0
0.32988602250254,0.1134141532658086,0.0,0.0,0.0243918091940749,0.165034578591213,0.0,0.1960092426597603,0.0441706282083882,0.0,0.0143343771815199,0.1391029401983821,0.0,0.0,0.0,0.1179035201602664,0.0,0.0,0.0655754937052196,0.0170857837611318,0.0490417643980711,0.1058461775946334,0.1362363414256158,0.4426023069505383,0.0039862477058691,0.2570898915622266,0.0,0.0,0.0,0.0,0.123908228013023,0.6200460542380298,0.5420211500061148,0.25450824056151,0.6508775979116335,0.033742081837869,0.0,0.1199794818851684,0.0,0.5642868505256962,0.4845632881512887,0.0,0.196689691494358,0.0298171390826221,0.0,0.3887434167047615,0.1057536024348668,0.0,0.0,0.0,0.4295691235730388,0.0226585533785598,0.2474875494614866,0.002394625827231,0.0,0.0404274115662922,0.0,0.2791219460871327,0.0,0.0328575545447544,0.0,0.315682122601996,0.1044989281498259,0.0386835729355927,0.0391729503540985,0.1076616831143943,0.0,0.1348808807265429,0.6280235689073614,0.0,0.3796293188843974,0.0,0.1054433890006504,0.1557467293492009,0.6129562777602706,0.3716553027031005
0.3245207976945454,0.2944456288100104,0.0,0.0,0.0,0.0,0.0,0.0,0.0,0.0909417406923423,0.0,0.3538919155265296,0.0145331725207722,0.0,0.0,0.1219247097047561,0.114491144890296,0.1632993711826011,0.0,0.0,0.0813903145968035,0.0116370356441333,0.2400232845394975,0.5621389642539792,0.2118522330737042,0.4396814216470597,0.0,0.0,0.0,0.0,0.0,0.475475665984638,0.8641277427335036,0.1760857560299165,0.4575094670133653,0.0422783274403861,0.0,0.1408383680485642,0.5642868505256962,0.0,0.4527462900518665,0.0,0.1624144219000463,0.0,0.0,0.1686825496097724,0.2569193289431313,0.0306500594899143,0.0,0.0,0.3866661814344027,0.16576996128846,0.2665198481472831,0.0,0.1986842484501584,0.0,0.0582696616620685,0.2937984608934553,0.0,0.0,0.0,0.4129651966290013,0.308517782468666,0.0838274813784838,0.0,0.0188045031365442,0.0,0.1103683178186058,0.5462161439024588,0.093924228783832,0.4093025643745213,0.0,0.0,0.0,0.4704636174568378,0.1548409913525471
0.4661419146397365,0.2446876896826308,0.1614034447771868,0.0,0.0,0.289525427912013,0.0333943607082468,0.1614771186856482,0.2255425509251341,0.0727284432535892,0.0,0.0,0.172973167103398,0.0,0.255320356392893,0.3463894411640953,0.0,0.176732869608419,0.0,0.3220650052743531,0.2339390088742985,0.329979122870429,0.2878687666417578,0.3045029319681572,0.246323277389583,0.3889088978957461,0.2795271098018447,0.1872145217958444,0.2574095770186476,0.0,0.4338360470427252,0.4291566528146384,0.5143547179932891,0.5321219855121752,0.4627232419675088,0.0416509007950323,0.1628483055053417,0.3810243183343722,0.4845632881512887,0.4527462900518665,0.0,0.1836308493860243,0.2936620961430055,0.0681343959251281,0.1553606044462962,0.3923478326732696,0.3727001582530044,0.2818998120639068,0.0,0.0,0.5135784051907609,0.2543494358252821,0.2714431194267265,0.1764228579935135,0.2299316844865824,0.0697351031308532,0.0,0.4035383514600095,0.0526219715993572,0.1949597529885597,0.3556791768561462,0.5033605066527909,0.3931211049691371,0.0862165038476542,0.2930318674938001,0.2815782752449854,0.2434161855143682,0.3167097908299047,0.3609869293372095,0.2851951803849847,0.4890235253265604,0.3150120642980846,0.2452435277002391,0.3610071282181812,0.379261064736649,0.562958868930272
0.0,0.1034363795374072,0.0,0.0,0.0,0.0479957034596424,0.0,0.0,0.0,0.318764282674439,0.0,0.0,0.2973557082760295,0.0,0.2457660346399251,0.2611374911693169,0.0,0.2111199261851155,0.0,0.3534455468900913,0.3474970974312688,0.3311618121698571,0.067403783169251,0.0,0.1501311907036899,0.0830650361250838,0.2732103215257059,0.3769375932230485,0.3953434623186821,0.0,0.0,0.0543563138256815,0.0,0.4113457307212639,0.0,0.0018572851830364,0.4005898415349322,0.4450782402224639,0.0,0.0,0.1836308493860243,0.0,0.0,0.1281133338511907,0.5009874919002361,0.2591954202855599,0.2466320715215554,0.3036392869326837,0.1599225277259335,0.144001994444923,0.0,0.1681516281053128,0.0497291305525508,0.1351219128924247,0.1911615297989049,0.1118996384001622,0.1330615095745831,0.2256232873626459,0.0,0.2824629687188986,0.3322763062781594,0.1379369322863662,0.1084561833255021,0.2440777673048718,0.2614509677218533,0.4233853188459164,0.3316395549856354,0.1286217680982977,0.0,0.2998275483568983,0.1770085163119464,0.2666954793939337,0.19200139655287,0.2473365609487312,0.0,0.1926701576731969
