0.0,0.3256915463865031,0.0,0.0,0.0,0.3140578680859828,0.0,0.204130844268574,0.0,0.2799597037818795,0.0,0.1325301402173799,0.0,0.0,0.4042663022545013,0.4661603010190165,0.1523587031032624,0.286658208396021,0.0,0.3555941925976679,0.4534895985326017,0.3987030886433265,0.2801630847230659,0.3470718930269433,0.4079352958806058,0.3682554731508523,0.2897697249374987,0.2634094683536501,0.4318826071064366,0.0,0.3947533689279401,0.3163851795688379,0.3725874049636184,0.329563888517483,0.2011759389563497,0.0,0.0,0.0,0.2989218383056348,0.344117685375623,0.2715516589613924,0.0,0.0,0.0,0.0,0.4665544111028833,0.2839270666462857,0.0,0.0,0.0,0.0,0.0,0.0,0.0,0.1647766296229263,0.0,0.0,0.0,0.0,0.0,0.4002968153210644,0.0,0.2742056369242404,0.0,0.0,0.4063045288203668,0.3949249891567704,0.0,0.26988174378159,0.2763772397059593,0.3815981048643534,0.0,0.0,0.0,0.0,0.0
0.3256915463865031,0.0,0.0,0.0,0.32745093441561,0.5394955032006991,0.3913261377057426,0.3998482271290992,0.2847397143971756,0.0,0.0,0.0,0.5081409440038125,0.0,0.2689723295446073,0.3299374138022601,0.0,0.3992410279572074,0.0,0.31817423578642,0.3087770021815196,0.4024896196777646,0.3710493728975592,0.0,0.4689630006608259,0.5863056945112424,0.3329970147995924,0.2798331250735343,0.4105940030381351,0.0,0.1183112330902514,0.3442616932424609,0.3524026938062656,0.2442152437740077,0.0831617373384039,0.0,0.0,0.0,0.3371099090224719,0.3117278930764756,0.1861906475821186,0.0,0.0,0.0,0.0,0.0873090361234111,0.4766062368111034,0.0,0.0,0.0,0.0,0.0,0.0,0.0,0.0,0.0,0.0,0.0,0.0,0.2427967545740785,0.2360540629882732,0.0,0.3225572221258324,0.0,0.2672345016146031,0.2911519332563084,0.3295026126348035,0.2465817482594708,0.0,0.4006433506002162,0.4315675111620442,0.204043949140767,0.0,0.2345968948813465,0.0,0.1305066781066189
0.0,0.0,0.0,0.0,0.3667577288182785,0.2671559556678344,0.1084883767900504,0.2228567476079198,0.4830789335290912,0.2369907236546201,0.548975346574346,0.0,0.1196664912324928,0.1122375562680695,0.0,0.0,0.0,0.0,0.6057402297487825,0.0,0.0,0.0,0.3067714698496502,0.0,0.0,0.0,0.347490923843182,0.1121802727077308,0.0,0.1280977360597596,0.0,0.1035718680727857,0.0,0.0,0.0027029737970898,0.0965369772254453,0.0,0.0,0.1489938663927888,0.0,0.0,0.0,0.0,0.0,0.0,0.0,0.0,0.5611663693052811,0.0,0.5136639136066526,0.2788490131513185,0.0,0.2359615391027494,0.5493744766696043,0.0,0.4379145073650848,0.0,0.0,0.2509318623471138,0.0,0.0,0.0,0.0,0.6222521581629935,0.0,0.0,0.0,0.3270277084624535,0.0,0.0,0.0,0.3659870216634358,0.0,0.0,0.0,0.0
0.0,0.0,0.0,0.0,0.0157085841980002,0.1387721402445244,0.2399683008129702,0.1172582918816622,0.0686256777741483,0.196984116748634,0.0886492416302729,0.0,0.2629912606385283,0.1863627743458258,0.0,0.0,0.0,0.0,0.0273351692311692,0.0,0.0,0.0,0.049505237536607,0.0,0.0,0.0,0.0306448073198182,0.337465452354649,0.0,0.0,0.0,0.0,0.0,0.1111050359195211,0.0273054220080331,0.2966517693427371,0.1933412572108365,0.0,0.0,0.0,0.0,0.0,0.0,0.0,0.0,0.0,0.0,0.0,0.0,0.0,0.0,0.0,0.0,0.0,0.0,0.0,0.0,0.0,0.0,0.0,0.0,0.0,0.0,0.0,0.0,0.0,0.0,0.0,0.0,0.0,0.0,0.0,0.0,0.0,0.0,0.0
0.0,0.32745093441561,0.3667577288182785,0.0157085841980002,0.0,0.4643008188109894,0.44359336444615,0.4013890846758794,0.4954855670123604,0.4070292844796354,0.4766873286723743,0.4100137755562568,0.4021294429902362,0.4200049494850622,0.0,0.0,0.0,0.0,0.3425366291644968,0.4214247888448604,0.0,0.4548795077944841,0.4596792744303573,0.0,0.3744045747220997,0.0,0.5101951282861905,0.2560346104608017,0.4167269870243901,0.0,0.1835354919655063,0.2834378463749936,0.4151069488941023,0.2985788787558063,0.12595161260215,0.2918909123736597,0.3392756821786718,0.2471761728474288,0.0,0.0,0.0,0.0,0.0949023143140626,0.0,0.0,0.0,0.0,0.3464250445957803,0.0,0.0,0.0,0.0,0.3436528366026198,0.4827409656014461,0.0,0.2512880354444144,0.0,0.0,0.0,0.0,0.0,0.0,0.0,0.0,0.0,0.0,0.0,0.4199669683601855,0.0,0.0,0.0,0.4219202722990885,0.0,0.0,0.0,0.0
0.3140578680859828,0.5394955032006991,0.2671559556678344,0.1387721402445244,0.4643008188109894,0.0,0.4662079666863485,0.5360774019448704,0.4318956585263249,0.4814579176679198,0.3521830054408352,0.0,0.575382188608871,0.448454191126432,0.3888233729373376,0.3235154927857436,0.0,0.3720836128214183,0.2551941380259408,0.3950536524974466,0.4128875900467439,0.4172854561205668,0.5198361016813882,0.0,0.4191627196541626,0.5162777047535213,0.4688351234471613,0.3394730240908207,0.4943251095573499,0.3707959772852832,0.1841695952497888,0.2845488214526256,0.3872750958700386,0.3410750730381878,0.1327839701728349,0.3761622893687112,0.3170749580588695,0.0,0.3505999559366913,0.0,0.1864150843175049,0.0,0.187741679353508,0.0,0.0,0.0,0.0,0.2617447797034918,0.0,0.0,0.5026481558545286,0.355766956047634,0.4816923185021206,0.4022924242431586,0.0,0.2326963742475387,0.0,0.4716112904349226,0.0,0.3128874064783294,0.0,0.0,0.0,0.2654046623053898,0.3086071988479697,0.3682438154307644,0.3781988294169347,0.4072279737251523,0.0,0.0,0.0,0.2830683809269237,0.3200996710424237,0.2802710477637856,0.0,0.0867335816064448
0.0,0.3913261377057426,0.1084883767900504,0.2399683008129702,0.44359336444615,0.4662079666863485,0.0,0.3236454353614874,0.3069237134068606,0.4319653218168603,0.2317156975722654,0.3471896664063516,0.5301577326977485,0.4165472316562485,0.0,0.4220016331079859,0.2958754794901418,0.4266186709038296,0.0980487756784712,0.3637523095428023,0.0,0.3743935287866086,0.3792361081685441,0.3277813990704679,0.4465042843048801,0.3691533326046993,0.4312991112720478,0.3924555272032715,0.4648857247880124,0.0,0.2710578205305589,0.2210335413938114,0.3217054759301843,0.2475372986769985,0.0923714148821557,0.3117013137826847,0.3283137056064518,0.2388292370727207,0.0,0.0,0.0,0.0,0.0,0.0,0.0,0.0,0.0,0.0,0.0,0.0,0.344771312218193,0.0,0.0,0.0,0.0,0.0,0.0,0.0,0.0,0.0,0.0,0.0,0.0,0.0,0.0,0.0,0.0,0.2787888155751591,0.0,0.0,0.0,0.2620529234725777,0.0,0.0,0.0,0.0
0.204130844268574,0.3998482271290992,0.2228567476079198,0.1172582918816622,0.4013890846758794,0.5360774019448704,0.3236454353614874,0.0,0.3422994574592874,0.3918860734932641,0.3787362256851094,0.0,0.424776219744679,0.4462564964446104,0.3684017148743647,0.1308898359619962,0.0,0.1433270577044436,0.2322647149418383,0.3317352041375571,0.3520956885713839,0.3547862439826234,0.5378467484664633,0.510847402368984,0.2278290161933273,0.4709124074132352,0.2990231954050542,0.2821434094716596,0.2590342180770358,0.3394128612687413,0.1454093103008996,0.260925674882159,0.3606054310706776,0.2739261419461357,0.0864161040950855,0.4309945718566292,0.3150344973233903,0.0,0.346039899352735,0.0,0.1308729857705695,0.0,0.2654984086541169,0.0,0.0,0.0,0.0,0.2327170484974727,0.0,0.2962899115570423,0.4352626388127816,0.2014698948254125,0.5780927289442919,0.3467800264568115,0.0,0.2892786671065153,0.0,0.4131429870939943,0.234797937337999,0.3259510211691017,0.0,0.0,0.0,0.263496393711642,0.2444358136108625,0.3393167843640065,0.0,0.429600054861051,0.0,0.0,0.0,0.1837248120926873,0.3405137886355732,0.1859122159973934,0.0,0.0875480992821423
0.0,0.2847397143971756,0.4830789335290912,0.0686256777741483,0.4954855670123604,0.4318956585263249,0.3069237134068606,0.3422994574592874,0.0,0.3281119828637616,0.5302766418644571,0.3039015806030803,0.3211140566287074,0.2817517350549278,0.0,0.1518141012851148,0.0,0.0,0.4927413368922448,0.354172115947354,0.0,0.3947262916973068,0.3748600138149545,0.0,0.0,0.0,0.4281955510640537,0.2143423053122952,0.3109944070726801,0.3247204761744357,0.038394274450022,0.1960517373886178,0.307571834096855,0.1827677862884474,0.1145435327494538,0.2305392522959186,0.1660043812981919,0.1734174190567987,0.2392018164156998,0.0,0.0,0.0,0.037528087514833,0.0,0.0,0.0,0.0,0.5648502650968654,0.0,0.0,0.346168851762682,0.0,0.332510371920776,0.594389223803986,0.0,0.4260889078576761,0.0,0.0,0.1638825209573655,0.0,0.0,0.0,0.0,0.4986400190739507,0.0,0.0,0.0,0.4243362307670267,0.0,0.0,0.0,0.4099231265710531,0.0,0.0,0.0,0.0
0.2799597037818795,0.0,0.2369907236546201,0.196984116748634,0.4070292844796354,0.4814579176679198,0.4319653218168603,0.3918860734932641,0.3281119828637616,0.0,0.3394808807556851,0.464640453085978,0.4556144733274494,0.3390036573124369,0.0,0.2843271644417183,0.4286077267782824,0.4174962006580809,0.2477963810148325,0.0,0.0,0.2964282936073146,0.4441114399363133,0.456279487870489,0.4878202313816438,0.4946632400942263,0.3672451115848705,0.3290205653834645,0.0,0.0,0.125047873644663,0.2345351181954877,0.3200850898435277,0.232261828525814,0.0863541459839116,0.2937890747112702,0.2607052494155009,0.2395753812016974,0.2697940494914481,0.3159804584467932,0.0972319269887513,0.0,0.0,0.0,0.1474633295368419,0.0,0.0,0.0,0.0,0.0,0.0,0.0,0.0,0.0,0.5303497768119376,0.0,0.4266491016155221,0.0,0.0,0.0,0.0,0.5367902934816223,0.4411396808261235,0.0,0.0,0.0,0.0,0.0,0.3679931549445182,0.4718101543959645,0.4650667574101463,0.0,0.3531898132838166,0.0,0.0,0.1369249005938188
0.0,0.0,0.548975346574346,0.0886492416302729,0.4766873286723743,0.3521830054408352,0.2317156975722654,0.3787362256851094,0.5302766418644571,0.3394808807556851,0.0,0.3618036547700134,0.2566089168306729,0.2995376238892382,0.0,0.0,0.0,0.0,0.5726131431351851,0.0,0.0,0.0,0.4073285664572024,0.0,0.0,0.0,0.3798361130078307,0.240793224505182,0.0,0.0,0.0,0.1181811868670912,0.2096220295072454,0.1165451255282764,0.0627241304015025,0.2630812203015066,0.1398939652325901,0.1237249325973862,0.1863004449375491,0.0,0.0,0.0,0.0989168189873393,0.0,0.0,0.0,0.0,0.5263513764931137,0.0,0.4816417863125392,0.3365605890823602,0.306940173350029,0.3661116052076225,0.5608681595402772,0.0,0.5694318528538551,0.0,0.31925568214448,0.2080237642190993,0.0,0.0,0.0,0.0,0.5598911071686813,0.0,0.0,0.0,0.4368019338591203,0.0,0.0,0.0,0.3896073502971483,0.0,0.0,0.0,0.0
0.1325301402173799,0.0,0.0,0.0,0.4100137755562568,0.0,0.3471896664063516,0.0,0.3039015806030803,0.464640453085978,0.3618036547700134,0.0,0.4514404759611583,0.0,0.0,0.0,0.355158522612532,0.2824035326477514,0.0,0.0,0.0,0.0,0.0,0.4680348966448721,0.2843576910205546,0.5159074902827583,0.0,0.3158155228343569,0.0,0.0,0.0900990479267826,0.2184990170372346,0.3610845445590671,0.2428977767222764,0.0349658261522507,0.4253784479484965,0.3174366621298256,0.2102193912562968,0.2895922769952915,0.2980516777825101,0.1206544122526118,0.0,0.0,0.0,0.107118478609475,0.0,0.0,0.0,0.0,0.0,0.0,0.0,0.0,0.0,0.44778316477411,0.0,0.5952751846373504,0.0,0.0,0.0,0.0,0.4731860765029823,0.3001444023650996,0.0,0.0,0.0,0.0,0.0,0.3719740696455519,0.311135333089001,0.4103271413663152,0.0,0.0,0.0,0.0,0.0097947466274263
0.0,0.5081409440038125,0.1196664912324928,0.2629912606385283,0.4021294429902362,0.575382188608871,0.5301577326977485,0.424776219744679,0.3211140566287074,0.4556144733274494,0.2566089168306729,0.4514404759611583,0.0,0.4183807351961331,0.3561274696110768,0.3739982286845454,0.3416281115196593,0.3995066449949854,0.1710198777532244,0.3521757004661059,0.4115192865318269,0.3747276520336965,0.4180038950507342,0.4262064053020313,0.3986612812889214,0.486652723877964,0.366616813552186,0.4709821120242794,0.4843566260404416,0.3999649120978045,0.2521017987261121,0.2533364576587972,0.368321943767239,0.3859096310318234,0.1211633055223786,0.4064126909779785,0.4048413288516638,0.2973974348377671,0.28405227767996,0.0,0.0,0.0,0.2449325565169442,0.0,0.0,0.0,0.0,0.1531228023361773,0.0,0.0,0.4097338278128756,0.0,0.397580467041792,0.0,0.0,0.0,0.0,0.0,0.0,0.0,0.0,0.0,0.0,0.0,0.0,0.0,0.0,0.2963556130934855,0.0,0.0,0.0,0.2250007273788197,0.0,0.2944640243315343,0.0,0.0
0.0,0.0,0.1122375562680695,0.1863627743458258,0.4200049494850622,0.448454191126432,0.4165472316562485,0.4462564964446104,0.2817517350549278,0.3390036573124369,0.2995376238892382,0.0,0.4183807351961331,0.0,0.0,0.0,0.0,0.0,0.1270909045118097,0.0,0.3681343588179271,0.0,0.4096869978797043,0.0,0.0,0.0,0.3349962627427625,0.2787688420577958,0.0,0.0,0.271889227931808,0.2636302396158872,0.0,0.3476297087308896,0.0,0.3880750138273351,0.3517585364171292,0.0,0.0,0.0,0.0,0.0,0.2026938050089157,0.0,0.0,0.0,0.0,0.1251944853410407,0.0,0.0,0.0,0.0,0.0,0.2508512515580982,0.0,0.1879294652999313,0.0,0.0,0.0,0.0,0.0,0.0,0.0,0.0,0.0,0.0,0.0,0.3507582414812942,0.0,0.0,0.0,0.0,0.0,0.0,0.0,0.0
0.4042663022545013,0.2689723295446073,0.0,0.0,0.0,0.3888233729373376,0.0,0.3684017148743647,0.0,0.0,0.0,0.0,0.3561274696110768,0.0,0.0,0.3004450526918372,0.0,0.2078884385698876,0.0,0.4931974543577135,0.4889493039492609,0.4898539069887684,0.4229855282445244,0.2693414698592203,0.2911358079291973,0.3337096690010661,0.4184631777574267,0.3042908793100523,0.4392448618058903,0.0,0.2685392767744518,0.2338035685474793,0.4025403500069832,0.3521034130049512,0.1601827424934326,0.2978264758091397,0.0,0.0,0.2720277392091813,0.3762935656999869,0.2431280867472912,0.0,0.0,0.0,0.0,0.0,0.3455235875101628,0.0,0.0,0.0,0.2977865951212022,0.0,0.2836845191336152,0.0,0.0,0.0,0.0,0.0,0.0,0.5841217058096202,0.4517254407635702,0.0,0.0,0.0,0.5152335378431294,0.4638649142115658,0.4695788890578205,0.3861373254652719,0.0,0.0,0.4475431543901804,0.3128132245792859,0.3180511444899201,0.4196483942956874,0.0,0.2138351863413707
0.4661603010190165,0.3299374138022601,0.0,0.0,0.0,0.3235154927857436,0.4220016331079859,0.1308898359619962,0.1518141012851148,0.2843271644417183,0.0,0.0,0.3739982286845454,0.0,0.3004450526918372,0.0,0.2199415503646656,0.4473936691050979,0.0,0.39481866424385,0.3805618609907391,0.4158277038383107,0.22093285245588,0.2497202075323909,0.4010243627871568,0.2948446055476968,0.3390029932943105,0.2927988561146387,0.470820830558818,0.3230616261479478,0.4383272117733992,0.2822552693712971,0.36423885974033,0.3281336462435382,0.2242553101055514,0.0,0.0,0.0,0.2970496941769988,0.2503757092002134,0.1588189490402151,-0.0009226633905513,0.0,0.0,0.0,0.3552623260076733,0.3058798664803107,0.0,0.0,0.0,0.0,0.0,0.0,0.0,0.0,0.0,0.0,0.0,0.0,0.2313487862722349,0.4024205824312135,0.0,0.3442015740376378,0.0,0.3125992483873369,0.3106737877027913,0.3895189338472842,0.0,0.0,0.2358077564111995,0.2910943015882423,0.0,0.0,0.0,0.0,0.1407873107560854
0.1523587031032624,0.0,0.0,0.0,0.0,0.0,0.2958754794901418,0.0,0.0,0.4286077267782824,0.0,0.355158522612532,0.3416281115196593,0.0,0.0,0.2199415503646656,0.0,0.5249892613234863,0.0,0.140080157859191,0.0,0.1100642015934586,0.0,0.2667369465149405,0.3545967639751307,0.3234884148189277,0.0,0.3404693552052221,0.0,0.0,0.0877669289925616,0.0721548536712785,0.1639191987838162,0.0605262702346658,0.0,0.0,0.0,0.1334349205092833,0.0,0.0474842881056193,0.0,0.0,0.0,0.0,0.0,0.0,0.0,0.0,0.0,0.0,0.0,0.0,0.0,0.0,0.2212679557122497,0.0,0.3043803975985997,0.0,0.0,0.0,0.0,0.4560725003772852,0.243775420530828,0.0,0.0,0.0,0.0,0.0,0.265153892781922,0.1597617098425405,0.1385061861757293,0.0,0.0,0.0,0.0,0.0
0.286658208396021,0.3992410279572074,0.0,0.0,0.0,0.3720836128214183,0.4266186709038296,0.1433270577044436,0.0,0.4174962006580809,0.0,0.2824035326477514,0.3995066449949854,0.0,0.2078884385698876,0.4473936691050979,0.5249892613234863,0.0,0.0,0.2893753974628278,0.3583405205490302,0.2639934854440951,0.2500280807931748,0.2632435491582386,0.5249353476230987,0.3549324294337918,0.31802937738455,0.3478722651523588,0.4028444255683415,0.0,0.1290899604133057,0.140940554617571,0.257155436744254,0.1135932770962385,0.0445696220964997,0.0,0.0,0.0,0.1723959637979122,0.1016863820229529,0.0052059295180759,0.0,0.0,0.0,0.0,0.2021498925254178,0.2844153119441413,0.0,0.0,0.0,0.0,0.0,0.0,0.0,0.2112744135676771,0.0,0.2316271688249301,0.0,0.0,0.0,0.2189007533260512,0.3946818083808445,0.3965635281650135,0.0,0.0,0.0,0.2801299512832299,0.0,0.2314014230025017,0.2507020167102874,0.2336105462326218,0.0,0.0,0.0,0.0,0.0
0.0,0.0,0.6057402297487825,0.0273351692311692,0.3425366291644968,0.2551941380259408,0.0980487756784712,0.2322647149418383,0.4927413368922448,0.2477963810148325,0.5726131431351851,0.0,0.1710198777532244,0.1270909045118097,0.0,0.0,0.0,0.0,0.0,0.0,0.0,0.0,0.2935964048112465,0.0,0.0,0.0,0.2944235454320816,0.176664299876512,0.0,0.0,0.0,0.1000154957562064,0.0,0.0563202773394436,0.0424902339175349,0.1627569870087444,0.0745549940010485,0.0,0.1576919889750656,0.0,0.0,0.0,0.0247459283350983,0.0,0.0,0.0,0.0,0.6118244199549924,0.0,0.0,0.2733668908980338,0.0,0.2599253959407146,0.5047217013589145,0.0,0.5070754379639866,0.0,0.0,0.1963138393924814,0.0,0.0,0.0,0.0,0.6560039442096963,0.0,0.0,0.0,0.3620282304495785,0.0,0.0,0.0,0.3561070322826257,0.0,0.0,0.0,0.0
0.3555941925976679,0.31817423578642,0.0,0.0,0.4214247888448604,0.3950536524974466,0.3637523095428023,0.3317352041375571,0.354172115947354,0.0,0.0,0.0,0.3521757004661059,0.0,0.4931974543577135,0.39481866424385,0.140080157859191,0.2893753974628278,0.0,0.0,0.3862837800921473,0.6180165935832461,0.359527114738405,0.0,0.3064231862060337,0.3436369318571963,0.4263350943560888,0.3537250187096387,0.4300240578761872,0.4328019885644646,0.3009236304647609,0.2830224905274338,0.4258178578275401,0.3576921013603709,0.158793299543551,0.3193135221115669,0.3082224940292952,0.0,0.3192473589518937,0.3213105071354124,0.2567973457589218,0.0,0.0,0.0,0.0,0.0,0.3540050892740626,0.0,0.0,0.0,0.3041892096552427,0.0,0.3025307398190939,0.0,0.0,0.0,0.0,0.0,0.0,0.4169510154777407,0.0,0.0,0.0,0.0,0.5208249724657258,0.343781808624007,0.5699873571560495,0.2954267475520687,0.0,0.0,0.3917477004856455,0.2529725065436147,0.3447987904803042,0.2937112073299978,0.0,0.1728204522814113
0.4534895985326017,0.3087770021815196,0.0,0.0,0.0,0.4128875900467439,0.0,0.3520956885713839,0.0,0.0,0.0,0.0,0.4115192865318269,0.3681343588179271,0.4889493039492609,0.3805618609907391,0.0,0.3583405205490302,0.0,0.3862837800921473,0.0,0.3525828469447236,0.4779948154635225,0.3928350072472337,0.4472706451252418,0.3726303002590298,0.3985608414386556,0.3352555176270005,0.5081667219516723,0.3014671042856683,0.3520714259427526,0.2599742309231079,0.3785175516848044,0.3225697329771914,0.1737898151757493,0.2722290079559709,0.0,0.0,0.3054438803832708,0.2869328545153802,0.1558096270189052,0.0,0.0,0.0,0.0,0.4453394805648147,0.3762578908013182,0.0,0.0,0.0,0.321056810428626,0.0,0.2850356645623395,0.0,0.0,0.0,0.0,0.0,0.0,0.403929535687301,0.4062607993390079,0.0,0.0,0.0,0.3521833739942691,0.5805353687834397,0.3623016277627249,0.3640557641491309,0.0,0.3920333280505376,0.4319860870973751,0.2469051388782465,0.2985228151885916,0.4118754391399792,0.0,0.1894782604741676
0.3987030886433265,0.4024896196777646,0.0,0.0,0.4548795077944841,0.4172854561205668,0.3743935287866086,0.3547862439826234,0.3947262916973068,0.2964282936073146,0.0,0.0,0.3747276520336965,0.0,0.4898539069887684,0.4158277038383107,0.1100642015934586,0.2639934854440951,0.0,0.6180165935832461,0.3525828469447236,0.0,0.3437526048267481,0.0,0.3304504910283523,0.4122961398413237,0.3885701467580205,0.3210785723838801,0.3966859266912666,0.4423350184995668,0.2819919631415126,0.3287356125946378,0.4709545723857891,0.3536699568674601,0.1528996517696128,0.2892079548335471,0.3031216340458207,0.0,0.3116355695982841,0.3926105295951002,0.2849270590313347,0.0318148641019944,0.0,0.0,0.0,0.2956490380166385,0.3760959741472038,0.0,0.0,0.0,0.3072693627150078,0.0,0.0,0.0,0.0,0.0,0.0,0.0,0.0,0.4412799720317573,0.4365573485867215,0.0,0.327635024346085,0.0,0.4878054918091025,0.3270134798019737,0.5776478575906683,0.3015752040051924,0.0,0.319160612107879,0.4249199617050729,0.2607211363908189,0.0,0.3132206284209735,0.0,0.2453227715516223
0.2801630847230659,0.3710493728975592,0.3067714698496502,0.049505237536607,0.4596792744303573,0.5198361016813882,0.3792361081685441,0.5378467484664633,0.3748600138149545,0.4441114399363133,0.4073285664572024,0.0,0.4180038950507342,0.4096869978797043,0.4229855282445244,0.22093285245588,0.0,0.2500280807931748,0.2935964048112465,0.359527114738405,0.4779948154635225,0.3437526048267481,0.0,0.4542854701070319,0.3810224910538906,0.4247732650839427,0.4814778773314758,0.2737477287828336,0.4330754029509417,0.3165110942051926,0.1474218575329954,0.263515533488377,0.31420003499632,0.2298899949842469,0.1061527412894655,0.3037756554858539,0.2388751325102767,0.0,0.3089575815572455,0.2563456746796585,0.1097614273039166,0.0,0.1331543371221077,0.0,0.0,0.0,0.4121505646752575,0.3071297244534788,0.0,0.3728794612534969,0.4584998588648644,0.3509687424420378,0.4646162769979318,0.3756686618500385,0.0,0.2722109899529739,0.0,0.4302763411853887,0.2316554797119826,0.3809191931700472,0.0,0.0,0.0,0.3044955870482059,0.2984603255899675,0.4495449665041864,0.3098387496959379,0.5524631047289532,0.0,0.0,0.4550928066970186,0.3397603147964014,0.270954224273239,0.3325856055981036,0.0093902143036447,0.1577703614805287
0.3470718930269433,0.0,0.0,0.0,0.0,0.0,0.3277813990704679,0.510847402368984,0.0,0.456279487870489,0.0,0.4680348966448721,0.4262064053020313,0.0,0.2693414698592203,0.2497202075323909,0.2667369465149405,0.2632435491582386,0.0,0.0,0.3928350072472337,0.0,0.4542854701070319,0.0,0.3498014062963878,0.5422202247245895,0.2177471296415523,0.2900057792236459,0.0,0.0,0.2412632960104133,0.2742033372199184,0.3606663488348177,0.2865636801239704,0.0906370565074414,0.3839500297968589,0.0,0.3134074848817346,0.3296430597073059,0.3321051512077448,0.2063922827619745,0.0,0.0,0.0,0.2124842602956956,0.2283316760777745,0.0,0.0,0.0,0.0,0.0,0.0,0.0,0.0,0.3824836808367289,0.0,0.4552754145191858,0.0,0.0,0.0,0.2193086832888696,0.3902914783683481,0.2910704884295342,0.0,0.0,0.0,0.0,0.0,0.4945094714160029,0.3514524392375697,0.4796202408461533,0.0,0.0,0.0,0.0,0.1553729652419343
0.4079352958806058,0.4689630006608259,0.0,0.0,0.3744045747220997,0.4191627196541626,0.4465042843048801,0.2278290161933273,0.0,0.4878202313816438,0.0,0.2843576910205546,0.3986612812889214,0.0,0.2911358079291973,0.4010243627871568,0.3545967639751307,0.5249353476230987,0.0,0.3064231862060337,0.4472706451252418,0.3304504910283523,0.3810224910538906,0.3498014062963878,0.0,0.445777252161976,0.3935168595850987,0.235421142121171,0.4389482105372999,0.0,0.0810277372782887,0.2655154410920071,0.2973872928943158,0.1363484658367981,0.0728974595743171,0.0,0.0,0.2401476245096656,0.2251992317355109,0.2153397663976525,0.0975743184513801,0.0,0.0,0.0,0.0,0.2843017630347735,0.3675182207888343,0.0,0.0,0.0,0.0,0.0,0.0,0.0,0.3350937913683925,0.0,0.2618228833974621,0.0,0.0,0.0,0.3318070375613717,0.3710541392704751,0.4173411197235702,0.0,0.2621576325900215,0.4046144343378627,0.3262249135035351,0.0,0.2586313751952452,0.4088513603761571,0.3756358363108776,0.0,0.0,0.0,0.0,0.1308854519267236
0.3682554731508523,0.5863056945112424,0.0,0.0,0.0,0.5162777047535213,0.3691533326046993,0.4709124074132352,0.0,0.4946632400942263,0.0,0.5159074902827583,0.486652723877964,0.0,0.3337096690010661,0.2948446055476968,0.3234884148189277,0.3549324294337918,0.0,0.3436369318571963,0.3726303002590298,0.4122961398413237,0.4247732650839427,0.5422202247245895,0.445777252161976,0.0,0.2740429550995344,0.3129124434348081,0.3489016868951913,0.0,0.1859298758108025,0.3146081237185097,0.4271166839433983,0.2857020945617048,0.1143626001425137,0.3542967287529864,0.0,0.2568300284355698,0.3338692013443611,0.3922152050719025,0.2242206337421463,0.0,0.0,0.0,0.1638352447576021,0.1967278507774368,0.4332390131261067,0.0,0.0,0.0,0.0,0.0,0.0,0.0,0.387898784256478,0.0,0.441191359814264,0.0,0.0,0.3051740727782736,0.2382516672020741,0.4209952021036361,0.2849886683156816,0.0,0.2706133453935819,0.3088639551064781,0.3347047628694995,0.2421671797878496,0.3638666756108881,0.3818841887566949,0.5110539835188914,0.1282393269288989,0.0,0.1831688332194196,0.0,0.1000110321132781
0.2897697249374987,0.3329970147995924,0.347490923843182,0.0306448073198182,0.5101951282861905,0.4688351234471613,0.4312991112720478,0.2990231954050542,0.4281955510640537,0.3672451115848705,0.3798361130078307,0.0,0.366616813552186,0.3349962627427625,0.4184631777574267,0.3390029932943105,0.0,0.31802937738455,0.2944235454320816,0.4263350943560888,0.3985608414386556,0.3885701467580205,0.4814778773314758,0.2177471296415523,0.3935168595850987,0.2740429550995344,0.0,0.1982612937591206,0.5182229925227986,0.2899744756920749,0.1377742033757746,0.307010343055062,0.2754011314362938,0.2109039817663842,0.1337080858140007,0.2033733309533231,0.1863297580512727,0.0,0.2895881299705134,0.0,0.1014043379234805,0.0,0.037429543164283,0.0,0.0,0.0,0.4301641724086983,0.2952571166123032,0.0,0.0,0.4613993828075064,0.5028326546437016,0.30193207148068,0.4292422632971747,0.0,0.2240218321629238,0.0,0.3870103739210068,0.2341062565916541,0.3815052656209932,0.0,0.0,0.0,0.3028305859845389,0.3978426045256776,0.3956386382407545,0.373995832544683,0.4851106509141191,0.0,0.0,0.3871365803385746,0.5412876468626561,0.2048919511853744,0.413795161737531,0.0041103600288751,0.1456636625241315
0.2634094683536501,0.2798331250735343,0.1121802727077308,0.337465452354649,0.2560346104608017,0.3394730240908207,0.3924555272032715,0.2821434094716596,0.2143423053122952,0.3290205653834645,0.240793224505182,0.3158155228343569,0.4709821120242794,0.2787688420577958,0.3042908793100523,0.2927988561146387,0.3404693552052221,0.3478722651523588,0.176664299876512,0.3537250187096387,0.3352555176270005,0.3210785723838801,0.2737477287828336,0.2900057792236459,0.235421142121171,0.3129124434348081,0.1982612937591206,0.0,0.3400277996308306,0.4363377866139959,0.2733934168558161,0.0881124375389936,0.3055490460698978,0.3403863717816356,0.1213744374196355,0.4415390573181845,0.359178861589673,0.2782135256754754,0.1682092899490359,0.0,0.1660041253804614,0.0,0.2789953589110249,0.0,0.0,0.0,0.0,0.0,0.0,0.0,0.1775936956733832,0.0,0.2857492100110633,0.0,0.0,0.0,0.0,0.0,0.0,0.2025961660327001,0.0,0.0,0.0,0.0,0.241170900179535,0.2763306529925575,0.0,0.1623270767173803,0.0,0.0,0.0,0.0787616682036076,0.5133830691469715,0.116679529810453,0.0,0.0
0.4318826071064366,0.4105940030381351,0.0,0.0,0.4167269870243901,0.4943251095573499,0.4648857247880124,0.2590342180770358,0.3109944070726801,0.0,0.0,0.0,0.4843566260404416,0.0,0.4392448618058903,0.470820830558818,0.0,0.4028444255683415,0.0,0.4300240578761872,0.5081667219516723,0.3966859266912666,0.4330754029509417,0.0,0.4389482105372999,0.3489016868951913,0.5182229925227986,0.3400277996308306,0.0,0.3819024273577351,0.3026941959524133,0.280508407279163,0.3344482393621097,0.3596961854239007,0.2120562390533259,0.2605215154023541,0.2963981549090043,0.0,0.3274632096079812,0.0,0.194857055870127,0.0,0.0,0.0,0.0,0.0,0.432702013285512,0.0,0.0,0.0,0.3733818180130768,0.0,0.2366482633914775,0.0,0.0,0.0,0.0,0.4032134473139198,0.0,0.3503348792259699,0.0,0.0,0.0,0.0,0.3901542785424372,0.459054314534418,0.3946416232961231,0.3628274527640019,0.0,0.0,0.4050127429878538,0.3587959795633135,0.2960194602170604,0.4591943079036924,0.0,0.1700285116455408
0.0,0.0,0.1280977360597596,0.0,0.0,0.3707959772852832,0.0,0.3394128612687413,0.3247204761744357,0.0,0.0,0.0,0.3999649120978045,0.0,0.0,0.3230616261479478,0.0,0.0,0.0,0.4328019885644646,0.3014671042856683,0.4423350184995668,0.3165110942051926,0.0,0.0,0.0,0.2899744756920749,0.4363377866139959,0.3819024273577351,0.0,0.3602340636360133,0.2489558494107461,0.0,0.4307871513230009,0.2242128925157981,0.0,0.0,0.0,0.3139785546356244,0.0,0.0,0.0,0.0,0.0,0.0,0.0,0.0,0.0,0.0,0.0,0.0,0.0,0.0,0.0,0.0,0.0,0.0,0.0,0.0,0.0,0.0,0.0,0.0,0.0,0.2791284652105108,0.0,0.0,0.2779162438943869,0.0,0.0,0.0,0.1819234630898437,0.0,0.0,0.0,0.0
0.3947533689279401,0.1183112330902514,0.0,0.0,0.1835354919655063,0.1841695952497888,0.2710578205305589,0.1454093103008996,0.038394274450022,0.125047873644663,0.0,0.0900990479267826,0.2521017987261121,0.271889227931808,0.2685392767744518,0.4383272117733992,0.0877669289925616,0.1290899604133057,0.0,0.3009236304647609,0.3520714259427526,0.2819919631415126,0.1474218575329954,0.2412632960104133,0.0810277372782887,0.1859298758108025,0.1377742033757746,0.2733934168558161,0.3026941959524133,0.3602340636360133,0.0,0.2249141267992155,0.3504394661529947,0.4325692334463345,0.2891227075359316,0.2399475792362538,0.3358366472700836,0.1458692217922323,0.2779182809828136,0.2597713605291303,0.2034345534769367,0.0,0.0,0.0,0.0,0.3593549602090845,0.1787560037050365,0.0,0.0,0.0,0.1129082953182325,0.0,0.1294608059753285,0.0,0.028687609497078,0.0,0.0449698017190089,0.0,0.0,0.1661941895354619,0.2375865751509119,0.0,0.1260119871224998,0.0,0.2072907039347906,0.2668658661003275,0.2687660270837214,0.0687582126451666,0.2176253639775278,0.0838234467910511,0.2137801139572692,-0.0119325175561371,0.2503710589275693,0.169979875353077,0.0,0.0741749990375533
0.3163851795688379,0.3442616932424609,0.1035718680727857,0.0,0.2834378463749936,0.2845488214526256,0.2210335413938114,0.260925674882159,0.1960517373886178,0.2345351181954877,0.1181811868670912,0.2184990170372346,0.2533364576587972,0.2636302396158872,0.2338035685474793,0.2822552693712971,0.0721548536712785,0.140940554617571,0.1000154957562064,0.2830224905274338,0.2599742309231079,0.3287356125946378,0.263515533488377,0.2742033372199184,0.2655154410920071,0.3146081237185097,0.307010343055062,0.0881124375389936,0.280508407279163,0.2489558494107461,0.2249141267992155,0.0,0.3667610483488823,0.3159788609743699,0.1547845282090006,0.259739271736861,0.2135737595029652,0.2744809443172842,0.5209944938823221,0.3337263320375403,0.2872223033108428,0.051281726310868,0.1678178710990392,0.1666551694012887,0.3424589404497039,0.1766261713197495,0.289530123929704,0.0894634230563129,0.0,0.0,0.3082062411634781,0.0,0.2418603230673664,0.1617435914937124,0.2066908877572249,0.0,0.2315773854961218,0.2593588741376613,0.0,0.2588109304441201,0.2604201737075849,0.0,0.1938577549214389,0.1280290019736688,0.2694707271005491,0.2590896720492338,0.2648393467791363,0.2426482036729726,0.1887845947303248,0.3105366147935207,0.3459359633552811,0.260987803981963,0.1653890929471594,0.282501575450324,0.0,0.2742876816074543
0.3725874049636184,0.3524026938062656,0.0,0.0,0.4151069488941023,0.3872750958700386,0.3217054759301843,0.3606054310706776,0.307571834096855,0.3200850898435277,0.2096220295072454,0.3610845445590671,0.368321943767239,0.0,0.4025403500069832,0.36423885974033,0.1639191987838162,0.257155436744254,0.0,0.4258178578275401,0.3785175516848044,0.4709545723857891,0.31420003499632,0.3606663488348177,0.2973872928943158,0.4271166839433983,0.2754011314362938,0.3055490460698978,0.3344482393621097,0.0,0.3504394661529947,0.3667610483488823,0.0,0.504319840943229,0.2194452125310984,0.3890340740467233,0.4294762417419841,0.3828614880846052,0.3983363611744094,0.579011395733337,0.3573030592418215,0.0,0.0,0.0,0.2926307308400803,0.3161166590837664,0.3545165900011204,0.0,0.0,0.0,0.0,0.0,0.0,0.0,0.2810967767960243,0.0,0.3344027549682163,0.0,0.0,0.3380020182697353,0.3332304355938907,0.3260532448352193,0.2951789253523768,0.0,0.3613073381814111,0.317807195666748,0.4091795434419095,0.2221241542189491,0.2963500193457622,0.3109081832871305,0.4115806084759075,0.1685480281242081,0.0,0.255736535278212,0.0,0.1300599719856728
0.329563888517483,0.2442152437740077,0.0,0.1111050359195211,0.2985788787558063,0.3410750730381878,0.2475372986769985,0.2739261419461357,0.1827677862884474,0.232261828525814,0.1165451255282764,0.2428977767222764,0.3859096310318234,0.3476297087308896,0.3521034130049512,0.3281336462435382,0.0605262702346658,0.1135932770962385,0.0563202773394436,0.3576921013603709,0.3225697329771914,0.3536699568674601,0.2298899949842469,0.2865636801239704,0.1363484658367981,0.2857020945617048,0.2109039817663842,0.3403863717816356,0.3596961854239007,0.4307871513230009,0.4325692334463345,0.3159788609743699,0.504319840943229,0.0,0.2971417246175932,0.3789177369684589,0.4412263717343177,0.2720404222190722,0.3949976047110157,0.482720233065615,0.4653123801022664,0.087527031979426,0.166639014650772,0.0,0.1279568334616829,0.2066998623348537,0.3049645523022277,0.0,0.0,0.0,0.2287447407975382,0.0,0.2331409437819118,0.0,0.2369941847142195,0.0,0.2213084133998775,0.0,0.0,0.2613893914055225,0.3122870917055363,0.0,0.2127283861365782,0.0,0.2347863463912374,0.2595277867071336,0.3140887629838483,0.1551854515530189,0.2815743050073526,0.2494866887614492,0.3271934938948995,0.0919884054744658,0.3550068506522676,0.2288975508350735,0.0,0.121462973105198
0.2011759389563497,0.0831617373384039,0.0027029737970898,0.0273054220080331,0.12595161260215,0.1327839701728349,0.0923714148821557,0.0864161040950855,0.1145435327494538,0.0863541459839116,0.0627241304015025,0.0349658261522507,0.1211633055223786,0.0,0.1601827424934326,0.2242553101055514,0.0,0.0445696220964997,0.0424902339175349,0.158793299543551,0.1737898151757493,0.1528996517696128,0.1061527412894655,0.0906370565074414,0.0728974595743171,0.1143626001425137,0.1337080858140007,0.1213744374196355,0.2120562390533259,0.2242128925157981,0.2891227075359316,0.1547845282090006,0.2194452125310984,0.2971417246175932,0.0,0.0884269495658813,0.2232950746741787,0.0,0.1832585472930078,0.1922963447925135,0.1189533504117359,0.0753526935852502,0.0,0.0,0.0,0.0,0.1614261704317662,0.0,0.0,0.0,0.0,0.0,0.0,0.0,0.0,0.0,0.0,0.0,0.0,0.1453451091021726,0.2044367246660772,0.0,0.1311162546435335,0.0,0.167603959481638,0.1919555648606191,0.1986482186618004,0.1047482606708744,0.0,0.1483409231027411,0.207844587293005,0.1030930021644526,0.0,0.2086227510022127,0.0,0.0
0.0,0.0,0.0965369772254453,0.2966517693427371,0.2918909123736597,0.3761622893687112,0.3117013137826847,0.4309945718566292,0.2305392522959186,0.2937890747112702,0.2630812203015066,0.4253784479484965,0.4064126909779785,0.3880750138273351,0.2978264758091397,0.0,0.0,0.0,0.1627569870087444,0.3193135221115669,0.2722290079559709,0.2892079548335471,0.3037756554858539,0.3839500297968589,0.0,0.3542967287529864,0.2033733309533231,0.4415390573181845,0.2605215154023541,0.0,0.2399475792362538,0.259739271736861,0.3890340740467233,0.3789177369684589,0.0884269495658813,0.0,0.4382054046883691,0.2911320305127962,0.3202361108751427,0.3532858056776918,0.2252541443979185,0.0,0.4391974388188238,0.3417924623613749,0.0,0.0,0.0,0.098141560716106,0.0,0.0,0.3107973930073823,0.1806855279406477,0.4291520053077772,0.2299250236283479,0.0,0.2261013976377049,0.4163375643958132,0.400460158382793,0.2730662508037815,0.0,0.0,0.0,0.0,0.1333776796879313,0.0,0.0,0.0,0.2323010807972679,0.0,0.0,0.0,0.1352482792568215,0.4054827273742862,0.1381160523707807,0.0,0.0
0.0,0.0,0.0,0.1933412572108365,0.3392756821786718,0.3170749580588695,0.3283137056064518,0.3150344973233903,0.1660043812981919,0.2607052494155009,0.1398939652325901,0.3174366621298256,0.4048413288516638,0.3517585364171292,0.0,0.0,0.0,0.0,0.0745549940010485,0.3082224940292952,0.0,0.3031216340458207,0.2388751325102767,0.0,0.0,0.0,0.1863297580512727,0.359178861589673,0.2963981549090043,0.0,0.3358366472700836,0.2135737595029652,0.4294762417419841,0.4412263717343177,0.2232950746741787,0.4382054046883691,0.0,0.2792702819408891,0.297650399683436,0.0,0.3016228026757646,0.0082451851617709,0.0,0.0,0.0,0.0,0.0,0.0,0.0,0.0,0.0,0.0,0.0,0.0,0.0,0.0,0.0,0.0,0.0,0.0,0.0,0.0,0.0,0.0,0.0,0.0,0.0,0.0,0.0,0.0,0.0,0.0,0.0,0.0,0.0,0.0
0.0,0.0,0.0,0.0,0.2471761728474288,0.0,0.2388292370727207,0.0,0.1734174190567987,0.2395753812016974,0.1237249325973862,0.2102193912562968,0.2973974348377671,0.0,0.0,0.0,0.1334349205092833,0.0,0.0,0.0,0.0,0.0,0.0,0.3134074848817346,0.2401476245096656,0.2568300284355698,0.0,0.2782135256754754,0.0,0.0,0.1458692217922323,0.2744809443172842,0.3828614880846052,0.2720404222190722,0.0,0.2911320305127962,0.2792702819408891,0.0,0.2343672828113122,0.3600970734458903,0.2560211955215566,0.0,0.0,0.0,0.3641339918559301,0.0,0.0,0.0,0.0,0.0,0.0,0.0,0.0,0.0,0.2638747586064413,0.0,0.2692047131219012,0.0,0.0,0.0,0.0,0.0,0.0,0.0,0.0,0.0,0.0,0.0,0.3440510136816165,0.0,0.2791224947066358,0.0,0.0,0.0,0.0,0.0
0.2989218383056348,0.3371099090224719,0.1489938663927888,0.0,0.0,0.3505999559366913,0.0,0.346039899352735,0.2392018164156998,0.2697940494914481,0.1863004449375491,0.2895922769952915,0.28405227767996,0.0,0.2720277392091813,0.2970496941769988,0.0,0.1723959637979122,0.1576919889750656,0.3192473589518937,0.3054438803832708,0.3116355695982841,0.3089575815572455,0.3296430597073059,0.2251992317355109,0.3338692013443611,0.2895881299705134,0.1682092899490359,0.3274632096079812,0.3139785546356244,0.2779182809828136,0.5209944938823221,0.3983363611744094,0.3949976047110157,0.1832585472930078,0.3202361108751427,0.297650399683436,0.2343672828113122,0.0,0.3664130307730206,0.2947421598893256,0.0,0.1562672051467574,0.1519568545244773,0.2371259318928651,0.1787496182070631,0.3963115363742369,0.1151822186441103,0.1247763959951672,0.2624685378165737,0.3827492397199617,0.2467607247106237,0.3464721561060515,0.2363375770471164,0.2632701313450362,0.0634358768567582,0.296955513514561,0.3491582866622895,0.2261126256908237,0.2954423388871014,0.295121561396273,0.2700983961607685,0.2455076199116147,0.192922690568278,0.3052059322724046,0.3231961197139744,0.3101137391554218,0.2962665628349553,0.2739470355237299,0.3364467339552354,0.4393923792246926,0.2632948366457063,0.2446682488154472,0.2978534597914539,0.1723824419966262,0.1993771431440083
0.344117685375623,0.3117278930764756,0.0,0.0,0.0,0.0,0.0,0.0,0.0,0.3159804584467932,0.0,0.2980516777825101,0.0,0.0,0.3762935656999869,0.2503757092002134,0.0474842881056193,0.1016863820229529,0.0,0.3213105071354124,0.2869328545153802,0.3926105295951002,0.2563456746796585,0.3321051512077448,0.2153397663976525,0.3922152050719025,0.0,0.0,0.0,0.0,0.2597713605291303,0.3337263320375403,0.579011395733337,0.482720233065615,0.1922963447925135,0.3532858056776918,0.0,0.3600970734458903,0.3664130307730206,0.0,0.4363949175986277,0.0854283554396424,0.1705557854728762,0.2452148359395562,0.3331939105231376,0.2834880711065186,0.3914041645035456,0.0,0.0,0.1568338860144696,0.3135032964979131,0.1689052414666696,0.250209078563208,0.2152656124230111,0.3502914394651235,0.0788646550319309,0.3289936897419562,0.4249884628661549,0.0,0.3300948868256648,0.3731130573900754,0.2815495325980327,0.2997675916929619,0.0,0.3067148645078478,0.273939683248567,0.3640370517340565,0.2322640419383542,0.3083199888010408,0.357328252787742,0.4607429290731467,0.1797368564786544,0.3445852308243241,0.3086630880028718,0.2328127958821527,0.2375118616646305
0.2715516589613924,0.1861906475821186,0.0,0.0,0.0,0.1864150843175049,0.0,0.1308729857705695,0.0,0.0972319269887513,0.0,0.1206544122526118,0.0,0.0,0.2431280867472912,0.1588189490402151,0.0,0.0052059295180759,0.0,0.2567973457589218,0.1558096270189052,0.2849270590313347,0.1097614273039166,0.2063922827619745,0.0975743184513801,0.2242206337421463,0.1014043379234805,0.1660041253804614,0.194857055870127,0.0,0.2034345534769367,0.2872223033108428,0.3573030592418215,0.4653123801022664,0.1189533504117359,0.2252541443979185,0.3016228026757646,0.2560211955215566,0.2947421598893256,0.4363949175986277,0.0,0.1925885360308664,0.1185418671061381,0.2123679441102903,0.2571987851630246,0.1381280160526062,0.1808545367555048,0.0235193490618053,0.0,0.0230083475827298,0.2007026510454624,0.028825018942247,0.0952576853883681,0.018871562941285,0.1870124265413897,0.0,0.1651650273983163,0.296850847316319,0.0,0.2108286896287577,0.312898558114297,0.1259109828822212,0.1783101186066402,0.0068320203595616,0.2671700198211467,0.1619159897316738,0.2563145419000951,0.0989755627775601,0.2051192343608164,0.2226179352355972,0.2714393579656851,0.1303333953396471,0.2578492791085718,0.2604171425092315,0.321756695062973,0.3418357263344624
0.0,0.0,0.0,0.0,0.0,0.0,0.0,0.0,0.0,0.0,0.0,0.0,0.0,0.0,0.0,-0.0009226633905513,0.0,0.0,0.0,0.0,0.0,0.0318148641019944,0.0,0.0,0.0,0.0,0.0,0.0,0.0,0.0,0.0,0.051281726310868,0.0,0.087527031979426,0.0753526935852502,0.0,0.0082451851617709,0.0,0.0,0.0854283554396424,0.1925885360308664,0.0,0.0,0.0465931335654737,0.034069542085524,0.0619889006168731,0.0,0.0,0.0,0.0,0.0,0.0,0.0,0.0,0.0,0.0,0.0,0.0,0.0,0.0126699560315562,0.0095003927980211,0.0,0.0,0.0,0.0,0.0,0.0,0.0,0.0,0.0,0.0,0.0,0.0355776640333486,0.0052377911261084,0.1799003350789087,0.1305740008483072
