0.0,0.2671393077938894,0.0,0.0,0.0,0.0,0.0,0.133652230344986,0.0,-0.0015099493132679,0.0,0.0437955890547834,0.0,0.0,0.1935402128198661,0.3432531301500313,0.1307277349667563,0.4348333348518974,0.0,0.0,0.4279944658034336,0.267866113117834,0.2005723374364673,0.4626700794572521,0.5078014213443943,0.4953806114197767,0.0733538636384551,0.2548770539494478,0.1722138585933527,0.0,0.4491889633898719,0.187721206604965,0.1164600127745522,0.1203165978467751,0.0,0.0,0.0,0.0,0.3035103025361018,0.3289165779403163,0.0,0.0,0.0,0.0,0.0,0.5921694607153164,0.4808802785956739,0.0,0.0,0.0,0.0,0.0,0.0,0.0,0.1324178253061481,0.0,0.0,0.0,0.0,0.0,0.5007265107221038,0.0,0.5160122476074239,0.0,0.0,0.2021157241097733,0.4543366415144054,0.0,0.3945497818198307,0.5131159738051754,0.5270474127499312,0.0,0.0,0.0,0.0,0.0
0.2671393077938894,0.0,0.0,0.0,0.0300669167357103,0.0968010622935147,0.2463269402623321,0.0500109047140003,0.0,0.0,0.0,0.0,0.3785529054257308,0.0,0.1284511197912617,0.3917435375683194,0.0,0.4010329860242216,0.0,0.2489074145508893,0.1662089441595643,0.5044120060742275,0.2261887560753786,0.0,0.4437907638640633,0.554981743959713,0.1512770845450486,0.4348491785037437,0.0835702276973768,0.0,0.2110843981039466,0.2625415748043568,0.022811208300369,-0.0036765820420791,0.0,0.0,0.0,0.0,0.1884549231770411,0.1597392467694606,0.2022710804481913,0.1304635901609163,0.0,0.0,0.0,0.3505165415735076,0.3431512901508066,0.0,0.0,0.0,0.0,0.0,0.0,0.0,0.0,0.0,0.0,0.0,0.0,0.1934149226388132,0.1570129907794804,0.0,0.3269598330716041,0.0,0.2349276210885457,0.2277304510688971,0.2474481289580922,0.1442808223833409,0.0,0.4255815494503321,0.4844936227693642,0.0568445843690157,0.0,0.0636663198650136,0.0,0.2305091359983342
0.0,0.0,0.0,0.0,0.1431695285921729,0.2344735028954148,0.1848116008256637,0.1760389735362583,0.3173715561656242,0.2090138137365294,0.4064354127365957,0.0,0.1826200543082081,0.1733903907171904,0.0,0.0,0.0,0.0,0.4047753757147809,0.0,0.0,0.0,0.2574904331431029,0.0,0.0,0.0,0.3069408216731992,0.2132305170244405,0.0,0.1578149166259438,0.179000165066584,0.0827842924152968,0.0,0.1402919415755421,0.0,0.2075242597364028,0.0413851869495136,0.0,0.1088918387901491,0.0,0.0,0.0,0.0581561670847792,0.0,0.0,0.0,0.0,0.2296767616134659,0.0,0.3043759031267245,0.2337066717675446,0.0,0.1671261956981376,0.3026028509438193,0.0,0.3073827654092041,0.0,0.0,0.1909913186726456,0.0,0.0,0.0,0.0,0.4378072420052089,0.0,0.0,0.0,0.1498544399054336,0.0,0.0,0.0,0.2204786470516107,0.0,0.0,0.0,0.0
0.0,0.0,0.0,0.0,0.3632246636133773,0.2488123431606249,0.4370349832937574,0.0119346035253432,0.0351749986544486,0.1734033738013495,0.1497326965306254,0.0,0.4121068874239196,0.3145481599286746,0.0,0.0,0.0,0.0,0.0711236052821066,0.0,0.0,0.0,0.1267941658367783,0.0,0.0,0.0,0.1826807564075258,0.320452527476942,0.0,0.0,0.0,0.226271713839616,0.0,0.025271744448786,0.1080330095625173,0.0,0.0613053789425903,0.0,0.0,0.0,0.0,0.0,0.0,0.0,0.0,0.0,0.0,0.0,0.0,0.0,0.0,0.0,0.0,0.0,0.0,0.0,0.0,0.0,0.0,0.0,0.0,0.0,0.0,0.0,0.0,0.0,0.0,0.0,0.0,0.0,0.0,0.0,0.0,0.0,0.0,0.0
0.0,0.0300669167357103,0.1431695285921729,0.3632246636133773,0.0,0.4236111677596771,0.5737571949249908,0.0531661824665155,0.3249066902469126,0.165941976260557,0.4789042293468772,0.1081220878596403,0.4421415694756907,0.4600106932622354,0.0,0.0,0.0,0.0,0.2271178444962197,0.4612165596871903,0.0,0.1592340916684023,0.1932492659156088,0.0,0.0,0.0,0.3846748669286739,0.1538761894387137,0.3005166198851507,0.0,0.0,0.1435296210112353,0.0957654503545446,0.1090383101254305,0.205144904970126,0.0,0.0,0.032786760875239,0.0,0.0,0.0,0.0,0.1032459935043172,0.0,0.0,0.0,0.0,0.1541996293678247,0.0,0.0,0.0,0.0,0.0980449910973643,0.0975264278305792,0.0,0.1606258650423696,0.0,0.0,0.0,0.0,0.0,0.0,0.0,0.0,0.0,0.0,0.0,0.2539978553290747,0.0,0.0,0.0,0.1214225684740012,0.0,0.0,0.0,0.0
0.0,0.0968010622935147,0.2344735028954148,0.2488123431606249,0.4236111677596771,0.0,0.3628905171960476,0.2992244644987711,0.4294648737737212,0.0,0.4486322830131298,0.0,0.4202199602359657,0.4122464067500476,0.2395978731970454,0.0467660774700831,0.0,0.0,0.3766317713640743,0.4182852445907861,0.0230138783204253,0.1392327605062315,0.4852278948186007,0.0,0.0,0.0224590457698675,0.5114881354007276,0.1870207015357994,0.3828553786331801,0.1692122126361387,0.040020301453519,0.1533660302949947,0.1068535765624368,0.1503831381745913,0.1944478563937571,0.0,0.0,0.0,0.1202499558967088,0.0,0.1753616973689126,0.0,0.0435983533145793,0.0,0.0,0.0,0.0,0.4238795268573373,0.0,0.0,0.2871598938845256,0.4135400665953509,0.3927978866182942,0.3459779061273871,0.0,0.3913384301646334,0.0,0.3824057393013408,0.0,0.3053370624121622,0.0,0.0,0.0,0.2920852288253047,0.1978985558924502,0.2098368305117284,0.0560624816964454,0.4645272085344651,0.0,0.0,0.0,0.3203185053769043,0.2009731219719806,0.09880926155898,0.0,0.1690751675110654
0.0,0.2463269402623321,0.1848116008256637,0.4370349832937574,0.5737571949249908,0.3628905171960476,0.0,0.0,0.1967850651922364,0.3850854967864924,0.3971245788905546,0.2824706670490124,0.5408223422913329,0.4273120546711834,0.0,0.2160008942083438,0.3103178335738185,0.0408025157650706,0.2281899664243206,0.3988109847799547,0.0,0.263605657263859,0.168856858407626,0.0777831385080205,0.0,0.0487180935993197,0.2987510729522329,0.3065897133420186,0.1844586316457453,0.0,0.0059004168798532,0.244736914017367,0.0265468949745023,0.0379318350994901,0.1394857692971562,0.0,0.0448978401413263,0.1495954093436922,0.0,0.0,0.0,0.0,0.0,0.0,0.0,0.0,0.0,0.0,0.0,0.0,0.0,0.0,0.0,0.0,0.0,0.0,0.0,0.0,0.0,0.0,0.0,0.0,0.0,0.0,0.0,0.0,0.0,0.2251057999797293,0.0,0.0,0.0,0.0415213624033636,0.0,0.0,0.0,0.0
0.133652230344986,0.0500109047140003,0.1760389735362583,0.0119346035253432,0.0531661824665155,0.2992244644987711,0.0,0.0,0.1512193273062856,0.0,0.1702205228121376,0.0,0.07312222276573,0.0997911529083906,0.1483316260973141,0.0,0.0,0.0292178845638237,0.2647988229357139,0.0577358944961057,0.2122055421712953,0.0486945417854073,0.4461154155177854,0.1206621538880159,0.0255584896043215,0.1073313449009235,0.1423897932362796,0.0,0.1055904341722775,0.104382319030535,0.0545138892704768,0.0451696465474296,0.1089475855081238,0.1558965804290246,0.0126205477393519,0.1309098856056044,0.0,0.0,0.103004109331095,0.0,0.0,0.0,0.0,0.0,0.0,0.0,0.0,0.1558832135274706,0.0,0.0628513647675004,0.2773818139144941,0.0289868223860428,0.4659969967314323,0.1471942346004423,0.0,0.2273746204194854,0.0,0.0407118142369277,0.015533190543268,0.0722805578278187,0.0,0.0,0.0,0.1582556161068665,0.1381856588402604,0.1264021626459481,0.0,0.2926910721261507,0.0,0.0,0.0,0.0685017129238294,0.0,0.0733005675587346,0.0,0.0
0.0,0.0,0.3173715561656242,0.0351749986544486,0.3249066902469126,0.4294648737737212,0.1967850651922364,0.1512193273062856,0.0,0.0,0.4701883801889873,0.0,0.1976343253030342,0.3043965066195915,0.0,0.131264660172746,0.0,0.0,0.3477950733170906,0.2367226126300964,0.0,0.0528497876623736,0.3076110824473754,0.0,0.0,0.0,0.4484796637492431,0.1910660954884325,0.3841593699209835,0.2758176131646963,0.1844414048265887,0.1294588115876367,0.1150355015395845,0.1898052324840792,0.1264056357315303,0.0,0.0697101830520265,0.0,0.1523742992314952,0.0,0.0,0.0,0.0,0.0,0.0,0.0,0.0,0.4299395968622055,0.0,0.0,0.3823148877735223,0.0,0.2920623535098283,0.585836428177891,0.0,0.5513361740495778,0.0,0.0,0.2603833758432489,0.0,0.0,0.0,0.0,0.3216906453244715,0.0,0.0,0.0,0.2681417779116392,0.0,0.0,0.0,0.4370947274876307,0.0,0.0,0.0,0.0
-0.0015099493132679,0.0,0.2090138137365294,0.1734033738013495,0.165941976260557,0.0,0.3850854967864924,0.0,0.0,0.0,0.1273551894839353,0.5688153893879717,0.2950978724240031,0.0490690696477201,0.0,0.3094782960635514,0.6254681661291187,0.3678804820757044,0.0815188313089086,0.0,0.0,0.2714195631047743,0.0,0.3506078308323609,0.3502024678992977,0.3065074951496219,0.0,0.203590282440497,0.0,0.0,0.0014980819292728,0.1920414106688152,0.0,0.0,0.0,0.0,0.0,0.2668975289537955,0.0044225446195732,0.0,0.3265011438419716,0.0,0.0,0.0,0.172048834143963,0.0,0.0,0.0,0.0,0.0,0.0,0.0,0.0,0.0,0.6288042653648417,0.0,0.5721144673625161,0.0,0.0,0.0,0.0,0.5170954937733621,0.1238354609635738,0.0,0.0,0.0,0.0,0.0,0.3231553203841434,0.2575785415018011,0.2498586103113137,0.0,0.1816975816848473,0.0,0.0,0.3277035647945435
0.0,0.0,0.4064354127365957,0.1497326965306254,0.4789042293468772,0.4486322830131298,0.3971245788905546,0.1702205228121376,0.4701883801889873,0.1273551894839353,0.0,0.1515587060957113,0.3402504209457376,0.3632874791959366,0.0,0.0,0.0,0.0,0.4094186439170153,0.0,0.0,0.0,0.3637607602040507,0.0,0.0,0.0,0.447223981908186,0.2146701828267561,0.0,0.0,0.0888856382450122,0.1833445937628923,0.1017593795665592,0.1433322430286656,0.0970109521174227,0.0,0.0,0.1044154381491449,0.1086543475180597,0.0,0.0,0.0,0.0584982883134328,0.0,0.0,0.0,0.0,0.251770964951199,0.0,0.2981970929893731,0.2026130756961201,0.3066819056748781,0.2400055114717297,0.2934800529447872,0.0,0.3968785075594191,0.0,0.3003240661993007,0.3375438722094994,0.0,0.0,0.0,0.0,0.4131242070126796,0.0,0.0,0.0,0.3287662376384304,0.0,0.0,0.0,0.287762397643755,0.0,0.0,0.0,0.0
0.0437955890547834,0.0,0.0,0.0,0.1081220878596403,0.0,0.2824706670490124,0.0,0.0,0.5688153893879717,0.1515587060957113,0.0,0.2673926042693448,0.0,0.0,0.0,0.5194267790565864,0.3752861089514152,0.0,0.0,0.0,0.0,0.0,0.3567698558437681,0.3125153341925351,0.3207000997149784,0.0,0.1053820623647569,0.0,0.0,-0.0078673840347909,0.0186231359235473,0.0,0.0,0.0,0.0191568308739224,0.0,0.182001013630815,0.0,0.0,0.2342575140256687,0.0,0.0,0.0,0.2015935354191979,0.0,0.0,0.0,0.0,0.0,0.0,0.0,0.0,0.0,0.5613526966936166,0.0,0.6279325255028397,0.0,0.0,0.0,0.0,0.4781753751022554,0.1742149831859972,0.0,0.0,0.0,0.0,0.0,0.3119460396338775,0.2645412502461511,0.2677321566174893,0.0,0.0,0.0,0.0,0.1485655068290992
0.0,0.3785529054257308,0.1826200543082081,0.4121068874239196,0.4421415694756907,0.4202199602359657,0.5408223422913329,0.07312222276573,0.1976343253030342,0.2950978724240031,0.3402504209457376,0.2673926042693448,0.0,0.3391645035199178,0.272219788069833,0.2711963750993867,0.2633755442798322,0.0995832928445172,0.254736993617553,0.5092698137485903,0.0334469570308986,0.4256949361903684,0.2866587157567687,0.1634768367085279,0.0398136454831881,0.1763301598490301,0.3623873539627176,0.4505482984398971,0.3141400738813687,0.1961951929547546,0.128259759381203,0.2753184365197735,0.1180776601434494,0.0680710346770863,0.0768763626129225,0.0,0.0090866433065108,0.1697517502132434,0.1762625883136736,0.0,0.0,0.0,0.347193105076766,0.0,0.0,0.0,0.0,0.1072953027858646,0.0,0.0,0.0,0.0,0.10573466546222,0.0,0.0,0.0,0.0,0.0,0.0,0.0,0.0,0.0,0.0,0.0,0.0,0.0,0.0,0.2789361182859705,0.0,0.0,0.0,0.1438469060570435,0.0,0.0219143619721012,0.0,0.0
0.0,0.0,0.1733903907171904,0.3145481599286746,0.4600106932622354,0.4122464067500476,0.4273120546711834,0.0997911529083906,0.3043965066195915,0.0490690696477201,0.3632874791959366,0.0,0.3391645035199178,0.0,0.0,0.0,0.0,0.0,0.244360559839264,0.0,0.0,0.0,0.2286952014254381,0.0,0.0,0.0,0.2772522156463973,0.166605371018488,0.0,0.0,0.0,0.1674866387787879,0.0,0.1119087409869999,0.0,0.0,0.0473885572690982,0.0,0.0,0.0,0.0,0.0,0.1511697669065282,0.0,0.0,0.0,0.0,0.2223781159453734,0.0,0.0,0.0,0.0,0.0,0.1692834348937689,0.0,0.2098855501357336,0.0,0.0,0.0,0.0,0.0,0.0,0.0,0.0,0.0,0.0,0.0,0.292881632329448,0.0,0.0,0.0,0.0,0.0,0.0,0.0,0.0
0.1935402128198661,0.1284511197912617,0.0,0.0,0.0,0.2395978731970454,0.0,0.1483316260973141,0.0,0.0,0.0,0.0,0.272219788069833,0.0,0.0,0.2077383199566243,0.0,0.0,0.0,0.4428895989929973,0.3832558749418525,0.4364149175604622,0.2970691894112236,0.0911554171879655,0.0692628946164822,0.1441640582591699,0.3516781685816146,0.304449756660999,0.517537287932937,0.0,0.2955128662303776,0.3240652680344369,0.2080319841470489,0.117678332661054,0.0510992045781263,0.0,0.0,0.0,0.3113594432713759,0.1828277578944784,0.0829440603628698,0.0424313586426081,0.0,0.0,0.0,0.0,0.1906799923180387,0.0,0.0,0.0,0.1931667117048149,0.0,0.1409232723462373,0.0,0.0,0.0,0.0,0.0,0.0,0.5723700032526507,0.277181688025298,0.0,0.0,0.0,0.4447859747651067,0.5156305766947108,0.4599227483808928,0.2676009431771599,0.0,0.0,0.1837881618146724,0.295830668457426,0.0650325683544609,0.4370608936660379,0.0,0.2258191830880831
0.3432531301500313,0.3917435375683194,0.0,0.0,0.0,0.0467660774700831,0.2160008942083438,0.0,0.131264660172746,0.3094782960635514,0.0,0.0,0.2711963750993867,0.0,0.2077383199566243,0.0,0.3628929180542615,0.4823003506971747,0.0,0.2085878052876251,0.2001208202966606,0.4592239949599296,0.1335614986190742,0.3901115146896828,0.4484977746089224,0.4081432951878089,0.2195702384800051,0.4383019471173004,0.2776336547592558,0.3289377381546098,0.4418993281685199,0.3254939138777554,0.1693905850007425,0.1100584702493775,0.0,0.0,0.0,0.0,0.3260726082796321,0.2171272155740889,0.1401298906009039,0.1040865253081088,0.0,0.0,0.0,0.4488730677663355,0.2672903058969062,0.0,0.0,0.0,0.0,0.0,0.0,0.0,0.0,0.0,0.0,0.0,0.0,0.2226535091953461,0.3723653683223554,0.0,0.3506203687164563,0.0,0.2592923283109355,0.2229448181484093,0.4046893195408996,0.0,0.0,0.3717504064685444,0.3921856018705202,0.0,0.0,0.0,0.0,0.3228461109404824
0.1307277349667563,0.0,0.0,0.0,0.0,0.0,0.3103178335738185,0.0,0.0,0.6254681661291187,0.0,0.5194267790565864,0.2633755442798322,0.0,0.0,0.3628929180542615,0.0,0.4917807137196009,0.0,0.0519476652237074,0.0,0.2971603399029158,0.0,0.4483731628749784,0.4683690954001677,0.4190015858594766,0.0,0.2813352071003264,0.0,0.0,0.0958409139513957,0.2006506908604859,0.0,0.0,0.0,0.0,0.0,0.2909878838353941,0.0,0.0,0.2655510800102923,0.0,0.0,0.0,0.0,0.0,0.0,0.0,0.0,0.0,0.0,0.0,0.0,0.0,0.6178463111168297,0.0,0.533139307887022,0.0,0.0,0.0,0.0,0.5634565087771422,0.2622268819674339,0.0,0.0,0.0,0.0,0.0,0.4207492808517956,0.3820899857072541,0.3635977632055788,0.0,0.0,0.0,0.0,0.0
0.4348333348518974,0.4010329860242216,0.0,0.0,0.0,0.0,0.0408025157650706,0.0292178845638237,0.0,0.3678804820757044,0.0,0.3752861089514152,0.0995832928445172,0.0,0.0,0.4823003506971747,0.4917807137196009,0.0,0.0,0.0,0.1670636132185338,0.2946360909380177,0.05732355202242,0.5115407214922236,0.5904454304713082,0.5242897404797721,-0.0064421422038256,0.2895175211881851,0.0100508616709496,0.0,0.3368415863325577,0.1549486912941688,0.0347239533608951,0.0275611290221475,0.0,0.0,0.0,0.0,0.1503500645473681,0.1502103625789813,0.0059689709745891,0.0409881013961384,0.0,0.0,0.0,0.4756668848505619,0.3697259737149933,0.0,0.0,0.0,0.0,0.0,0.0,0.0,0.4354924803295262,0.0,0.3855192769949345,0.0,0.0,0.0,0.3455732180008318,0.4872485420119528,0.509446618142858,0.0,0.0,0.0,0.2905698517561805,0.0,0.470648986321279,0.5363754535187527,0.5230179053247248,0.0,0.0,0.0,0.0,0.1229464468634809
0.0,0.0,0.4047753757147809,0.0711236052821066,0.2271178444962197,0.3766317713640743,0.2281899664243206,0.2647988229357139,0.3477950733170906,0.0815188313089086,0.4094186439170153,0.0,0.254736993617553,0.244360559839264,0.0,0.0,0.0,0.0,0.0,0.0,0.0,0.0,0.3771637004414718,0.0,0.0,0.0,0.3924170842584082,0.2341431803245589,0.0,0.0,0.1703939930883477,0.1299066191375024,0.0,0.1672923462055655,0.0329771260437059,0.0739860775780378,0.0272397158144566,0.0,0.1428278322150764,0.0,0.0,0.0,0.0462626300848549,0.0,0.0,0.0,0.0,0.335910207097589,0.0,0.0,0.291672875342761,0.0,0.2577163514574473,0.3188396308891728,0.0,0.389664397165561,0.0,0.0,0.2227814401067999,0.0,0.0,0.0,0.0,0.4703862301672133,0.0,0.0,0.0,0.3105192727781025,0.0,0.0,0.0,0.3094876512463678,0.0,0.0,0.0,0.0
0.0,0.2489074145508893,0.0,0.0,0.4612165596871903,0.4182852445907861,0.3988109847799547,0.0577358944961057,0.2367226126300964,0.0,0.0,0.0,0.5092698137485903,0.0,0.4428895989929973,0.2085878052876251,0.0519476652237074,0.0,0.0,0.0,0.1321678665773797,0.4111210739085462,0.3380448395353074,0.0,0.0,0.0784663618294779,0.4969605245267371,0.3792931945370876,0.4608001841546081,0.1863811067240973,0.1506928992088738,0.3200519520050675,0.1408501669199871,0.1101251226858442,0.0783866130588678,0.0,0.0,0.0,0.2156675737940463,0.0789149101369597,0.2772482838457586,0.0746571477767772,0.0,0.0,0.0,0.0,0.0117931097242781,0.0,0.0,0.0,0.0453595853968254,0.0,0.1477536780486816,0.0,0.0,0.0,0.0,0.0,0.0,0.528155050960585,0.0,0.0,0.0,0.0,0.2872587377676159,0.4341403268851975,0.2374370731772205,0.3846674224020839,0.0,0.0,0.0531466238651807,0.2749178192860148,0.3541785472731715,0.1715386158239986,0.0,0.3351919656258005
0.4279944658034336,0.1662089441595643,0.0,0.0,0.0,0.0230138783204253,0.0,0.2122055421712953,0.0,0.0,0.0,0.0,0.0334469570308986,0.0,0.3832558749418525,0.2001208202966606,0.0,0.1670636132185338,0.0,0.1321678665773797,0.0,0.3295215269387399,0.2877649837716804,0.1582149941875664,0.1884678017617164,0.2198582333308975,0.1898116682443037,0.2116230534067857,0.3350189037798828,0.1699387638042739,0.4269735908001554,0.1357021507104253,0.2413144028911719,0.2275458129074413,0.0,0.2809508465235057,0.0,0.0,0.312104147033641,0.3869249785021622,0.0,0.0525358606127976,0.0,0.0,0.0,0.3555264339562398,0.3841813812463949,0.0,0.0,0.0,0.2401049918252397,0.0,0.2280137026040266,0.0,0.0,0.0,0.0,0.0,0.0,0.1806287444937007,0.3589338749692228,0.0,0.0,0.0,0.3865937544159494,0.4495703260679425,0.3843334639119339,0.1959609435183438,0.0,0.3148852861818643,0.3318786258335299,0.2646272487454624,0.0137011801362201,0.4341823248279545,0.0,0.0
0.267866113117834,0.5044120060742275,0.0,0.0,0.1592340916684023,0.1392327605062315,0.263605657263859,0.0486945417854073,0.0528497876623736,0.2714195631047743,0.0,0.0,0.4256949361903684,0.0,0.4364149175604622,0.4592239949599296,0.2971603399029158,0.2946360909380177,0.0,0.4111210739085462,0.3295215269387399,0.0,0.250456393143585,0.0,0.3288978981256193,0.3998478628879026,0.3002094606688599,0.4918189323738675,0.3754585115291552,0.2503608597637876,0.364980829170913,0.3648827011388397,0.1795853105129512,0.1086444676988783,0.0,0.1051562995631415,0.0231207252582154,0.0,0.3129458255984116,0.2150711039528517,0.2208117748206941,0.146086499866499,0.0,0.0,0.0,0.3885077770496364,0.271271485066151,0.0,0.0,0.0,0.0052108730893171,0.0,0.0,0.0,0.0,0.0,0.0,0.0,0.0,0.4368076747722279,0.2481170270350137,0.0,0.2458431705280158,0.0,0.3465657948378574,0.4382695368331055,0.4236033930614173,0.2054035603143457,0.0,0.3179377725912237,0.3956711751889106,0.1483503368189372,0.0,0.2341073947104206,0.0,0.3101571666835556
0.2005723374364673,0.2261887560753786,0.2574904331431029,0.1267941658367783,0.1932492659156088,0.4852278948186007,0.168856858407626,0.4461154155177854,0.3076110824473754,0.0,0.3637607602040507,0.0,0.2866587157567687,0.2286952014254381,0.2970691894112236,0.1335614986190742,0.0,0.05732355202242,0.3771637004414718,0.3380448395353074,0.2877649837716804,0.250456393143585,0.0,0.1984748301942385,0.0909364795809694,0.2333093858370254,0.4206434906536924,0.2012085857721918,0.3311941701789913,0.1821937458368429,0.1648486058925043,0.1883941188732977,0.1322677968239256,0.1667731558338971,0.0075432319874284,0.0989868302181211,0.0,0.0,0.2245859093522986,0.1753002924852107,0.1018118618462713,0.0,0.0332171998591187,0.0,0.0,0.0,0.2478057610633607,0.3335830724790658,0.0,0.2816836308033844,0.3596527790472281,0.2413014516489009,0.4615075481161879,0.3125197902443117,0.0,0.3536721278145492,0.0,0.292259495367114,0.237140501620848,0.3172250447994079,0.0,0.0,0.0,0.3265356755689863,0.3017644239726297,0.3406045725982912,0.2271375971076634,0.5474873941480897,0.0,0.0,0.218489498973314,0.318877614475923,0.1271260567459967,0.19537145192477,0.1651640616580294,0.0920287269103908
0.4626700794572521,0.0,0.0,0.0,0.0,0.0,0.0777831385080205,0.1206621538880159,0.0,0.3506078308323609,0.0,0.3567698558437681,0.1634768367085279,0.0,0.0911554171879655,0.3901115146896828,0.4483731628749784,0.5115407214922236,0.0,0.0,0.1582149941875664,0.0,0.1984748301942385,0.0,0.5578311759018355,0.5978243654728765,0.038988533384327,0.3661351095190159,0.0,0.0,0.2931348470253141,0.2954341527565622,0.0,0.0,0.0,0.346263985603631,0.0,0.3198333959017428,0.2204278777570761,0.1441815604707621,0.1610579198479902,0.0,0.0,0.0,0.2935377022574953,0.5007463072338296,0.0,0.0,0.0,0.0,0.0,0.0,0.0,0.0,0.4169550292978935,0.0,0.3736178698859592,0.0,0.0,0.0,0.3245919764358755,0.4871244870960204,0.4808217653254701,0.0,0.0,0.0,0.0,0.0,0.5755288431507308,0.5218775246009314,0.5848846937919262,0.0,0.0,0.0,0.0,0.2122773485953753
0.5078014213443943,0.4437907638640633,0.0,0.0,0.0,0.0,0.0,0.0255584896043215,0.0,0.3502024678992977,0.0,0.3125153341925351,0.0398136454831881,0.0,0.0692628946164822,0.4484977746089224,0.4683690954001677,0.5904454304713082,0.0,0.0,0.1884678017617164,0.3288978981256193,0.0909364795809694,0.5578311759018355,0.0,0.5991874841788455,0.0,0.2771928861808557,0.0188359179972983,0.0,0.3180882685298357,0.2571174030714214,0.0,0.0,0.0,0.0,0.0,0.2439309321385456,0.2411594776361965,0.1473582626737823,0.0305338337376499,0.0469834104611842,0.0,0.0,0.0,0.5433043349523565,0.4783019100094024,0.0,0.0,0.0,0.0,0.0,0.0,0.0,0.4445874321134677,0.0,0.3459907668941142,0.0,0.0,0.0,0.41143714313932,0.4846864553175566,0.5052581043027325,0.0,0.2400851494863777,0.097813233798607,0.3924157951970262,0.0,0.5043049965703006,0.6262594806494453,0.6118925449088876,0.0,0.0,0.0,0.0,0.1716305436064926
0.4953806114197767,0.554981743959713,0.0,0.0,0.0,0.0224590457698675,0.0487180935993197,0.1073313449009235,0.0,0.3065074951496219,0.0,0.3207000997149784,0.1763301598490301,0.0,0.1441640582591699,0.4081432951878089,0.4190015858594766,0.5242897404797721,0.0,0.0784663618294779,0.2198582333308975,0.3998478628879026,0.2333093858370254,0.5978243654728765,0.5991874841788455,0.0,0.064947804576607,0.3742918387516322,0.0647289737099419,0.0,0.2821186708273084,0.2917321829722536,0.0,-0.0145964221256836,0.0,0.3463710274426242,0.0,0.2704874955508943,0.2549244890696558,0.1613132053941716,0.1000122310230212,0.0511931494104572,0.0,0.0,0.2696220558208653,0.5222820359799544,0.4958517247202224,0.0,0.0,0.0,0.0,0.0,0.0,0.0,0.3879068442955424,0.0,0.3289781772880755,0.0,0.0,0.1529890054498243,0.3796648565998022,0.4868608200439088,0.4961869527865948,0.0,0.3478725210545384,0.1763563608494786,0.4055932802173352,0.0732378321288663,0.5331197156921406,0.5500270510229365,0.6455177993676686,0.1112876610156662,0.0,0.1952735684134362,0.0,0.2029781667846622
0.0733538636384551,0.1512770845450486,0.3069408216731992,0.1826807564075258,0.3846748669286739,0.5114881354007276,0.2987510729522329,0.1423897932362796,0.4484796637492431,0.0,0.447223981908186,0.0,0.3623873539627176,0.2772522156463973,0.3516781685816146,0.2195702384800051,0.0,-0.0064421422038256,0.3924170842584082,0.4969605245267371,0.1898116682443037,0.3002094606688599,0.4206434906536924,0.038988533384327,0.0,0.064947804576607,0.0,0.2649237310782997,0.4886063608432129,0.2258888607902199,0.2318027595925029,0.1744805013488378,0.187309733652091,0.2167180556081246,0.1571118522800224,0.0,0.0,0.0,0.1684355328555756,0.0,0.1146875149014231,0.0,-0.0123749020743754,0.0,0.0,0.0,0.0821009311123874,0.4350044627215921,0.0,0.0,0.2468460949049847,0.4285038084423008,0.2659528687841883,0.4260646384461495,0.0,0.4225302450909369,0.0,0.3473483574330435,0.3350372409443917,0.3840746644621075,0.0,0.0,0.0,0.3443976286387367,0.3049476005935917,0.3323318605371018,0.230431187744249,0.4278642842319983,0.0,0.0,0.0511789543612439,0.4909188107596441,0.2296679888844895,0.2357411184973218,0.2398612122406312,0.1769577533338901
0.2548770539494478,0.4348491785037437,0.2132305170244405,0.320452527476942,0.1538761894387137,0.1870207015357994,0.3065897133420186,0.0,0.1910660954884325,0.203590282440497,0.2146701828267561,0.1053820623647569,0.4505482984398971,0.166605371018488,0.304449756660999,0.4383019471173004,0.2813352071003264,0.2895175211881851,0.2341431803245589,0.3792931945370876,0.2116230534067857,0.4918189323738675,0.2012085857721918,0.3661351095190159,0.2771928861808557,0.3742918387516322,0.2649237310782997,0.0,0.2744826758485285,0.3533570424881766,0.3865490578971169,0.4085075010873988,0.1026911563595355,0.0920683584616288,0.0,0.2199338733839492,0.2662748684500538,0.2710570513187187,0.3626957726669504,0.0,0.2794301289191909,0.1146491019084329,0.4204421048940376,0.0,0.0,0.0,0.0,0.0,0.0,0.0,0.1493684090069512,0.0,0.0516805708406359,0.0,0.0,0.0,0.0,0.0,0.0,0.3486878662594489,0.0,0.0,0.0,0.0,0.3933133942685471,0.3333851489716415,0.0,0.1914673724430216,0.0,0.0,0.0,0.2368897854064156,0.4442132931604713,0.2516118816212086,0.0,0.4032708137657534
0.1722138585933527,0.0835702276973768,0.0,0.0,0.3005166198851507,0.3828553786331801,0.1844586316457453,0.1055904341722775,0.3841593699209835,0.0,0.0,0.0,0.3141400738813687,0.0,0.517537287932937,0.2776336547592558,0.0,0.0100508616709496,0.0,0.4608001841546081,0.3350189037798828,0.3754585115291552,0.3311941701789913,0.0,0.0188359179972983,0.0647289737099419,0.4886063608432129,0.2744826758485285,0.0,0.3176857804325547,0.3291428077861683,0.2730421714813973,0.2408852641736497,0.1968508000747631,0.1526731798842911,0.0,0.0,0.0,0.2702030373663549,0.0,0.0424028866243069,0.001383431659495,0.0,0.0,0.0,0.0,0.0953450314623127,0.0,0.0,0.0,0.2263039420359258,0.0,0.1737357127138428,0.0,0.0,0.0,0.0,0.1772560338567094,0.0,0.4654383716586094,0.0,0.0,0.0,0.0,0.3597822644744733,0.4651270723841308,0.3597134624510931,0.3120521367877421,0.0,0.0,0.1045493385154801,0.4055890570368246,0.0653161722751076,0.409722382104181,0.0,0.2306823716651372
0.0,0.0,0.1578149166259438,0.0,0.0,0.1692122126361387,0.0,0.104382319030535,0.2758176131646963,0.0,0.0,0.0,0.1961951929547546,0.0,0.0,0.3289377381546098,0.0,0.0,0.0,0.1863811067240973,0.1699387638042739,0.2503608597637876,0.1821937458368429,0.0,0.0,0.0,0.2258888607902199,0.3533570424881766,0.3176857804325547,0.0,0.3181994629942488,0.2115411457510039,0.0,0.1328160102055019,0.0,0.0,0.0,0.0,0.2329461612753645,0.0,0.0,0.0,0.0,0.0,0.0,0.0,0.0,0.0,0.0,0.0,0.0,0.0,0.0,0.0,0.0,0.0,0.0,0.0,0.0,0.0,0.0,0.0,0.0,0.0,0.2907404608789324,0.0,0.0,0.0767338242145643,0.0,0.0,0.0,0.1846816920569028,0.0,0.0,0.0,0.0
0.4491889633898719,0.2110843981039466,0.179000165066584,0.0,0.0,0.040020301453519,0.0059004168798532,0.0545138892704768,0.1844414048265887,0.0014980819292728,0.0888856382450122,-0.0078673840347909,0.128259759381203,0.0,0.2955128662303776,0.4418993281685199,0.0958409139513957,0.3368415863325577,0.1703939930883477,0.1506928992088738,0.4269735908001554,0.364980829170913,0.1648486058925043,0.2931348470253141,0.3180882685298357,0.2821186708273084,0.2318027595925029,0.3865490578971169,0.3291428077861683,0.3181994629942488,0.0,0.3107182797287382,0.2638802213956558,0.2748368285225616,0.0,0.2965584701489591,0.1594162807543804,0.1524709039447511,0.4068006283911475,0.3668762498097521,0.0,0.0,0.0,0.0,0.0,0.468691296571958,0.3003357327079708,0.0,0.0,0.0,0.1867933403633929,0.0,0.049354337123332,0.0,0.0800806834749847,0.0,0.0,0.0,0.0,0.1860196737381767,0.4372898559170096,0.0,0.3748913952297082,0.0,0.3675555154445754,0.3498875746348776,0.442300932256465,0.0885366255244217,0.2607874361502752,0.3500217752470527,0.3476923375436858,0.2743414669317104,0.1011845084970462,0.3581469821210022,0.0,0.152821555685119
0.187721206604965,0.2625415748043568,0.0827842924152968,0.226271713839616,0.1435296210112353,0.1533660302949947,0.244736914017367,0.0451696465474296,0.1294588115876367,0.1920414106688152,0.1833445937628923,0.0186231359235473,0.2753184365197735,0.1674866387787879,0.3240652680344369,0.3254939138777554,0.2006506908604859,0.1549486912941688,0.1299066191375024,0.3200519520050675,0.1357021507104253,0.3648827011388397,0.1883941188732977,0.2954341527565622,0.2571174030714214,0.2917321829722536,0.1744805013488378,0.4085075010873988,0.2730421714813973,0.2115411457510039,0.3107182797287382,0.0,0.0673796947239424,0.0,0.0,0.0673045739409854,0.211709322689797,0.275541428858696,0.437048899122228,0.0387008660448086,0.2694218087714638,0.0751204122767942,0.264866519595096,0.2358059172404386,0.0530129478774554,0.2956184856642583,0.2056323644386666,0.0143344094834147,0.0,0.0,0.1513151700228646,0.0,0.0235077531457662,0.1316001138293451,0.1458519118588662,0.0784823151032554,0.0308610108142821,0.2077585505321326,0.0,0.3820554689815447,0.2322863522323241,0.0,0.1211988773469151,0.212870388593446,0.3056963127604811,0.3075262258564747,0.3677792029402155,0.1756952290161388,0.3051291643316776,0.196589040308318,0.2969967490682372,0.1603255007841415,0.2255630439877391,0.2533442751385866,0.0,0.3923469506090121
0.1164600127745522,0.022811208300369,0.0,0.0,0.0957654503545446,0.1068535765624368,0.0265468949745023,0.1089475855081238,0.1150355015395845,0.0,0.1017593795665592,0.0,0.1180776601434494,0.0,0.2080319841470489,0.1693905850007425,0.0,0.0347239533608951,0.0,0.1408501669199871,0.2413144028911719,0.1795853105129512,0.1322677968239256,0.0,0.0,0.0,0.187309733652091,0.1026911563595355,0.2408852641736497,0.0,0.2638802213956558,0.0673796947239424,0.0,0.295450320237023,0.1708659020661018,0.0,0.0,0.0,0.1902301618079206,0.3909726663700548,0.0,0.0416613619837443,0.0,0.0,0.033104585058605,0.123120147664663,0.0498172310765169,0.0,0.0,0.0,0.0,0.0,0.0,0.0,0.0,0.0,0.0,0.0,0.0,0.1182018888641543,0.0762079699446533,0.0,0.0,0.0,0.0765534641837917,0.2202375897118874,0.1036356968539396,0.1337820521668057,0.0,0.011633770965529,0.0067549497351723,0.1473640275855429,0.0,0.1080118515251256,0.0,0.0
0.1203165978467751,-0.0036765820420791,0.1402919415755421,0.025271744448786,0.1090383101254305,0.1503831381745913,0.0379318350994901,0.1558965804290246,0.1898052324840792,0.0,0.1433322430286656,0.0,0.0680710346770863,0.1119087409869999,0.117678332661054,0.1100584702493775,0.0,0.0275611290221475,0.1672923462055655,0.1101251226858442,0.2275458129074413,0.1086444676988783,0.1667731558338971,0.0,0.0,-0.0145964221256836,0.2167180556081246,0.0920683584616288,0.1968508000747631,0.1328160102055019,0.2748368285225616,0.0,0.295450320237023,0.0,0.2159846858102445,0.0708188941056802,0.0183067034129874,0.0,0.115059125833596,0.2645275968851355,0.0163381982089212,0.0226930166618986,0.0,0.0,0.0,0.115031510371258,0.0175015498042935,0.0,0.0,0.0,0.0852918967950464,0.0,0.1930795349073423,0.0,0.0,0.0,0.0,0.0,0.0,0.052902351943758,0.0346036802959451,0.0,0.0023350219194725,0.0,0.0623255904684483,0.1582159334722451,0.0571210431502425,0.1292285048664025,0.0,0.0,0.0023603146908347,0.1376303080824027,0.0174646470363064,0.057407566981401,0.0,0.0
0.0,0.0,0.0,0.1080330095625173,0.205144904970126,0.1944478563937571,0.1394857692971562,0.0126205477393519,0.1264056357315303,0.0,0.0970109521174227,0.0,0.0768763626129225,0.0,0.0510992045781263,0.0,0.0,0.0,0.0329771260437059,0.0783866130588678,0.0,0.0,0.0075432319874284,0.0,0.0,0.0,0.1571118522800224,0.0,0.1526731798842911,0.0,0.0,0.0,0.1708659020661018,0.2159846858102445,0.0,0.0,0.0325994455603776,0.0,0.0,0.0403505188650129,0.0128366934565474,0.0928617753462244,0.0,0.0,0.0,0.0,0.0,0.0,0.0,0.0,0.0,0.0,0.0,0.0,0.0,0.0,0.0,0.0,0.0,0.0691307889822095,0.0,0.0,0.0,0.0,0.0,0.008562009550664,0.0,0.0876570118044588,0.0,0.0,0.0,0.1180398615751876,0.0,0.0,0.0,0.0
0.0,0.0,0.2075242597364028,0.0,0.0,0.0,0.0,0.1309098856056044,0.0,0.0,0.0,0.0191568308739224,0.0,0.0,0.0,0.0,0.0,0.0,0.0739860775780378,0.0,0.2809508465235057,0.1051562995631415,0.0989868302181211,0.346263985603631,0.0,0.3463710274426242,0.0,0.2199338733839492,0.0,0.0,0.2965584701489591,0.0673045739409854,0.0,0.0708188941056802,0.0,0.0,0.2349293733390684,0.1339627862113515,0.2117016824429488,0.2177575326906982,0.0,0.0641033823899613,0.1382500803596121,0.1427669453496811,0.0,0.0,0.0,0.0203380729498737,0.0,0.0,0.2607623176919463,0.0,0.1139639495931069,0.1652395540701736,0.0,0.0965282553740216,0.0582892458292735,0.0166573801576578,0.0,0.0,0.0,0.0,0.0,0.1208975966582309,0.0,0.0,0.0,0.0057593197385343,0.0,0.0,0.0,0.0873177173814267,0.0782905241423495,0.1991352192821634,0.0,0.0
0.0,0.0,0.0413851869495136,0.0613053789425903,0.0,0.0,0.0448978401413263,0.0,0.0697101830520265,0.0,0.0,0.0,0.0090866433065108,0.0473885572690982,0.0,0.0,0.0,0.0,0.0272397158144566,0.0,0.0,0.0231207252582154,0.0,0.0,0.0,0.0,0.0,0.2662748684500538,0.0,0.0,0.1594162807543804,0.211709322689797,0.0,0.0183067034129874,0.0325994455603776,0.2349293733390684,0.0,0.0581734732835038,0.1856441624077746,0.0,0.08079135975238,0.0043598969225265,0.0,0.0,0.0,0.0,0.0,0.0,0.0,0.0,0.0,0.0,0.0,0.0,0.0,0.0,0.0,0.0,0.0,0.0,0.0,0.0,0.0,0.0,0.0,0.0,0.0,0.0,0.0,0.0,0.0,0.0,0.0,0.0,0.0,0.0
0.0,0.0,0.0,0.0,0.032786760875239,0.0,0.1495954093436922,0.0,0.0,0.2668975289537955,0.1044154381491449,0.182001013630815,0.1697517502132434,0.0,0.0,0.0,0.2909878838353941,0.0,0.0,0.0,0.0,0.0,0.0,0.3198333959017428,0.2439309321385456,0.2704874955508943,0.0,0.2710570513187187,0.0,0.0,0.1524709039447511,0.275541428858696,0.0,0.0,0.0,0.1339627862113515,0.0581734732835038,0.0,0.1396743887016908,0.0113676403411047,0.2328608988284983,0.1522294004971736,0.0,0.0,0.1743605019728157,0.0,0.0,0.0,0.0,0.0,0.0,0.0,0.0,0.0,0.3124044135074605,0.0,0.1705225749501723,0.0,0.0,0.0,0.0,0.0,0.0,0.0,0.0,0.0,0.0,0.0,0.3121754160588015,0.0,0.2671033635551542,0.0,0.0,0.0,0.0,0.0
0.3035103025361018,0.1884549231770411,0.1088918387901491,0.0,0.0,0.1202499558967088,0.0,0.103004109331095,0.1523742992314952,0.0044225446195732,0.1086543475180597,0.0,0.1762625883136736,0.0,0.3113594432713759,0.3260726082796321,0.0,0.1503500645473681,0.1428278322150764,0.2156675737940463,0.312104147033641,0.3129458255984116,0.2245859093522986,0.2204278777570761,0.2411594776361965,0.2549244890696558,0.1684355328555756,0.3626957726669504,0.2702030373663549,0.2329461612753645,0.4068006283911475,0.437048899122228,0.1902301618079206,0.115059125833596,0.0,0.2117016824429488,0.1856441624077746,0.1396743887016908,0.0,0.2359786301204012,0.0963617492653902,0.131306080039511,0.1288414124475355,0.1098784088238032,0.0818906409925223,0.3669465154950979,0.3048488285563375,0.0560027931696756,0.0,0.1821276824570979,0.2747788030274407,-0.0041741377635941,0.0958353887505732,0.2130745492657835,0.031647047975049,0.1266464219404939,0.0,0.1170151915700056,0.0725712400108598,0.2676133699547295,0.3347886113203612,0.1214404172965074,0.192411853057526,0.161923569573774,0.3437324524458113,0.3221209494958649,0.4062030960505147,0.2017869165545585,0.2336298239694994,0.2339380843073509,0.3163532815728895,0.2161182460330577,0.1090684629590033,0.3315754393874387,0.2455160935175137,0.2050217717209454
0.3289165779403163,0.1597392467694606,0.0,0.0,0.0,0.0,0.0,0.0,0.0,0.0,0.0,0.0,0.0,0.0,0.1828277578944784,0.2171272155740889,0.0,0.1502103625789813,0.0,0.0789149101369597,0.3869249785021622,0.2150711039528517,0.1753002924852107,0.1441815604707621,0.1473582626737823,0.1613132053941716,0.0,0.0,0.0,0.0,0.3668762498097521,0.0387008660448086,0.3909726663700548,0.2645275968851355,0.0403505188650129,0.2177575326906982,0.0,0.0113676403411047,0.2359786301204012,0.0,0.0,0.0581460653361137,0.0,0.0569778528801522,0.2047025629513537,0.2713503328507688,0.2254317918588785,0.0,0.0,0.1490346741141978,0.1319803552843702,0.0901776686713205,0.1563625878495502,0.2424033129784302,0.0,0.1222030444721636,0.0,0.0173249706652549,0.0,0.0595723074232271,0.2235876603690234,0.0974761968629468,0.232275769801168,0.0,0.1897491842822839,0.2409239309597319,0.1906080514755457,0.1123735869712995,0.1144628222348321,0.2112128586565607,0.2104345052879374,0.1746567473655602,0.023922191342488,0.2187725130473891,0.0,0.0
0.0,0.2022710804481913,0.0,0.0,0.0,0.1753616973689126,0.0,0.0,0.0,0.3265011438419716,0.0,0.2342575140256687,0.0,0.0,0.0829440603628698,0.1401298906009039,0.2655510800102923,0.0059689709745891,0.0,0.2772482838457586,0.0,0.2208117748206941,0.1018118618462713,0.1610579198479902,0.0305338337376499,0.1000122310230212,0.1146875149014231,0.2794301289191909,0.0424028866243069,0.0,0.0,0.2694218087714638,0.0,0.0163381982089212,0.0128366934565474,0.0,0.08079135975238,0.2328608988284983,0.0963617492653902,0.0,0.0,0.1807733947258961,0.3158128326013293,0.2189827848597406,0.0914839174158973,0.0257448871528199,0.0,0.0,0.1862003330519628,0.0867263195481706,0.0,0.2122168371350906,0.0,0.0,0.2310942363669219,0.0,0.2149144398327348,0.2547967709276833,0.2897719449216864,0.2090474582449564,0.0,0.1804922788639599,0.0,0.219983235635387,0.0,0.0624630545373349,0.0027167690349507,0.1489683182897513,0.2025082057490235,0.0,0.0184702329829114,0.0,0.3130490505647414,0.0,0.3544852281754024,0.3990715658776687
0.0,0.1304635901609163,0.0,0.0,0.0,0.0,0.0,0.0,0.0,0.0,0.0,0.0,0.0,0.0,0.0424313586426081,0.1040865253081088,0.0,0.0409881013961384,0.0,0.0746571477767772,0.0525358606127976,0.146086499866499,0.0,0.0,0.0469834104611842,0.0511931494104572,0.0,0.1146491019084329,0.001383431659495,0.0,0.0,0.0751204122767942,0.0416613619837443,0.0226930166618986,0.0928617753462244,0.0641033823899613,0.0043598969225265,0.1522294004971736,0.131306080039511,0.0581460653361137,0.1807733947258961,0.0,0.1789440753805976,0.0918004573300352,0.0603929092198394,0.0539324089969782,0.0,0.0,0.0470520998092098,0.0,0.0,0.0489536208522391,0.0,0.0,0.1724818501325725,0.0,0.1221316200486047,0.0737009801970738,0.0,0.0535803349981906,0.0016381097098144,0.1666517845941048,0.0267195283445536,0.0,0.0,0.1095119858317473,0.0334262588272391,0.0,0.0,0.0664085950727888,0.0717565767280874,0.0,0.1119904235954826,0.0,0.052979654881641,0.0987270362081131
0.0,0.0,0.0581561670847792,0.0,0.1032459935043172,0.0435983533145793,0.0,0.0,0.0,0.0,0.0584982883134328,0.0,0.347193105076766,0.1511697669065282,0.0,0.0,0.0,0.0,0.0462626300848549,0.0,0.0,0.0,0.0332171998591187,0.0,0.0,0.0,-0.0123749020743754,0.4204421048940376,0.0,0.0,0.0,0.264866519595096,0.0,0.0,0.0,0.1382500803596121,0.0,0.0,0.1288414124475355,0.0,0.3158128326013293,0.1789440753805976,0.0,0.4849398105155493,0.1978820094938478,0.0,0.0,0.0,0.2459333375959769,0.1389721930318046,0.0,0.1346469174962949,0.0,0.0,0.3037485991345867,0.0,0.2242156598398701,0.3048597935167409,0.2545200593461844,0.1149664431176507,0.0,0.3599568738628659,0.0,0.1193754295663634,0.0187464742848487,0.1016634275145526,0.0191414875184258,0.0933336923210263,0.2948349052440966,0.148179544833912,0.178568093160929,0.0,0.4533485557828967,0.0,0.0,0.3184921541090842
0.0,0.0,0.0,0.0,0.0,0.0,0.0,0.0,0.0,0.0,0.0,0.0,0.0,0.0,0.0,0.0,0.0,0.0,0.0,0.0,0.0,0.0,0.0,0.0,0.0,0.0,0.0,0.0,0.0,0.0,0.0,0.2358059172404386,0.0,0.0,0.0,0.1427669453496811,0.0,0.0,0.1098784088238032,0.0569778528801522,0.2189827848597406,0.0918004573300352,0.4849398105155493,0.0,0.1648353872266603,0.0,0.0,0.0,0.2468316225173631,0.1015833051670037,0.0,0.0580060193601429,0.0,0.0,0.1854999594805513,0.0,0.0896078209075438,0.1942694097299081,0.1480740567092222,0.0,0.0,0.0,0.0,0.0,0.0,0.0,0.0,0.008820819318256,0.0,0.0,0.0,0.0,0.3543205319147464,0.0,0.0,0.1687495177878782
0.0,0.0,0.0,0.0,0.0,0.0,0.0,0.0,0.0,0.172048834143963,0.0,0.2015935354191979,0.0,0.0,0.0,0.0,0.0,0.0,0.0,0.0,0.0,0.0,0.0,0.2935377022574953,0.0,0.2696220558208653,0.0,0.0,0.0,0.0,0.0,0.0530129478774554,0.033104585058605,0.0,0.0,0.0,0.0,0.1743605019728157,0.0818906409925223,0.2047025629513537,0.0914839174158973,0.0603929092198394,0.1978820094938478,0.1648353872266603,0.0,0.1964673759339201,0.0,0.0,0.0,0.0,0.0,0.1099426682155958,0.0,0.0620187710194214,0.2804117913606397,0.0,0.1708520616819129,0.1961740610822386,0.0,0.0,0.0,0.3432132860587105,0.0,0.0,0.0,0.0,0.0,0.0,0.2215247564931758,0.2889223968466781,0.290701214387765,0.0,0.2315880809882242,0.0,0.0,0.0529004938877128
0.5921694607153164,0.3505165415735076,0.0,0.0,0.0,0.0,0.0,0.0,0.0,0.0,0.0,0.0,0.0,0.0,0.0,0.4488730677663355,0.0,0.4756668848505619,0.0,0.0,0.3555264339562398,0.3885077770496364,0.0,0.5007463072338296,0.5433043349523565,0.5222820359799544,0.0,0.0,0.0,0.0,0.468691296571958,0.2956184856642583,0.123120147664663,0.115031510371258,0.0,0.0,0.0,0.0,0.3669465154950979,0.2713503328507688,0.0257448871528199,0.0539324089969782,0.0,0.0,0.1964673759339201,0.0,0.4625300277323379,0.0,0.0,0.0,0.2142026478438731,0.0,0.0140823853535414,0.0,0.2896999394023394,0.0,0.198365635061776,0.068217257658327,0.0,0.1966653537627597,0.4838330236985759,0.0,0.4739040902404883,0.0,0.3767381156730552,0.2780330570786627,0.4834483205852372,0.083097115322287,0.4436866179585729,0.5346213172314856,0.5640187049831088,0.2077418883513916,0.0862716995991533,0.3431038867784171,0.0,0.1956946775713917
