0.0,0.5509119402101862,0.0,0.0,0.0,0.3248467593330464,0.0,0.3003051564025099,0.0,0.1310598816944871,0.0,0.2633966003890883,0.2959286623944615,0.0,0.5086720505196058,0.383037795893357,0.1656156740707215,0.1879914016622142,0.0,0.6395201588816126,0.6268377420756865,0.6809711246627645,0.2399243883632347,0.6371069238640611,0.4512111346196374,0.6719622777374342,0.3929466050214333,0.3338907759852038,0.6065875338306418,0.0,0.6385044447000937,0.389061018569049,0.2131795638426424,0.0274406098498524,0.0,0.0,0.0,0.0900575892796765,0.3502346721993375,0.3238503111685334,0.0,0.0,0.0,0.0,0.0,0.8711834542225547,0.4974215604428774,0.0,0.0,0.0,0.0,0.0,0.0,0.0,0.0415314869000183,0.0,0.0,0.0,0.0,0.0,0.5342254525082081,0.0,0.4757375184674121,0.0,0.0,0.6517601579226934,0.6236362149513848,0.0,0.5945721943657649,0.662742309458019,0.7450804134425644,0.0,0.0,0.0,0.0,0.5759138400333615
0.5509119402101862,0.0,0.0,0.0,0.4951979908840123,0.4872272636942362,0.7083323583856135,0.2724651837945435,0.1811067994137769,0.0,0.0,0.0,0.7334631344321988,0.0,0.5805060676266622,0.5791543210245174,0.6264393699134587,0.6839825588211217,0.0,0.7189658890882134,0.5988883493270736,0.8011968764311364,0.3063891773399785,0.0,0.8541545397518189,0.9505493517599848,0.4219237754838056,0.6536547559905588,0.574371366705492,0.0,0.529718891579376,0.1996815707071468,0.1062851552613219,0.0,0.0,0.0,0.0,0.0,0.1590864587082246,0.1963685066874168,0.0,0.0,0.0,0.0,0.0,0.5618691287466168,0.8174570647636141,0.0,0.0,0.0,0.6999292104953202,0.0,0.0,0.0,0.0,0.0,0.0,0.0,0.0,0.6066823413556227,0.5971931576180629,0.0,0.6146450786437493,0.0,0.6444309653944699,0.5492192470638773,0.7403966186381293,0.4293503614570932,0.0,0.819726376113457,0.8541570826630491,0.6263283032244935,0.0,0.5258019279751331,0.0,0.416610595562419
0.0,0.0,0.0,0.0,0.5798492585281743,0.7326740863985938,0.3940823894864947,0.8358121162791264,0.6615344536976926,0.1087102462905398,0.9062083656348252,0.3231329686491738,0.4423562285689567,0.231814743671834,0.0,0.0,0.0,0.0,0.9010585563524204,0.0,0.0,0.0,0.8202826283756844,0.0,0.0,0.0,0.8242355607645583,0.2798102537158956,0.0,0.0,0.4303587403104757,0.3962397415565918,0.0,0.0,0.0,0.2962350494304043,0.219868497821834,0.0,0.1048996634980558,0.0,0.0,0.0,0.3379935170167528,0.0,0.0,0.0,0.0,0.9130229989337544,0.0,0.5808976382196301,0.6251695002295795,0.5111502478266379,0.8189770685006815,0.8492453387505156,0.0,0.8442712466361603,0.0,0.6330949210299424,0.3437058526367476,0.0,0.0,0.0,0.0,0.9038780085464996,0.0,0.0,0.0,0.7729304483242448,0.0,0.0,0.0,0.7565077477466547,0.3844770107009433,0.0,0.0,0.0
0.0,0.0,0.0,0.0,0.012252107154414,0.0,0.1832447488091217,0.0,0.0,0.5832434731621438,0.0,0.4451088956453163,0.0022055217694934,0.0969083299010379,0.0,0.0,0.0,0.0,0.0,0.0,0.0,0.0,0.0,0.0,0.0,0.0,0.0,0.3132824953849929,0.0,0.0,0.0366963335364718,0.0,0.0,0.2571070928741429,0.4295771881204356,0.0,0.0,0.1958546862375381,0.0,0.0,0.0,0.0,0.0,0.0,0.0,0.0,0.0,0.0,0.0,0.0,0.0,0.0,0.0,0.0,0.0,0.0,0.0,0.0,0.0,0.0,0.0,0.0,0.0,0.0,0.0,0.0,0.0,0.0,0.0,0.0,0.0,0.0,0.0,0.0,0.0,0.0
0.0,0.4951979908840123,0.5798492585281743,0.012252107154414,0.0,0.502381981330751,0.6261289652850681,0.4761147177449121,0.6627416247972029,0.3632260774955507,0.6880260404168276,0.4503681259909683,0.6152637139010847,0.3637886649935796,0.0,0.3654745881580219,0.0,0.0,0.4653281228590646,0.589531748641604,0.0,0.5809471989196133,0.4220393176503497,0.0,0.3658628445275997,0.5293448927886985,0.5426782548677901,0.3747367513529544,0.5040341110949021,0.0,0.462940861342829,0.3186653044118808,0.0435989812972679,0.0,0.0,0.1606246482483475,0.1941458705870019,0.0,0.0620687348842961,0.0,0.0,0.0,0.0,0.0,0.0,0.0,0.0,0.5192280636569108,0.0,0.5353649817557116,0.4468147663272749,0.0,0.4558625246066308,0.7370018067647085,0.0,0.6589011017453599,0.0,0.0,0.0,0.0,0.0,0.0,0.0,0.5096488667418172,0.0,0.0,0.0,0.3884595010127296,0.0,0.0,0.0,0.5635086010230017,0.0,0.0,0.0,0.0
0.3248467593330464,0.4872272636942362,0.7326740863985938,0.0,0.502381981330751,0.0,0.5101680380119392,0.7753461264651159,0.723344098026786,0.0,0.6541359869828014,0.1189341004142501,0.5989376700865919,0.0,0.4486477191599991,0.226120598890427,0.0,0.1363232651173589,0.659433925094096,0.5977902003996214,0.6563102917382008,0.5630724145246092,0.7855655358587365,0.0,0.2279854588877179,0.368430681348687,0.8187758292157669,0.1684613167703302,0.5664197380126564,0.5384952071154577,0.3606909755216069,0.4900276498798885,0.0,0.0,0.0,0.2572939909248056,0.1502650689469188,0.0,0.2240960599342151,0.0,0.0,0.0,0.2067442905702629,0.0,0.0,0.0,0.542935082558141,0.800837539601111,0.0,0.6123920115749312,0.7787286006899891,0.7009821018238046,0.7890326334077382,0.7705346806966028,0.0,0.7313310252211709,0.0,0.6674756294769956,0.0,0.5621471610950541,0.0,0.0,0.0,0.6677161273984336,0.500163561821465,0.5467925201401621,0.4118534975942208,0.7579931558417791,0.0,0.0,0.5463229053228035,0.7564473491835998,0.2353514242405198,0.3929383493426346,0.4517305481378516,0.1868794594984467
0.0,0.7083323583856135,0.3940823894864947,0.1832447488091217,0.6261289652850681,0.5101680380119392,0.0,0.3684670361044558,0.5817674943313984,0.4992670616807101,0.2865059675934714,0.5143656588484057,0.7159860212759066,0.0,0.0,0.4901226225669788,0.4455691913605739,0.5344778877728285,0.1881602035455893,0.5858838029150385,0.0,0.7135830542416407,0.4542968632311094,0.515479473862702,0.7428695493085408,0.7057587653324675,0.5708308246461504,0.4518845063736286,0.5599515463630466,0.0,0.4286108206320563,0.2606345726468377,0.0,0.0,0.0,0.0291699069198826,0.151782398949672,0.0757811504119665,0.2882467701310121,0.0,0.0,0.0,0.0,0.0,0.0,0.0,0.0,0.4869091779870023,0.0,0.0,0.611224878736955,0.0,0.436272192903202,0.5590507524997906,0.0,0.3958975111761939,0.0,0.0,0.0,0.0,0.0,0.0,0.0,0.2195129134019076,0.0,0.0,0.0,0.5550699326386489,0.0,0.0,0.0,0.6218560693726186,0.0,0.0,0.0,0.0
0.3003051564025099,0.2724651837945435,0.8358121162791264,0.0,0.4761147177449121,0.7753461264651159,0.3684670361044558,0.0,0.728950380776313,0.0,0.8040411197451947,0.0445422644696169,0.3827320276963638,0.101158147269905,0.5063178576062037,0.0030510061923451,0.0,0.0,0.7106587930365144,0.5786352570833734,0.6690601078330296,0.489713472284595,0.9434110496147544,0.3442490341949496,0.0422915564285162,0.2389745639969865,0.790442749085473,0.1337078613283097,0.3430070500202485,0.513549506712699,0.2445702766475013,0.5252122774142131,0.0,0.0,0.0,0.3281133904206325,0.1007332267642849,0.0,0.2145344105917062,0.0,0.0,0.0,0.2129298010032211,0.0,0.0,0.0,0.0,0.8988299921972505,0.0,0.6861843815704924,0.449917800843814,0.6387624473276226,0.9098935599764018,0.7964945992812068,0.0,0.8383663615884664,0.0,0.5345864577639898,0.2550645720716656,0.6570884265919219,0.0,0.0,0.0,0.7722150933399089,0.4304532376952098,0.6030160237463942,0.0,0.8016421059319473,0.0,0.0,0.0,0.6291932959026686,0.2316054671178219,0.099062696208429,0.0,0.1137289048872511
0.0,0.1811067994137769,0.6615344536976926,0.0,0.6627416247972029,0.723344098026786,0.5817674943313984,0.728950380776313,0.0,0.0,0.7591467165926982,0.0390956365524453,0.4661084671720573,0.0,0.0,0.0,0.0,0.0,0.4899860809962008,0.4990069975461232,0.0,0.4503957346582819,0.7476092472679806,0.1437072443228317,0.103067031648125,0.1614185097056494,0.7819560209391084,0.0,0.312595267749731,0.3734027188902817,0.1219686514569675,0.419902910670405,0.0,0.0,0.0,0.1861054269059377,0.0574576631597123,0.0,0.1442113648379638,0.0,0.0,0.0,0.0,0.0,0.0,0.0,0.0,0.8083032049658986,0.0,0.8085805711185335,0.4403966975349571,0.7761052725525232,0.6280968935007283,0.9083267583098932,0.0,0.7803881085263613,0.0,0.469924348093188,0.030106412545502,0.0,0.0,0.0,0.0,0.5249366185447509,0.0,0.0,0.0,0.64938348470927,0.0,0.0,0.0,0.6395073169459146,0.0485543578399663,0.0,0.0,0.0
0.1310598816944871,0.0,0.1087102462905398,0.5832434731621438,0.3632260774955507,0.0,0.4992670616807101,0.0,0.0,0.0,0.0,0.9495330898375944,0.4612318948529393,0.0,0.0,0.4623249772312923,0.9243015899452808,0.7405849053208166,0.0,0.3094082756815567,0.0,0.3806687382805028,0.0,0.5388580792329409,0.7740767288368741,0.6541221242431599,0.0308305725874957,0.647906096210316,0.1956485210654417,0.0,0.2942392411407237,0.0,0.3890599667595121,0.0645499635465203,0.3567601937124972,0.0,0.0644606792766675,0.1404049496846278,0.0,0.0221700997119848,0.1430295702396094,0.2349548871950864,0.0,0.0,0.0,0.3419586473579931,0.0,0.0,0.0,0.0,0.0,0.0,0.0,0.0,0.9375233424398218,0.0,0.8833675571180764,0.2316101669400466,0.0,0.0,0.0,0.8137939932775313,0.5876253432242362,0.0,0.0,0.0,0.0,0.0,0.3530566522263473,0.4618150601178886,0.363841975167009,0.0,0.2324643707362755,0.0,0.0,0.2447815921808974
0.0,0.0,0.9062083656348252,0.0,0.6880260404168276,0.6541359869828014,0.2865059675934714,0.8040411197451947,0.7591467165926982,0.0,0.0,0.1433431515277793,0.3970783558897507,0.3329692191801879,0.0,0.0,0.0,0.0,0.8910518427358662,0.0,0.0,0.0,0.7227261062858797,0.3031500496240717,0.0,0.2456209635534122,0.7406606904306621,0.1294389195100385,0.0,0.0,0.2930855881358723,0.3970856115914191,0.0,0.0,0.0,0.342791740455539,0.1758725139732349,0.0,0.0356841883562782,0.0,0.0,0.0,0.2293952583632876,0.0,0.0,0.0,0.0,0.8640526580786531,0.0,0.7058630200867156,0.4213065043321077,0.5809919487037754,0.7156596969497017,0.8640473793345971,0.0,0.9502215026389657,0.0,0.5470829236089632,0.3654220007423859,0.0,0.0,0.0,0.0,0.8834556116062257,0.0,0.0,0.0,0.6015616190483729,0.0,0.0,0.0,0.626639953044872,0.2343697834099834,0.0,0.0,0.0
0.2633966003890883,0.0,0.3231329686491738,0.4451088956453163,0.4503681259909683,0.1189341004142501,0.5143656588484057,0.0445422644696169,0.0390956365524453,0.9495330898375944,0.1433431515277793,0.0,0.6371186540591771,0.0,0.0,0.0,0.8696190310554853,0.786156994947411,0.1595850577399415,0.0,0.2960436199780961,0.0,0.0583719470257941,0.7011620564877266,0.7268172221904302,0.7922461597662693,0.1604402141853389,0.7312215519841886,0.0,0.0,0.447454200369571,0.0,0.2858665983794686,0.0089739954059769,0.2262796109401908,0.0,0.1629511858512755,0.2440265820572942,0.0,0.0,0.0391749186079715,0.1070064502668892,0.1297286817722636,0.0,0.0059862101037035,0.0,0.0,0.0,0.0,0.0,0.0,0.0,0.0,0.0,0.8783170442209098,0.0,0.960003143927648,0.4049626931721882,0.0,0.0,0.0,0.8537188694324495,0.6537768822214691,0.0,0.0,0.0,0.0,0.0,0.5222300285358231,0.5690871193602225,0.5411163191408187,0.0,0.338248428209118,0.0,0.0,0.3473817994062028
0.2959286623944615,0.7334631344321988,0.4423562285689567,0.0022055217694934,0.6152637139010847,0.5989376700865919,0.7159860212759066,0.3827320276963638,0.4661084671720573,0.4612318948529393,0.3970783558897507,0.6371186540591771,0.0,0.1009778784172671,0.350333216842523,0.6262400775368908,0.4853427652010769,0.6296005829828653,0.3985751206125396,0.5967853319234638,0.4685965195759449,0.6209276761451802,0.3515311348021993,0.5203085326765629,0.5930250524295515,0.6855492554688848,0.4029170031650594,0.7124467128873201,0.4100647138034837,0.4392080325451297,0.4251249429160618,0.1551321244896646,0.0,0.0,0.0,0.1246667559421839,0.3024630680996917,0.0641781174681902,0.0447764923376327,0.0,0.0,0.0,0.1658319203437451,0.0,0.0251840538069459,0.0,0.0,0.4530793978581493,0.0,0.0,0.5988575146845376,0.4557758969786185,0.4644988745271606,0.0,0.0,0.4785763070973057,0.6709026867776373,0.0,0.0,0.4571267857287596,0.0,0.0,0.0,0.0,0.454447069101258,0.0,0.5144530275649807,0.344265904369074,0.0,0.4597709140251246,0.6213527631831214,0.5178421092535483,0.0,0.3265346223950305,0.0,0.0
0.0,0.0,0.231814743671834,0.0969083299010379,0.3637886649935796,0.0,0.0,0.101158147269905,0.0,0.0,0.3329692191801879,0.0,0.1009778784172671,0.0,0.0,0.0,0.0,0.0,0.2725859528556912,0.0,0.0861286463967947,0.0,0.0130204897314612,0.0,0.0,0.0,0.0,0.2437933660686931,0.0,0.0,0.1941667089224022,0.0408726048203786,0.0,0.0,0.0,0.2376674971377497,0.2468209234294319,0.0,0.0,0.0,0.0,0.0,0.2577728740722938,0.0,0.0,0.0,0.0,0.0644301895760119,0.0,0.0,0.0,0.0,0.0,0.141269129388416,0.0,0.2031827220541558,0.0,0.0,0.0,0.0,0.0,0.0,0.0,0.0,0.0,0.0,0.0,0.0,0.0,0.0,0.0,0.1340046903838959,0.0,0.0,0.0,0.0
0.5086720505196058,0.5805060676266622,0.0,0.0,0.0,0.4486477191599991,0.0,0.5063178576062037,0.0,0.0,0.0,0.0,0.350333216842523,0.0,0.0,0.38707011413411,0.0,0.332013232226675,0.0,0.8739307588146314,0.7655349904770861,0.8314851755216038,0.535624258958438,0.5544143764481491,0.3928488695907144,0.5894560345667146,0.6582063297413575,0.3332321027253935,0.6410871442221168,0.0,0.6262423861040086,0.2050312766602279,0.0,0.0,0.0,0.0008416732945666,0.0,0.0,0.1196814442574745,0.0976726310914083,0.0,0.0,0.2149237047626888,0.0,0.0,0.0,0.5304914562684866,0.0,0.0,0.0,0.4762318732006879,0.0,0.5588365588720418,0.0,0.0,0.0,0.0,0.4983776381284273,0.0,0.9482857351087466,0.4100137503267617,0.0,0.0,0.0,0.829255377501801,0.7649156178474859,0.833956996837844,0.6756719085150444,0.0,0.5293004370723463,0.5594790101642831,0.6377219091141615,0.2319067840709335,0.4626509518315293,0.0,0.5228599583187769
0.383037795893357,0.5791543210245174,0.0,0.0,0.3654745881580219,0.226120598890427,0.4901226225669788,0.0030510061923451,0.0,0.4623249772312923,0.0,0.0,0.6262400775368908,0.0,0.38707011413411,0.0,0.5203537848422399,0.8312669550530571,0.0,0.5237640896157498,0.4000246544698824,0.5876588695116015,0.0,0.5525346843297386,0.5663494190505202,0.5795708518428676,0.1149213668019409,0.7123308363171279,0.56385755436181,0.4338020078483522,0.7208453775939412,0.0,0.1020063734310258,0.1282221376449821,0.017327775462743,0.0,0.0,0.0,0.016449930523352,0.1140641320849469,0.0349500808552918,0.0,0.0,0.0,0.0,0.3942518799272118,0.4012180370070528,0.0,0.0,0.0,0.0,0.0,0.0,0.0,0.0,0.0,0.0,0.0,0.0,0.3765098182094437,0.7361365634421005,0.0,0.6704178828683821,0.0,0.4435979670930364,0.3558112581874179,0.6128013010668987,0.1372453876185498,0.0,0.4935192713970803,0.4824192305298892,0.2548813113195842,0.0,0.5046052316495859,0.0,0.5848942596458584
0.1656156740707215,0.6264393699134587,0.0,0.0,0.0,0.0,0.4455691913605739,0.0,0.0,0.9243015899452808,0.0,0.8696190310554853,0.4853427652010769,0.0,0.0,0.5203537848422399,0.0,0.7850966606352091,0.0,0.2671440824294578,0.0,0.3442788830900775,0.0,0.5087154099344322,0.7508269089285704,0.6785012598100195,0.0,0.6691308304422501,0.1914097659420818,0.0,0.2935622443597521,0.0,0.3994538684723187,0.1441047901923842,0.3004229977238637,0.0,0.0,0.1422057333430217,0.0,0.0478474556222999,0.0,0.0,0.0,0.0,0.0,0.0,0.0,0.0,0.0,0.0,0.0,0.0,0.0,0.0,0.7937351306368509,0.0,0.7557736292185537,0.0,0.0,0.0,0.0,0.8063714140956955,0.6939512617889361,0.0,0.0,0.0,0.0,0.0,0.4367520496564946,0.4792779471411269,0.3780903965519634,0.0,0.0,0.0,0.0,0.0
0.1879914016622142,0.6839825588211217,0.0,0.0,0.0,0.1363232651173589,0.5344778877728285,0.0,0.0,0.7405849053208166,0.0,0.786156994947411,0.6296005829828653,0.0,0.332013232226675,0.8312669550530571,0.7850966606352091,0.0,0.0,0.4277856516037717,0.2705777495527848,0.4941329041651472,0.0,0.5537644683675654,0.7442201776258618,0.6498622276898179,0.0353336690321783,0.7354700680776683,0.3936362859079529,0.2411996740345057,0.514412484648173,0.0,0.1315543045925516,0.1348575421267437,0.1925803914691914,0.0,0.0,0.0,0.0,0.053669930336721,0.109955975940161,0.1269221993725345,0.0,0.0,0.0,0.2609215909963853,0.4202922528354066,0.0,0.0,0.0,0.0,0.0,0.0,0.0,0.7541054221304108,0.0,0.7728196255125739,0.0,0.0,0.0,0.6466345008957564,0.8346991943223054,0.680159395099083,0.0,0.0,0.0,0.5402817745066032,0.0,0.3887159698790211,0.4687258733717063,0.4282357986241272,0.0,0.0,0.0,0.0,0.4380003742771458
0.0,0.0,0.9010585563524204,0.0,0.4653281228590646,0.659433925094096,0.1881602035455893,0.7106587930365144,0.4899860809962008,0.0,0.8910518427358662,0.1595850577399415,0.3985751206125396,0.2725859528556912,0.0,0.0,0.0,0.0,0.0,0.0,0.0,0.0,0.6117297353383184,0.0,0.0,0.0,0.6370330831278078,0.2396680420810505,0.0,0.0,0.4228777975024644,0.3746665423292759,0.0,0.0,0.0,0.3644350628610985,0.2688777760899679,0.0,0.0629708861497243,0.0,0.0,0.0,0.4598125450114542,0.0,0.0,0.0,0.0,0.8077782892342737,0.0,0.5634997644959734,0.4349113321977749,0.474355641590255,0.7326162514531105,0.6799677991825768,0.0,0.8543543040852635,0.0,0.5415551240405578,0.4532749733895985,0.0,0.0,0.0,0.0,0.9946104787528228,0.0,0.0,0.0,0.5706238065380221,0.0,0.0,0.0,0.5638078590479244,0.0,0.0,0.0,0.0
0.6395201588816126,0.7189658890882134,0.0,0.0,0.589531748641604,0.5977902003996214,0.5858838029150385,0.5786352570833734,0.4990069975461232,0.3094082756815567,0.0,0.0,0.5967853319234638,0.0,0.8739307588146314,0.5237640896157498,0.2671440824294578,0.4277856516037717,0.0,0.0,0.7848656583756353,1.0,0.6031139251670661,0.0,0.5175616190318425,0.7308349063057502,0.7150899033217694,0.4781270756144178,0.7520028394392548,0.596779685384843,0.6994839939424937,0.3155943339324526,0.0,0.0,0.0,0.1897933230531069,0.2315424678203725,0.0,0.1789460169771143,0.0802787136790079,0.0,0.0,0.2680847456448941,0.0,0.0,0.0,0.5890237592143289,0.0,0.0,0.0,0.6047694963038047,0.0,0.6293087226693185,0.0,0.0,0.0,0.0,0.6367931900809195,0.0,0.8809542660658197,0.4846352759752173,0.0,0.0,0.0,0.816270505545297,0.7207375133320928,0.8232515506839482,0.6942189476474406,0.0,0.648634308139684,0.7250487151424749,0.7260193996130675,0.3817581033892779,0.5125338393969487,0.6075753629344849,0.5138479732131523
0.6268377420756865,0.5988883493270736,0.0,0.0,0.0,0.6563102917382008,0.0,0.6690601078330296,0.0,0.0,0.0,0.2960436199780961,0.4685965195759449,0.0861286463967947,0.7655349904770861,0.4000246544698824,0.0,0.2705777495527848,0.0,0.7848656583756353,0.0,0.7805858131458415,0.6721834860611604,0.5988550696128484,0.4058847522286052,0.6091077649420124,0.7382886932618841,0.4311106492764981,0.7609836879621402,0.0,0.5819646797606995,0.5110625090019307,0.0,0.0,0.0,0.0,0.0,0.0,0.4167958873091462,0.2496722371636144,0.0,0.0,0.0,0.0,0.0,0.5406727583073481,0.6518297720436191,0.0,0.0,0.0,0.615811951777843,0.0,0.7536464067546144,0.0,0.0,0.0,0.0,0.6778309428191122,0.0,0.8473054812666163,0.5219782656517351,0.0,0.0,0.0,0.7215766488076327,0.9364644266731544,0.7226106931843823,0.7288452010327968,0.0,0.6183380653411008,0.7132919019903784,0.6895332674286647,0.5097166451271169,0.6209135089677995,0.0,0.5431198409119092
0.6809711246627645,0.8011968764311364,0.0,0.0,0.5809471989196133,0.5630724145246092,0.7135830542416407,0.489713472284595,0.4503957346582819,0.3806687382805028,0.0,0.0,0.6209276761451802,0.0,0.8314851755216038,0.5876588695116015,0.3442788830900775,0.4941329041651472,0.0,1.0,0.7805858131458415,0.0,0.5268792214515099,0.0,0.6604370993512505,0.7987752301901342,0.7165305362112537,0.5156399650066805,0.749365479792274,0.5954235069513514,0.7044371799607769,0.3267862731330595,0.0,0.0,0.0,0.1509852619429554,0.2440032660100779,0.0,0.2379076101351025,0.1416486928146439,0.0,0.0,0.2246954193906578,0.0,0.0,0.6374472030812549,0.6729818272788527,0.0,0.0,0.0,0.6441651837526815,0.0,0.0,0.0,0.0,0.0,0.0,0.0,0.0,0.8419731186160968,0.5557274037673938,0.0,0.464352574726811,0.0,0.7502828190099954,0.7317874963755013,0.831489335544375,0.6510905362965563,0.0,0.7256267266268681,0.7990265503289944,0.7710636061927066,0.3893829459329488,0.5658644533726112,0.0,0.552209298779256
0.2399243883632347,0.3063891773399785,0.8202826283756844,0.0,0.4220393176503497,0.7855655358587365,0.4542968632311094,0.9434110496147544,0.7476092472679806,0.0,0.7227261062858797,0.0583719470257941,0.3515311348021993,0.0130204897314612,0.535624258958438,0.0,0.0,0.0,0.6117297353383184,0.6031139251670661,0.6721834860611604,0.5268792214515099,0.0,0.3270801934369779,0.1121295751087886,0.2432314681878406,0.8625621481202147,0.0614966751428143,0.4065989824596068,0.492028963007507,0.2210026392792587,0.4470600116738316,0.0,0.0,0.0,0.2034860099602514,0.0372247604424375,0.0,0.2033874633862126,0.0157565528526525,0.0,0.0,0.1233585096965628,0.0,0.0,0.0,0.4688467332445057,0.8663870973343039,0.0,0.6038539564232993,0.5419685250396381,0.6284503620680966,0.8709756870877391,0.8085054649332448,0.0,0.7460785948595711,0.0,0.55166502295246,0.1470415117843132,0.6721756011143516,0.0,0.0,0.0,0.6701025584696856,0.4306828995378461,0.6204061048293216,0.3505906465064531,0.9459401117102476,0.0,0.2693449761277007,0.4281368808048702,0.6703404418899858,0.1781526939290592,0.1525847886987223,0.4087957437246102,0.1253580633256911
0.6371069238640611,0.0,0.0,0.0,0.0,0.0,0.515479473862702,0.3442490341949496,0.1437072443228317,0.5388580792329409,0.3031500496240717,0.7011620564877266,0.5203085326765629,0.0,0.5544143764481491,0.5525346843297386,0.5087154099344322,0.5537644683675654,0.0,0.0,0.5988550696128484,0.0,0.3270801934369779,0.0,0.5984485108702947,0.7973554796222991,0.3562866487218492,0.5954080028811458,0.0,0.0,0.588032404022291,0.1423038507353597,0.2813915822895695,0.0266275922429419,0.0364858868265344,0.2110853377143949,0.3187492874650845,0.2809800994065592,0.1020834628317593,0.2896516761840359,0.0163412698988441,0.0,0.0,0.0,0.4219743776697601,0.6141837105423733,0.0,0.0,0.0,0.0,0.0,0.0,0.0,0.0,0.4911547222634017,0.0,0.6841972146210814,0.0,0.0,0.0,0.648235396097697,0.6021951935839326,0.6072596276103487,0.0,0.0,0.0,0.0,0.0,0.8339395871031186,0.6409752635340616,0.7171346466215166,0.0,0.479418951113651,0.0,0.0,0.6520729513435728
0.4512111346196374,0.8541545397518189,0.0,0.0,0.3658628445275997,0.2279854588877179,0.7428695493085408,0.0422915564285162,0.103067031648125,0.7740767288368741,0.0,0.7268172221904302,0.5930250524295515,0.0,0.3928488695907144,0.5663494190505202,0.7508269089285704,0.7442201776258618,0.0,0.5175616190318425,0.4058847522286052,0.6604370993512505,0.1121295751087886,0.5984485108702947,0.0,0.8368831222724825,0.2910435069953607,0.6179650739162238,0.4415785119260851,0.0,0.4439810618067802,0.1115129217495681,0.2124411459317684,0.1546691414604401,0.0954445963910044,0.0,0.0,0.1668517345041579,0.1811251295927096,0.2645953584267949,0.0424175206142344,0.1325313363601157,0.0,0.0,0.0,0.5142049986607075,0.6056415227936061,0.0,0.0,0.0,0.0,0.0,0.0,0.0,0.7445833854833501,0.0,0.6989891368752174,0.4230708283486243,0.0,0.4577767176380328,0.5941335303136647,0.715508218357812,0.6063579752965154,0.0,0.3908301580439827,0.4050220893626641,0.5609162263277262,0.3327112701079001,0.4610309251982157,0.6815217569403824,0.7064809486096011,0.0,0.0,0.4720475607153541,0.0,0.3405188450277806
0.6719622777374342,0.9505493517599848,0.0,0.0,0.5293448927886985,0.368430681348687,0.7057587653324675,0.2389745639969865,0.1614185097056494,0.6541221242431599,0.2456209635534122,0.7922461597662693,0.6855492554688848,0.0,0.5894560345667146,0.5795708518428676,0.6785012598100195,0.6498622276898179,0.0,0.7308349063057502,0.6091077649420124,0.7987752301901342,0.2432314681878406,0.7973554796222991,0.8368831222724825,0.0,0.3964367598781583,0.6313599834764541,0.522318472892096,0.0,0.5510935854976778,0.201628692521456,0.19578002299427,0.003331329026886,0.0,0.1251224889865284,0.0,0.2575249241367057,0.1460436016555023,0.1938820888858615,0.0,0.0,0.0,0.0,0.2589238148904014,0.6561818009581443,0.7417168683223125,0.0,0.0,0.0,0.6254575285919365,0.0,0.0,0.0,0.5729650954295437,0.0,0.7423964067091536,0.582919371415973,0.0,0.6298502572746284,0.6492604219684958,0.6862922536443841,0.6478179274423393,0.0,0.679298308194063,0.5590163497586368,0.7890525918323579,0.4060771038416936,0.6404320916167187,0.8085300391306612,0.9145332531796636,0.6170493145313649,0.3839422082290433,0.5306563187220238,0.0,0.4949384056697405
0.3929466050214333,0.4219237754838056,0.8242355607645583,0.0,0.5426782548677901,0.8187758292157669,0.5708308246461504,0.790442749085473,0.7819560209391084,0.0308305725874957,0.7406606904306621,0.1604402141853389,0.4029170031650594,0.0,0.6582063297413575,0.1149213668019409,0.0,0.0353336690321783,0.6370330831278078,0.7150899033217694,0.7382886932618841,0.7165305362112537,0.8625621481202147,0.3562866487218492,0.2910435069953607,0.3964367598781583,0.0,0.101258193312739,0.563202365368585,0.5318476456127418,0.3245844871756516,0.5132726279233623,0.0,0.0,0.0,0.211659692690899,0.0684498238628154,0.0,0.2144197672057258,0.0284490668135091,0.0,0.0,0.122336458327718,0.0,0.0,0.0,0.5641072924721319,0.880446898681034,0.0,0.645388267468905,0.6628044637362395,0.6857814363467993,0.8103854238208319,0.8815009996281215,0.0,0.8127545154916553,0.0,0.59745109531203,0.1326144548848373,0.749967026099264,0.0,0.0,0.0,0.6716006494589675,0.5512645999167224,0.6794410959458347,0.5054880096940196,0.8813740992402713,0.0,0.0,0.5702333892335453,0.8893982335500618,0.2218813141857929,0.3735180871680943,0.4651361925121651,0.2020908842341874
0.3338907759852038,0.6536547559905588,0.2798102537158956,0.3132824953849929,0.3747367513529544,0.1684613167703302,0.4518845063736286,0.1337078613283097,0.0,0.647906096210316,0.1294389195100385,0.7312215519841886,0.7124467128873201,0.2437933660686931,0.3332321027253935,0.7123308363171279,0.6691308304422501,0.7354700680776683,0.2396680420810505,0.4781270756144178,0.4311106492764981,0.5156399650066805,0.0614966751428143,0.5954080028811458,0.6179650739162238,0.6313599834764541,0.101258193312739,0.0,0.3763958784737942,0.4551839268312297,0.5495846427991795,0.1049206427629034,0.1705848201022691,0.1402101736121295,0.1217565947895804,0.1383244326309831,0.4045637072868503,0.1843019730606607,0.1238139574200716,0.0966021206825178,0.1024641950321924,0.0,0.2864250239374239,0.0,0.0977085258091642,0.0,0.0,0.1828512534426693,0.0,0.0,0.4341352069050344,0.0,0.3049425056474251,0.1797993396025795,0.664465954316216,0.0,0.721102088030949,0.5731683343532769,0.0,0.4078647168432227,0.0,0.0,0.0,0.0,0.4568916795757644,0.417494675457071,0.5944588249832321,0.1378090352955846,0.0,0.513763567345124,0.5384471337828598,0.2694183346560918,0.7005070618767146,0.4242153842067266,0.0,0.5288037970963447
0.6065875338306418,0.574371366705492,0.0,0.0,0.5040341110949021,0.5664197380126564,0.5599515463630466,0.3430070500202485,0.312595267749731,0.1956485210654417,0.0,0.0,0.4100647138034837,0.0,0.6410871442221168,0.56385755436181,0.1914097659420818,0.3936362859079529,0.0,0.7520028394392548,0.7609836879621402,0.749365479792274,0.4065989824596068,0.0,0.4415785119260851,0.522318472892096,0.563202365368585,0.3763958784737942,0.0,0.5547064844278283,0.6815941931479178,0.388269252346567,0.0857075827175234,0.0311168231709656,0.0,0.1930195440730519,0.1698832168289754,0.0,0.3432240410166356,0.2671856353868567,0.0,0.0,0.0305531748526686,0.0,0.0,0.0,0.5456987276562453,0.3751296856500756,0.0,0.0,0.5705611727416113,0.3235883091498272,0.448628292818035,0.4309853955698475,0.0,0.0,0.0,0.5096802258289926,0.0,0.6524687596181006,0.0,0.0,0.0,0.0,0.5692890924283628,0.7308688525800349,0.6353400042882412,0.5460591681833629,0.0,0.0,0.6547754139377279,0.5404546801793042,0.4004623807284045,0.7290426843319125,0.5849707927925245,0.5426494301989383
0.0,0.0,0.0,0.0,0.0,0.5384952071154577,0.0,0.513549506712699,0.3734027188902817,0.0,0.0,0.0,0.4392080325451297,0.0,0.0,0.4338020078483522,0.0,0.2411996740345057,0.0,0.596779685384843,0.0,0.5954235069513514,0.492028963007507,0.0,0.0,0.0,0.5318476456127418,0.4551839268312297,0.5547064844278283,0.0,0.6338931692796618,0.4448421316166194,0.0,0.0,0.0,0.0,0.0,0.0,0.0,0.0,0.0,0.0,0.0,0.0,0.0,0.0,0.0,0.0,0.0,0.0,0.0,0.0,0.0,0.0,0.0,0.0,0.0,0.0,0.0,0.0,0.0,0.0,0.0,0.0,0.48671910358233,0.0,0.0,0.5246364756033773,0.0,0.0,0.0,0.4719244469163098,0.0,0.4247660434886035,0.0,0.0
0.6385044447000937,0.529718891579376,0.4303587403104757,0.0366963335364718,0.462940861342829,0.3606909755216069,0.4286108206320563,0.2445702766475013,0.1219686514569675,0.2942392411407237,0.2930855881358723,0.447454200369571,0.4251249429160618,0.1941667089224022,0.6262423861040086,0.7208453775939412,0.2935622443597521,0.514412484648173,0.4228777975024644,0.6994839939424937,0.5819646797606995,0.7044371799607769,0.2210026392792587,0.588032404022291,0.4439810618067802,0.5510935854976778,0.3245844871756516,0.5495846427991795,0.6815941931479178,0.6338931692796618,0.0,0.1969597272110297,0.0418213077374145,0.0402607809006447,0.0,0.1366843744530083,0.3262741881602494,0.179698568817286,0.1207962677056075,0.1778796499813642,0.0,0.0,0.2466720662644832,0.0,0.0,0.0,0.4091197854983344,0.0,0.0,0.0,0.4060760881872997,0.0,0.3220214910256165,0.0,0.2559364747989923,0.0,0.3698328731449272,0.0,0.0,0.6278037649379936,0.6662350136709166,0.3400433921898164,0.5244860771776445,0.0,0.5868583343063692,0.5980231117789421,0.6882117566113409,0.3759662917692363,0.4685749597676981,0.5537579908625764,0.570104786874322,0.3857769882959111,0.2896087939656645,0.4800578802703359,0.0,0.7658706087261876
0.389061018569049,0.1996815707071468,0.3962397415565918,0.0,0.3186653044118808,0.4900276498798885,0.2606345726468377,0.5252122774142131,0.419902910670405,0.0,0.3970856115914191,0.0,0.1551321244896646,0.0408726048203786,0.2050312766602279,0.0,0.0,0.0,0.3746665423292759,0.3155943339324526,0.5110625090019307,0.3267862731330595,0.4470600116738316,0.1423038507353597,0.1115129217495681,0.201628692521456,0.5132726279233623,0.1049206427629034,0.388269252346567,0.4448421316166194,0.1969597272110297,0.0,0.0200366034393571,0.0943854448480715,0.0,0.4538987755550626,0.1365073242365792,0.0,0.7314952015378374,0.1830198328616403,0.0,0.0,0.1756808626529122,0.0,0.2100816976559817,0.3068150886242181,0.2941659411606203,0.4755897903634903,0.0,0.4179144673274851,0.2984241275972608,0.4169274535901565,0.5464900758807648,0.4640809966146023,0.0,0.4354448870098976,0.0,0.3393535822690088,0.0,0.3846059124273882,0.0867212101495846,0.0,0.0282558524392931,0.3341216552204242,0.2171543584917127,0.4792915661829662,0.1542766606942778,0.417633211771051,0.122213635100479,0.3590139279010163,0.3755930203144788,0.3508944532457538,0.3789346853185231,0.2588217619463637,0.0,0.1235459685659049
0.2131795638426424,0.1062851552613219,0.0,0.0,0.0435989812972679,0.0,0.0,0.0,0.0,0.3890599667595121,0.0,0.2858665983794686,0.0,0.0,0.0,0.1020063734310258,0.3994538684723187,0.1315543045925516,0.0,0.0,0.0,0.0,0.0,0.2813915822895695,0.2124411459317684,0.19578002299427,0.0,0.1705848201022691,0.0857075827175234,0.0,0.0418213077374145,0.0200366034393571,0.0,0.3994252449602862,0.2868580681529342,0.0285071205352864,0.0893058172671201,0.1879887137384661,0.1716671000549102,0.4550164453541877,0.5412443878045768,0.3520421709009975,0.0,0.0,0.1118201191665976,0.3287024316406509,0.0975638328435726,0.0,0.0,0.0,0.0,0.0,0.0,0.0,0.1517505286510632,0.0,0.1722743866004308,0.0,0.0,0.0,0.2102443844421904,0.0815693658080169,0.3542008567495444,0.0,0.0,0.0683955215552039,0.0914967634376475,0.0,0.2732819314632714,0.2597299741953274,0.0850107196161674,0.0,0.1123038178533069,0.0,0.0,0.0892401731643261
0.0274406098498524,0.0,0.0,0.2571070928741429,0.0,0.0,0.0,0.0,0.0,0.0645499635465203,0.0,0.0089739954059769,0.0,0.0,0.0,0.1282221376449821,0.1441047901923842,0.1348575421267437,0.0,0.0,0.0,0.0,0.0,0.0266275922429419,0.1546691414604401,0.003331329026886,0.0,0.1402101736121295,0.0311168231709656,0.0,0.0402607809006447,0.0943854448480715,0.3994252449602862,0.0,0.2843295093712623,0.0299645801505268,0.1759865591642877,0.2111042863341417,0.3381664505470014,0.4122918930388496,0.6866744371581307,0.3348012217904715,0.0,0.1499595629279637,0.1895796909937928,0.0936859717997049,0.014934517895478,0.0,0.0,0.0,0.0,0.0,0.0,0.0,0.00915054083983,0.0,0.0,0.0,0.0,0.0,0.2519715820677718,0.0257046582835098,0.2542312524997495,0.0,0.0,0.0,0.0,0.0,0.0989450610801167,0.138584785907399,0.0285502204104189,0.0,0.1799628439223678,0.166611224023448,0.0,0.171651576034168
0.0,0.0,0.0,0.4295771881204356,0.0,0.0,0.0,0.0,0.0,0.3567601937124972,0.0,0.2262796109401908,0.0,0.0,0.0,0.017327775462743,0.3004229977238637,0.1925803914691914,0.0,0.0,0.0,0.0,0.0,0.0364858868265344,0.0954445963910044,0.0,0.0,0.1217565947895804,0.0,0.0,0.0,0.0,0.2868580681529342,0.2843295093712623,0.0,0.0,0.0,0.0539317285272015,0.0495448759989163,0.0,0.311098764439214,0.481110388168591,0.0,0.0916080002688088,0.0,0.0,0.0,0.0,0.0,0.0,0.0,0.0,0.0,0.0,0.0,0.0,0.2480946216900167,0.0,0.0,0.0,0.1057727686149238,0.0,0.0,0.0,0.0,0.0,0.0,0.0,0.0,0.0478801348949208,0.0,0.0,0.1019719831015059,0.0127037597625894,0.0,0.0
0.0,0.0,0.2962350494304043,0.0,0.1606246482483475,0.2572939909248056,0.0291699069198826,0.3281133904206325,0.1861054269059377,0.0,0.342791740455539,0.0,0.1246667559421839,0.2376674971377497,0.0008416732945666,0.0,0.0,0.0,0.3644350628610985,0.1897933230531069,0.0,0.1509852619429554,0.2034860099602514,0.2110853377143949,0.0,0.1251224889865284,0.211659692690899,0.1383244326309831,0.1930195440730519,0.0,0.1366843744530083,0.4538987755550626,0.0285071205352864,0.0299645801505268,0.0,0.0,0.5798383649075669,0.0,0.264853283304624,0.1509852970220261,0.0,0.0,0.453386403398912,0.2248505809999168,0.3824569695942642,0.0,0.0,0.2884165764211008,0.0,0.1472027860194088,0.1767880397619721,0.2492658853800321,0.345758598508621,0.2343573533384507,0.0,0.2746938275099899,0.0,0.2772713269138027,0.0,0.0,0.0,0.0,0.0,0.2461550343283753,0.1954563220356141,0.0,0.1031258399385384,0.1038811905424515,0.0,0.0,0.0,0.1999400192544916,0.4934709564349163,0.1992135524993054,0.0,0.0
0.0,0.0,0.219868497821834,0.0,0.1941458705870019,0.1502650689469188,0.151782398949672,0.1007332267642849,0.0574576631597123,0.0644606792766675,0.1758725139732349,0.1629511858512755,0.3024630680996917,0.2468209234294319,0.0,0.0,0.0,0.0,0.2688777760899679,0.2315424678203725,0.0,0.2440032660100779,0.0372247604424375,0.3187492874650845,0.0,0.0,0.0684498238628154,0.4045637072868503,0.1698832168289754,0.0,0.3262741881602494,0.1365073242365792,0.0893058172671201,0.1759865591642877,0.0,0.5798383649075669,0.0,0.0015894334396084,0.1500544306280223,0.0,0.0319581240646481,0.0,0.4513389522201835,0.0,0.0,0.0,0.0,0.0,0.0,0.0,0.0,0.0,0.0,0.0,0.0,0.0,0.0,0.0,0.0,0.0,0.0,0.0,0.0,0.0,0.0,0.0,0.0,0.0537716255584978,0.0,0.0,0.0,0.0,0.0,0.0,0.0,0.0
0.0900575892796765,0.0,0.0,0.1958546862375381,0.0,0.0,0.0757811504119665,0.0,0.0,0.1404049496846278,0.0,0.2440265820572942,0.0641781174681902,0.0,0.0,0.0,0.1422057333430217,0.0,0.0,0.0,0.0,0.0,0.0,0.2809800994065592,0.1668517345041579,0.2575249241367057,0.0,0.1843019730606607,0.0,0.0,0.179698568817286,0.0,0.1879887137384661,0.2111042863341417,0.0539317285272015,0.0,0.0015894334396084,0.0,0.0,0.1996659684070899,0.1432152250643188,0.0858638936607371,0.0,0.0,0.1980169668534112,0.0,0.0,0.0,0.0,0.0,0.0,0.0,0.0,0.0,0.0929372746879205,0.0,0.2432613602294222,0.0,0.0,0.0,0.0,0.0,0.0,0.0,0.0,0.0,0.0,0.0,0.2144019048779882,0.1620804666510763,0.1552230917286785,0.0,0.1054665523094914,0.0,0.0,0.0
0.3502346721993375,0.1590864587082246,0.1048996634980558,0.0,0.0620687348842961,0.2240960599342151,0.2882467701310121,0.2145344105917062,0.1442113648379638,0.0,0.0356841883562782,0.0,0.0447764923376327,0.0,0.1196814442574745,0.016449930523352,0.0,0.0,0.0629708861497243,0.1789460169771143,0.4167958873091462,0.2379076101351025,0.2033874633862126,0.1020834628317593,0.1811251295927096,0.1460436016555023,0.2144197672057258,0.1238139574200716,0.3432240410166356,0.0,0.1207962677056075,0.7314952015378374,0.1716671000549102,0.3381664505470014,0.0495448759989163,0.264853283304624,0.1500544306280223,0.0,0.0,0.420822584896417,0.1764804869253709,0.0,0.1163758323738063,0.064349946951509,0.2584973440783472,0.4251434079537528,0.2958186686806273,0.2179616239435568,0.0,0.154172714853922,0.2265699394799568,0.302365360017022,0.285738365455475,0.1165007321665156,0.0,0.0957098746672555,0.0,0.2707492328819281,0.0,0.2471247924985058,0.1878640230094018,0.0,0.1168447065048395,0.0012745821614733,0.1151408048692755,0.4191802715286463,0.1018570397550119,0.2502299514592542,0.1324885377266952,0.3201471177846157,0.3293827992078964,0.169446468872681,0.4254328118202203,0.3472922249097285,0.4048000893786208,0.2222233720758132
0.3238503111685334,0.1963685066874168,0.0,0.0,0.0,0.0,0.0,0.0,0.0,0.0221700997119848,0.0,0.0,0.0,0.0,0.0976726310914083,0.1140641320849469,0.0478474556222999,0.053669930336721,0.0,0.0802787136790079,0.2496722371636144,0.1416486928146439,0.0157565528526525,0.2896516761840359,0.2645953584267949,0.1938820888858615,0.0284490668135091,0.0966021206825178,0.2671856353868567,0.0,0.1778796499813642,0.1830198328616403,0.4550164453541877,0.4122918930388496,0.0,0.1509852970220261,0.0,0.1996659684070899,0.420822584896417,0.0,0.4147999257488955,0.1858884017079024,0.0,0.0,0.4210679582004753,0.3423262857090228,0.227594926969391,0.0,0.0,0.0,0.1650633430745372,0.0679292948602796,0.0032214532065055,0.0,0.0,0.0,0.0,0.1681257189135382,0.0,0.083908237649576,0.2986757192943368,0.0,0.295260343567177,0.0,0.0492797325533703,0.2312019585488672,0.0911175015910157,0.1117136796815547,0.3453248228431899,0.3204574060644685,0.2906965721885673,0.0399279075995912,0.1716549838212037,0.3079317628485472,0.2423726876941875,0.3057104686275551
0.0,0.0,0.0,0.0,0.0,0.0,0.0,0.0,0.0,0.1430295702396094,0.0,0.0391749186079715,0.0,0.0,0.0,0.0349500808552918,0.0,0.109955975940161,0.0,0.0,0.0,0.0,0.0,0.0163412698988441,0.0424175206142344,0.0,0.0,0.1024641950321924,0.0,0.0,0.0,0.0,0.5412443878045768,0.6866744371581307,0.311098764439214,0.0,0.0319581240646481,0.1432152250643188,0.1764804869253709,0.4147999257488955,0.0,0.4707940910244859,0.0,0.1355251840570885,0.1917441283598184,0.0938094199850081,0.0,0.0,0.0663868324797457,0.0,0.0,0.0,0.0,0.0,0.0408551669644699,0.0,0.0,0.0,0.0,0.0,0.2109906294946071,0.013547838514456,0.2174393810900368,0.0,0.0,0.0,0.0,0.0,0.0680366469491851,0.06003583766209,0.0,0.0,0.075539542064296,0.1042759877918281,0.0,0.0914750728335896
0.0,0.0,0.0,0.0,0.0,0.0,0.0,0.0,0.0,0.2349548871950864,0.0,0.1070064502668892,0.0,0.0,0.0,0.0,0.0,0.1269221993725345,0.0,0.0,0.0,0.0,0.0,0.0,0.1325313363601157,0.0,0.0,0.0,0.0,0.0,0.0,0.0,0.3520421709009975,0.3348012217904715,0.481110388168591,0.0,0.0,0.0858638936607371,0.0,0.1858884017079024,0.4707940910244859,0.0,0.0,0.1231987232838385,0.0,0.0,0.0,0.0,0.2214629561908027,0.0,0.0,0.0,0.0,0.0,0.1766572235310317,0.0,0.060168031431438,0.0,0.0,0.0,0.0122217335188411,0.0988077612528254,0.0851390236914946,0.0,0.0,0.0,0.0,0.0,0.0,0.0,0.0,0.0,0.0,0.0,0.0,0.0
0.0,0.0,0.3379935170167528,0.0,0.0,0.2067442905702629,0.0,0.2129298010032211,0.0,0.0,0.2293952583632876,0.1297286817722636,0.1658319203437451,0.2577728740722938,0.2149237047626888,0.0,0.0,0.0,0.4598125450114542,0.2680847456448941,0.0,0.2246954193906578,0.1233585096965628,0.0,0.0,0.0,0.122336458327718,0.2864250239374239,0.0305531748526686,0.0,0.2466720662644832,0.1756808626529122,0.0,0.0,0.0,0.453386403398912,0.4513389522201835,0.0,0.1163758323738063,0.0,0.0,0.0,0.0,0.6120985118427426,0.1629147696530847,0.0,0.0,0.3112970859037425,0.0,0.0736023591353935,0.219509666339232,0.0547556223350596,0.395387895482943,0.1180079875817489,0.0381737253652176,0.2339061464895554,0.1543316018790531,0.2406283770808648,0.6212048545361444,0.1979707542496948,0.0,0.1930217523244659,0.0,0.3794707067258291,0.3108115745878322,0.2187215786962066,0.2333095407937216,0.1679091649973117,0.3784469426536176,0.1135620688999582,0.1227788876542499,0.1668132372769501,0.4180615410428748,0.1550388455804563,0.0,0.2742724604737324
0.0,0.0,0.0,0.0,0.0,0.0,0.0,0.0,0.0,0.0,0.0,0.0,0.0,0.0,0.0,0.0,0.0,0.0,0.0,0.0,0.0,0.0,0.0,0.0,0.0,0.0,0.0,0.0,0.0,0.0,0.0,0.0,0.0,0.1499595629279637,0.0916080002688088,0.2248505809999168,0.0,0.0,0.064349946951509,0.0,0.1355251840570885,0.1231987232838385,0.6120985118427426,0.0,0.0015180979782472,0.0,0.0,0.0071199052844857,0.2256301981051087,0.0,0.0,0.0,0.048985639248473,0.0,0.2687010042686541,0.0,0.2291727325078236,0.0324532928482768,0.2811037054626094,0.0,0.0,0.0,0.0,0.0,0.0,0.0,0.0,0.0,0.0,0.0,0.0,0.0,0.3977928087932683,0.0331397353588076,0.0,0.1517987695313868
