0.0,0.4686268786745037,0.0,0.0,0.0,0.1572273868696938,0.0,0.0,0.0,0.4485671679238924,0.0,0.0,0.0,0.0,0.1600231754328346,0.6583646635870744,0.6597969536061213,0.5074368419427778,0.0,0.2105775672664232,0.6541280394127719,0.3458863908363187,0.1641104141244261,0.5497493921828056,0.5705328391901999,0.6133328652770094,0.0647454270035845,0.0652348772204444,0.548832515744089,0.0,0.5678360965543752,0.5923925850724955,0.4255159675630067,0.1994149585810055,0.3716221929367285,0.0,0.0,0.0,0.4839259753343789,0.5010155019916442,0.3804591026574683,0.0,0.0,0.0,0.0,0.9125552245341192,0.2914076930293585,0.0,0.0,0.0,0.0,0.0,0.0,0.0,0.3204517362590338,0.0,0.0,0.0,0.0,0.0,0.4411340806958677,0.0,0.2233417471958248,0.0,0.0,0.5464738487210511,0.183952404767525,0.0,0.4946991149293401,0.5164996987200938,0.6413820400818546,0.0,0.0,0.0,0.0,0.0
0.4686268786745037,0.0,0.0,0.0,0.288798060697949,0.6183792240388583,0.5348999062217787,0.3563017825074213,0.2514374580450602,0.0,0.0,0.0,0.6563730149819347,0.0,0.3928537514804657,0.6760193650566515,0.0,0.827032967631118,0.0,0.4241342152169473,0.5397201235108946,0.5418168237565147,0.4568003455071894,0.0,0.9111067327085368,0.8000241719379447,0.3114018803220214,0.4607153077194897,0.7600654986391806,0.0,0.386398973411904,0.2359543741576804,0.2518426518962687,0.2253670228211762,0.0,0.0,0.0,0.0,0.0654547048961987,0.0510043946659717,0.2796404261260303,0.0,0.0,0.0,0.0,0.3178495996252367,0.7478478174239362,0.0,0.0,0.0,0.0,0.0,0.0,0.0,0.0,0.0,0.0,0.0,0.0,0.4316417594284354,0.2538631414387209,0.0,0.5011622288189147,0.0,0.4502755319387986,0.4778763046192995,0.3765946916379388,0.4102994190329914,0.0,0.4999205761820999,0.5046990277211466,0.3743371372025361,0.0,0.5946127148033331,0.0,0.1808236445108561
0.0,0.0,0.0,0.0,0.7439315356446917,0.7596792230757053,0.3642519155886529,0.5070826496258464,0.9065657158064628,0.2465852417699672,0.9436405605627118,0.0,0.7322366039080391,0.0,0.0,0.0,0.0,0.0,0.9165279483164004,0.0,0.0,0.0,0.7640661595967939,0.0,0.0,0.0,0.8901530539021763,0.7775592344286559,0.0,0.6266346522030714,0.1929235309403567,0.0,0.0,0.0,0.0,0.2708766349022029,0.305161228803201,0.0,0.0,0.0,0.0,0.0,0.2263223711987494,0.0,0.0,0.0,0.0,0.9689402095667304,0.0,0.865195641558562,0.7347379919327309,0.0,0.5803051117584858,0.9110913128808708,0.0,0.9421482047080176,0.0,0.0,0.1733621690668575,0.0,0.0,0.0,0.0,0.8627496720154527,0.0,0.0,0.0,0.7737666009375843,0.0,0.0,0.0,0.8183203267543475,0.0,0.0,0.0,0.0
0.0,0.0,0.0,0.0,0.0578313553425477,0.1966543126871688,0.0456178571934498,0.3322120711495161,0.1372957403793711,0.2186457783792071,0.2128767076234351,0.0,0.3121172163002015,0.0,0.0,0.0,0.0,0.0,0.2319308241994786,0.0,0.0,0.0,0.2460895762744234,0.0,0.0,0.0,0.1840170525359999,0.4534979013445753,0.0,0.0,0.0,0.0,0.0,0.262882637192488,0.0,0.4473950772339988,0.4994666061041244,0.0,0.0,0.0,0.0,0.0,0.0,0.0,0.0,0.0,0.0,0.0,0.0,0.0,0.0,0.0,0.0,0.0,0.0,0.0,0.0,0.0,0.0,0.0,0.0,0.0,0.0,0.0,0.0,0.0,0.0,0.0,0.0,0.0,0.0,0.0,0.0,0.0,0.0,0.0
0.0,0.288798060697949,0.7439315356446917,0.0578313553425477,0.0,0.7014856574815423,0.7456861232542603,0.1452807240530311,0.8079163010724959,0.2483959128738949,0.6338418859141762,0.445598294243129,0.6295029602569104,0.310520284252837,0.0,0.0,0.0,0.0,0.6130486189590851,0.7552675492092533,0.0,0.7137907661709233,0.5295771113729131,0.0,0.1819145125077391,0.0,0.7502215746980849,0.4845466958156313,0.5371200376766685,0.0,0.132123460720493,0.1433546251715111,0.0,0.0,0.2245465814408955,0.1230991937050039,0.0487006872408729,0.4157887468536183,0.0,0.0,0.0,0.0,0.4597880152807054,0.0,0.0,0.0,0.0,0.7878385048349017,0.0,0.0,0.0,0.0,0.2326672359519284,0.7620029451441062,0.0,0.7432812738137908,0.0,0.0,0.0,0.0,0.0,0.0,0.0,0.0,0.0,0.0,0.0,0.50506411907878,0.0,0.0,0.0,0.5786753564419044,0.0,0.0,0.0,0.0
0.1572273868696938,0.6183792240388583,0.7596792230757053,0.1966543126871688,0.7014856574815423,0.0,0.6152531912660426,0.626452862544966,0.7515110233739776,0.5323504144957617,0.7615135272492508,0.0,0.9060590531538236,0.0,0.6214485045635976,0.3361225402602062,0.0,0.5652433216010153,0.7163969816072879,0.737432232892047,0.3330249165028939,0.7016171327709113,0.8391816929640354,0.0,0.4352532862904107,0.6089794633541894,0.7520337242884,0.7156733254312169,0.723744278271152,0.4711109677550047,0.3344863311271557,0.0420304536504487,0.0,0.0003144457070037,0.0,0.1594536930975826,0.1720361480352696,0.0,0.0,0.0,0.0,0.0,0.3299756855578269,0.0,0.0,0.0,0.0,0.7358800058391112,0.0,0.0,0.8193707473854103,0.4395650810379109,0.6637971755789983,0.7255634670309754,0.0,0.7426069638766511,0.0,0.7220615888703122,0.0,0.5533496638598799,0.0,0.0,0.0,0.6793707008044174,0.6686675655793105,0.258344667155998,0.6900586245344539,0.7965683005290922,0.0,0.0,0.0,0.6680405152336529,0.5956424177997293,0.3363646553368973,0.0,0.1764292152685701
0.0,0.5348999062217787,0.3642519155886529,0.0456178571934498,0.7456861232542603,0.6152531912660426,0.0,0.0,0.5301263353333544,0.5375412672364507,0.2663567565651908,0.2788611100323875,0.5381058535747436,0.2307367898903356,0.0,0.4923054676397264,0.6702930821373582,0.6335569772458054,0.3404598066517181,0.5204212148166384,0.0,0.6124297842883337,0.348766748800435,0.6466848326115657,0.5406220526344885,0.6862774918860336,0.5014165168904854,0.2931495485572699,0.6485989118555128,0.0,0.3087414408357265,0.4897612597024889,0.0,0.0,0.3635130486198728,0.0,0.0,0.5117616980300244,0.0,0.0,0.0,0.0,0.0,0.0,0.0,0.0,0.0,0.0,0.0,0.0,0.4142615755634796,0.0,0.0,0.0,0.0,0.0,0.0,0.0,0.0,0.0,0.0,0.0,0.0,0.0,0.0,0.0,0.0,0.326701593729872,0.0,0.0,0.0,0.3743345659685311,0.0,0.0,0.0,0.0
0.0,0.3563017825074213,0.5070826496258464,0.3322120711495161,0.1452807240530311,0.626452862544966,0.0,0.0,0.3839091519396279,0.4620536721523715,0.6244011513962995,0.0,0.6260503933453127,0.0,0.5508989031098843,0.0,0.0,0.1761624431519533,0.5547821041360793,0.3093797980502893,0.4766516125669275,0.2452252713593603,0.8012627774194112,0.0,0.1528612277707035,0.1519350244840299,0.3754490047664083,0.6355546167866954,0.3135835774387001,0.5913851010013442,0.2949846165831521,0.0,0.1111837641851817,0.283986253352838,0.0,0.4210221406074198,0.3340795979466301,0.0,0.0,0.0,0.0298661576735619,0.0,0.0,0.0,0.0,0.0,0.0,0.4313762268041353,0.0,0.4015683346013642,0.4934394183212772,0.5060971752559957,0.9329290970675722,0.4232299029232018,0.0,0.4930624613101235,0.0,0.2261006510429786,0.0,0.4915862902120494,0.0,0.0,0.0,0.4764680450726311,0.3034954146715624,0.5052461365897628,0.0,0.7464661468355585,0.0,0.0,0.0,0.4739857420553844,0.0,0.0,0.0,0.0
0.0,0.2514374580450602,0.9065657158064628,0.1372957403793711,0.8079163010724959,0.7515110233739776,0.5301263353333544,0.3839091519396279,0.0,0.2588721981947163,0.8580905323418774,0.5621128585765656,0.6838350623898694,0.0,0.0,0.1618993389888999,0.0,0.0,0.8295411657786478,0.771437267756985,0.0,0.6892891047192842,0.6882571923160866,0.0,0.0,0.0,0.9088316008194482,0.7012630472386628,0.4964601805835897,0.5389018614089742,0.2274686217352543,0.0,0.0,0.0,0.0,0.1803751507127552,0.1652428956141135,0.2462239079620803,0.0,0.0,0.0,0.0,0.2574535268631221,0.0,0.0,0.0,0.0,0.9631361397664888,0.0,0.0,0.5951299130872312,0.0,0.4691261773446214,0.9730206720822234,0.0,0.9208937352760904,0.0,0.0,0.2293813531193399,0.0,0.0,0.0,0.0,0.8136434804232914,0.0,0.0,0.0,0.7092331612258538,0.0,0.0,0.0,0.7699907634237224,0.0,0.0,0.0,0.0
0.4485671679238924,0.0,0.2465852417699672,0.2186457783792071,0.2483959128738949,0.5323504144957617,0.5375412672364507,0.4620536721523715,0.2588721981947163,0.0,0.2812035313586364,0.5883599905771789,0.5574250279868976,0.0,0.0,0.511391487290642,0.7671815703346669,0.6681056056653366,0.3480004744463801,0.0,0.0,0.4390293821617506,0.4913455840857103,0.2206619577782955,0.7926954283491733,0.6766241230285001,0.2714864370020087,0.4113172661409569,0.0,0.0,0.517292981394209,0.2114223487489384,0.3124478076440358,0.312509457508972,0.0,0.0,0.0289158143175162,0.0267363268305639,0.0,0.0993431976932897,0.3182614140549843,0.0,0.0,0.0,0.0,0.0,0.0,0.0,0.0,0.0,0.0,0.0,0.0,0.0,0.7012598514535835,0.0,0.3324268362537688,0.0,0.0,0.0,0.0,0.4989797538555366,0.3952181273968314,0.0,0.0,0.0,0.0,0.0,0.0772737542113138,0.43132488413302,0.4591789438804937,0.0,0.0933046857147551,0.0,0.0,0.0462133493980001
0.0,0.0,0.9436405605627118,0.2128767076234351,0.6338418859141762,0.7615135272492508,0.2663567565651908,0.6244011513962995,0.8580905323418774,0.2812035313586364,0.0,0.741419815957183,0.7330734742661873,0.0,0.0,0.0,0.0,0.0,0.9026412851445514,0.0,0.0,0.0,0.7863703105237754,0.0,0.0,0.0,0.8479270405948794,0.8092923257570084,0.0,0.0,0.1904283335831544,0.0,0.0,0.0254662629308873,0.0,0.3354509928672692,0.2900061714453326,0.0,0.0,0.0,0.0,0.0,0.1337375349165539,0.0,0.0,0.0,0.0,0.8586821847537909,0.0,0.8150882154720497,0.6715511175177609,0.5014420950661046,0.6677114162017218,0.8489996485810034,0.0,0.9208273069867774,0.0,0.5519581149280441,0.0494983961569286,0.0,0.0,0.0,0.0,0.8152314710630094,0.0,0.0,0.0,0.780864383234386,0.0,0.0,0.0,0.7987841030844909,0.0,0.0,0.0,0.0
0.0,0.0,0.0,0.0,0.445598294243129,0.0,0.2788611100323875,0.0,0.5621128585765656,0.5883599905771789,0.741419815957183,0.0,0.7872072333026602,0.0,0.0,0.0,0.2028721137792361,0.3356697931390335,0.0,0.0,0.0,0.0,0.0,0.0552920127793188,0.2164545809445162,0.3640021748114206,0.0,0.695422724330927,0.0,0.0,0.210164715906825,0.0,0.0,0.1074426434198669,0.0,0.3726013769952149,0.3253990359472749,0.0,0.0,0.0,0.0,0.0,0.0,0.0,0.0,0.0,0.0,0.0,0.0,0.0,0.0,0.0,0.0,0.0,0.3937865437921506,0.0,0.8302834569139066,0.0,0.0,0.0,0.0,0.6286816821103757,0.3697005965244719,0.0,0.0,0.0,0.0,0.0,0.0,0.0,0.2444574909473594,0.0,0.0,0.0,0.0,0.0
0.0,0.6563730149819347,0.7322366039080391,0.3121172163002015,0.6295029602569104,0.9060590531538236,0.5381058535747436,0.6260503933453127,0.6838350623898694,0.5574250279868976,0.7330734742661873,0.7872072333026602,0.0,0.0,0.6612256596781538,0.3817333767647568,0.4554661915976528,0.5953009824236025,0.702330988510225,0.7567874633103284,0.3301923946366095,0.7382536691992546,0.729104416733655,0.205262575224754,0.4531861439314661,0.5735864926227957,0.6916827856472951,0.8435414628891791,0.6847809411789222,0.5520877931732987,0.3215603418640234,0.0,0.0,0.0043918082050525,0.0,0.2310665448030918,0.2213015540992758,0.0396660130187264,0.0,0.0,0.0,0.0,0.2510362452837262,0.0,0.0,0.0,0.0,0.6819050408717635,0.0,0.0,0.7538591389843181,0.0,0.6310804991032716,0.0,0.0,0.0,0.0,0.0,0.0,0.0,0.0,0.0,0.0,0.0,0.0,0.0,0.0,0.6809351856737493,0.0,0.0,0.0,0.6440870298095438,0.0,0.3407706474241301,0.0,0.0
0.0,0.0,0.0,0.0,0.310520284252837,0.0,0.2307367898903356,0.0,0.0,0.0,0.0,0.0,0.0,0.0,0.0,0.0,0.0,0.0,0.0,0.0,0.0,0.0,0.0,0.0,0.0,0.0,0.0,0.0,0.0,0.0,0.0,0.351769477234757,0.0,0.0,0.0,0.1867848409768701,0.0,0.0,0.0,0.0,0.0,0.0,0.4789632676091856,0.0,0.0,0.0,0.0,0.0,0.0,0.0,0.0,0.0,0.0,0.0,0.0,0.0,0.0,0.0,0.0,0.0,0.0,0.0,0.0,0.0,0.0,0.0,0.0,0.0,0.0,0.0,0.0,0.0,0.0,0.0,0.0,0.0
0.1600231754328346,0.3928537514804657,0.0,0.0,0.0,0.6214485045635976,0.0,0.5508989031098843,0.0,0.0,0.0,0.0,0.6612256596781538,0.0,0.0,0.3340722158730558,0.0,0.2808475449610127,0.0,0.7919784419149043,0.5547778278402481,0.7672525405700618,0.7262644839192265,0.0,0.2252183691449369,0.2588801209998128,0.8057770754846569,0.8099603247317659,0.64084391946367,0.0,0.4801608740067479,0.0,0.0,0.1829456289388562,0.0,0.3145253388044369,0.0,0.0,0.0,0.0,0.0612177968132588,0.0,0.0,0.0,0.0,0.0,0.6468303611705989,0.0,0.0,0.0,0.5187511195798503,0.0,0.5981276810000125,0.0,0.0,0.0,0.0,0.0,0.0,0.9573935173370676,0.0,0.0,0.0,0.0,0.8028548687910222,0.5107090922093592,0.7875101874167403,0.7298648498117674,0.0,0.0,0.2991753309129127,0.8274525243858274,0.4766230826414836,0.3379671789502114,0.0,0.0
0.6583646635870744,0.6760193650566515,0.0,0.0,0.0,0.3361225402602062,0.4923054676397264,0.0,0.1618993389888999,0.511391487290642,0.0,0.0,0.3817333767647568,0.0,0.3340722158730558,0.0,0.8013124760742774,0.7825386849695802,0.0,0.4380185113437475,0.4837732687127579,0.5998326439350617,0.2249737967433318,0.2991466703148919,0.7121144758431256,0.6234637425614327,0.2975141676710517,0.3455235059821877,0.7079869760690943,0.1497074920951263,0.5638710116775597,0.4198408754054029,0.3366573702392316,0.1870340503612098,0.257075292078927,0.0,0.0,0.0,0.2637359985435133,0.2580692642647785,0.2891142861561387,0.1657446963202554,0.0,0.0,0.0,0.5680443733301285,0.4727005667275425,0.0,0.0,0.0,0.0,0.0,0.0,0.0,0.0,0.0,0.0,0.0,0.0,0.3704476406152526,0.4892939108736172,0.0,0.4400190574005037,0.0,0.3686159234207523,0.388288693073555,0.3641507158660531,0.0,0.0,0.4895679382805358,0.5259611147997102,0.0,0.0,0.0,0.0,0.438338368017557
0.6597969536061213,0.0,0.0,0.0,0.0,0.0,0.6702930821373582,0.0,0.0,0.7671815703346669,0.0,0.2028721137792361,0.4554661915976528,0.0,0.0,0.8013124760742774,0.0,0.8650890985098564,0.0,0.385021567059908,0.0,0.5432528613072781,0.0,0.4101725320437452,0.8372745382821143,0.7668230492484,0.0,0.2991402106891994,0.0,0.0,0.5331085565096002,0.5364715388786857,0.3380417271882902,0.1967798253150235,0.2313580829723575,0.0,0.0,0.3612929565516496,0.0,0.2866307229387885,0.2660240949561957,0.0,0.0,0.0,0.0,0.0,0.0,0.0,0.0,0.0,0.0,0.0,0.0,0.0,0.4525203991496325,0.0,0.1289359821422553,0.0,0.0,0.0,0.0,0.2677281441512374,0.4448870318776057,0.0,0.0,0.0,0.0,0.0,0.3295809817561029,0.5763169975323841,0.6065423106997443,0.0,0.0,0.0,0.0,0.0
0.5074368419427778,0.827032967631118,0.0,0.0,0.0,0.5652433216010153,0.6335569772458054,0.1761624431519533,0.0,0.6681056056653366,0.0,0.3356697931390335,0.5953009824236025,0.0,0.2808475449610127,0.7825386849695802,0.8650890985098564,0.0,0.0,0.448913769767591,0.4233795937379561,0.5662472399807457,0.3265735320982921,0.4300340637003237,0.8366562373724992,0.8042219661130734,0.3239710341811794,0.3499984621834469,0.6870173799800203,0.0,0.3637913768562179,0.3591618722383205,0.2238033335345865,0.0755202875882418,0.1129810495014103,0.0,0.0,0.0,0.2283879952388028,0.0958913419420091,0.2045399912358327,0.097695946552585,0.0,0.0,0.0,0.3559754256243851,0.5382246219923124,0.0,0.0,0.0,0.0,0.0,0.0,0.0,0.2872594958917285,0.0,0.3141722311733947,0.0,0.0,0.0,0.4133041368413055,0.3293345265741335,0.5739992647678023,0.0,0.0,0.0,0.3931923033580569,0.0,0.3197549940724001,0.4799096908084096,0.5344234785395807,0.0,0.0,0.0,0.0,0.4174512677339274
0.0,0.0,0.9165279483164004,0.2319308241994786,0.6130486189590851,0.7163969816072879,0.3404598066517181,0.5547821041360793,0.8295411657786478,0.3480004744463801,0.9026412851445514,0.0,0.702330988510225,0.0,0.0,0.0,0.0,0.0,0.0,0.0,0.0,0.0,0.7678954396335353,0.0,0.0,0.0,0.8122871505952446,0.7782402865088013,0.0,0.0,0.2794711016327742,0.0,0.0,0.1133287412828535,0.0,0.2420881262608516,0.2392549825206322,0.0,0.0,0.0,0.0,0.0,0.1395815514742275,0.0,0.0,0.0,0.0,0.8501275700909164,0.0,0.0,0.5788270282474173,0.0,0.6250866143253887,0.7824202192417451,0.0,0.8938552008529363,0.0,0.0,0.0769959459329685,0.0,0.0,0.0,0.0,0.9601773827593424,0.0,0.0,0.0,0.7751254534310135,0.0,0.0,0.0,0.7377851643866323,0.0,0.0,0.0,0.0
0.2105775672664232,0.4241342152169473,0.0,0.0,0.7552675492092533,0.737432232892047,0.5204212148166384,0.3093797980502893,0.771437267756985,0.0,0.0,0.0,0.7567874633103284,0.0,0.7919784419149043,0.4380185113437475,0.385021567059908,0.448913769767591,0.0,0.0,0.2111135101703259,1.0,0.6219343399252844,0.0,0.2843013982380897,0.4522928602149669,0.8581483460914424,0.7493040953048478,0.6601313444148743,0.5599373058469291,0.2907486649918797,0.0074696707715407,0.0,0.0,0.0,0.2061054751445324,0.2138759974294911,0.0,0.0,0.0,0.0,0.0,0.0,0.0,0.0,0.0,0.5655560623256808,0.0,0.0,0.0,0.688374433929612,0.0,0.3967155087668813,0.0,0.0,0.0,0.0,0.0,0.0,0.7087969765320324,0.0,0.0,0.0,0.0,0.9529906401396636,0.1273624680640642,0.9602720890391504,0.6350717824295734,0.0,0.0,0.4966395904153477,0.7542108693202878,0.7956111746435812,0.4018140189370083,0.0,0.3383450346671369
0.6541280394127719,0.5397201235108946,0.0,0.0,0.0,0.3330249165028939,0.0,0.4766516125669275,0.0,0.0,0.0,0.0,0.3301923946366095,0.0,0.5547778278402481,0.4837732687127579,0.0,0.4233795937379561,0.0,0.2111135101703259,0.0,0.3241023592861838,0.5004237999597797,0.0792742931174144,0.5262747465324901,0.4056089243373326,0.2348370765635269,0.3883974867720001,0.6104582834903628,0.3827640610092155,0.7294813320252911,0.2546125780558165,0.5062672344249365,0.5608887514554451,0.0,0.1599932683251806,0.0,0.0,0.0,0.2320736691316499,0.3350139467384509,0.0,0.0,0.0,0.0,0.560495544323275,0.5458716692989339,0.0,0.0,0.0,0.0622227855277366,0.0,0.4422824782220012,0.0,0.0,0.0,0.0,0.0,0.0,0.5790808807149048,0.0,0.0,0.0,0.0,0.168580477649929,0.945406689183398,0.1713468470416677,0.4316241733727115,0.0,0.2039408396071958,0.388072597877389,0.2660914402748874,0.0,0.4150985392061498,0.0,0.0
0.3458863908363187,0.5418168237565147,0.0,0.0,0.7137907661709233,0.7016171327709113,0.6124297842883337,0.2452252713593603,0.6892891047192842,0.4390293821617506,0.0,0.0,0.7382536691992546,0.0,0.7672525405700618,0.5998326439350617,0.5432528613072781,0.5662472399807457,0.0,1.0,0.3241023592861838,0.0,0.5643364804705293,0.0,0.4332586544745892,0.5419870406306635,0.8261960946556165,0.7300688342232625,0.7394189752964877,0.479065751507169,0.4042637910262341,0.1158153445519487,0.0,0.0,0.0246116878877413,0.0912403100755754,0.1569705339491588,0.0,0.0404236174188109,0.0,0.0703986915884537,0.0550926974504932,0.0,0.0,0.0,0.2618467164840181,0.6179684666321354,0.0,0.0,0.0,0.640644624403879,0.0,0.0,0.0,0.0,0.0,0.0,0.0,0.0,0.7171994378869246,0.4000725251800671,0.0,0.5728073103983303,0.0,0.9394925255899904,0.2294609242160862,0.9316161677543328,0.5741482228038828,0.0,0.2336205993118306,0.5489151439355735,0.7388732486667112,0.0,0.5422825465502084,0.0,0.4062667351966483
0.1641104141244261,0.4568003455071894,0.7640661595967939,0.2460895762744234,0.5295771113729131,0.8391816929640354,0.348766748800435,0.8012627774194112,0.6882571923160866,0.4913455840857103,0.7863703105237754,0.0,0.729104416733655,0.0,0.7262644839192265,0.2249737967433318,0.0,0.3265735320982921,0.7678954396335353,0.6219343399252844,0.5004237999597797,0.5643364804705293,0.0,0.2096219019749047,0.2379377221853441,0.4041790279106465,0.7188572234755457,0.7188679970769029,0.6012151612357305,0.561905247301693,0.4309736616550444,0.0,0.0356963329178276,0.1319320905576689,0.0,0.300650422639162,0.2158519080873156,0.0,0.0,0.0,0.0189635300125779,0.0,0.216021401512743,0.0,0.0,0.0,0.7046190084884265,0.7018752163076898,0.0,0.6290319046301751,0.6818188734966766,0.5184483143592655,0.8326142287297589,0.6818873745041611,0.0,0.7263159892200519,0.0,0.5424256068106438,0.1322146980348274,0.6667725111999401,0.0,0.0,0.0,0.7133389651682239,0.5534365349748361,0.4710931528446293,0.5827857069194636,0.9710469972648772,0.0,0.0,0.4804073878901002,0.6920477952928173,0.4314978715072993,0.2324649150000183,0.0,0.0
0.5497493921828056,0.0,0.0,0.0,0.0,0.0,0.6466848326115657,0.0,0.0,0.2206619577782955,0.0,0.0552920127793188,0.205262575224754,0.0,0.0,0.2991466703148919,0.4101725320437452,0.4300340637003237,0.0,0.0,0.0792742931174144,0.0,0.2096219019749047,0.0,0.2714031792805641,0.6838325017220522,0.1892405699195398,0.0,0.0,0.0,0.0517842505860392,0.4962865294547536,0.0,0.0,0.4940754809113997,0.0,0.0,0.6675971320235284,0.617877022201934,0.2775754094522102,0.0,0.0,0.0,0.0,0.722193632815652,0.5699840458331059,0.0,0.0,0.0,0.0,0.0,0.0,0.0,0.0,0.0379809316091127,0.0,0.2913872400771377,0.0,0.0,0.0,0.6249723210840517,0.0,0.4227697845035107,0.0,0.0,0.0,0.0,0.0,0.941663138878734,0.4668774795851763,0.750968636033477,0.0,0.0,0.0,0.0,0.7187406910820714
0.5705328391901999,0.9111067327085368,0.0,0.0,0.1819145125077391,0.4352532862904107,0.5406220526344885,0.1528612277707035,0.0,0.7926954283491733,0.0,0.2164545809445162,0.4531861439314661,0.0,0.2252183691449369,0.7121144758431256,0.8372745382821143,0.8366562373724992,0.0,0.2843013982380897,0.5262747465324901,0.4332586544745892,0.2379377221853441,0.2714031792805641,0.0,0.7734138024684184,0.1380147507668113,0.2440503237753671,0.7151222817845897,0.0,0.3859013296597341,0.3443255138929955,0.3479372298584183,0.1996816912639208,0.0230169128333315,0.0,0.0,0.0629728541751572,0.2092976075358183,0.1636253519670962,0.3904540911523436,0.0826776038776189,0.0,0.0,0.0,0.4051898421931834,0.5990685402896603,0.0,0.0,0.0,0.0,0.0,0.0,0.0,0.4698052656374797,0.0,0.0842908115264772,0.0,0.0,0.0,0.3338976576270145,0.3367557485519839,0.4402009122833351,0.0,0.2862952517544135,0.4715501450396687,0.2020263839749443,0.0,0.1866271551670772,0.6043112723963799,0.4777295912009342,0.0,0.0,0.0,0.0,0.2541274799458691
0.6133328652770094,0.8000241719379447,0.0,0.0,0.0,0.6089794633541894,0.6862774918860336,0.1519350244840299,0.0,0.6766241230285001,0.0,0.3640021748114206,0.5735864926227957,0.0,0.2588801209998128,0.6234637425614327,0.7668230492484,0.8042219661130734,0.0,0.4522928602149669,0.4056089243373326,0.5419870406306635,0.4041790279106465,0.6838325017220522,0.7734138024684184,0.0,0.2941177095651777,0.2515470653389388,0.606026034972463,0.0,0.2751614476520279,0.4150091262128071,0.1290553856001278,0.0,0.2081005307630971,0.0,0.0,0.3636211780268826,0.3624864449259884,0.2026044837236625,0.1426369584341029,0.249274890324569,0.0,0.0,0.3287690324669366,0.5064737148097604,0.5045638857158133,0.0,0.0,0.0,0.0,0.0,0.0,0.0,0.3496716680456623,0.0,0.3837479014424825,0.0,0.0,0.2874781339813876,0.503478586952002,0.2457541281905056,0.5905040420215378,0.0,0.4311731416729781,0.2728746248363976,0.407025538746919,0.3542067782641684,0.5681614620082422,0.5935822505790619,0.801217839456515,0.2508288616855967,0.0,0.5052051407466341,0.0,0.5021118026259803
0.0647454270035845,0.3114018803220214,0.8901530539021763,0.1840170525359999,0.7502215746980849,0.7520337242884,0.5014165168904854,0.3754490047664083,0.9088316008194482,0.2714864370020087,0.8479270405948794,0.0,0.6916827856472951,0.0,0.8057770754846569,0.2975141676710517,0.0,0.3239710341811794,0.8122871505952446,0.8581483460914424,0.2348370765635269,0.8261960946556165,0.7188572234755457,0.1892405699195398,0.1380147507668113,0.2941177095651777,0.0,0.7323367839220154,0.6263437604707315,0.567656591836929,0.3445028853499013,0.0,0.0,0.0,0.0,0.2175041158788389,0.1961098703925827,0.0,0.0,0.0,0.0,0.0,0.2968664479775099,0.0,0.0,0.0,0.5943954691733221,0.8619523429284079,0.0,0.0,0.6250899390555494,0.4465580047443337,0.4807946645788002,0.8844946673835805,0.0,0.8768436377287988,0.0,0.600722876882344,0.2400007126080444,0.706903014346566,0.0,0.0,0.0,0.7918917346710433,0.8067998528427638,0.1490165686743403,0.859959189720463,0.7251616427004994,0.0,0.0,0.4264095517427241,0.8842363797943771,0.710035363488014,0.2888434143103476,0.1577415805380831,0.2031760436115242
0.0652348772204444,0.4607153077194897,0.7775592344286559,0.4534979013445753,0.4845466958156313,0.7156733254312169,0.2931495485572699,0.6355546167866954,0.7012630472386628,0.4113172661409569,0.8092923257570084,0.695422724330927,0.8435414628891791,0.0,0.8099603247317659,0.3455235059821877,0.2991402106891994,0.3499984621834469,0.7782402865088013,0.7493040953048478,0.3883974867720001,0.7300688342232625,0.7188679970769029,0.0,0.2440503237753671,0.2515470653389388,0.7323367839220154,0.0,0.6158743521069636,0.804499944575036,0.4702862595310733,0.0,0.0,0.1728866006141367,0.0,0.3700356816010752,0.3770560344513015,0.0,0.0,0.0,0.0872897579296642,0.0,0.1870621172705698,0.0,0.0,0.0,0.0,0.0,0.0,0.0,0.6132154240706416,0.0,0.6518608442121147,0.0,0.0,0.0,0.0,0.0,0.0,0.7359989975704442,0.0,0.0,0.0,0.0,0.7027299818274589,0.3739022583442906,0.0,0.7190937470174701,0.0,0.0,0.0,0.7160290943167125,0.5486097290940056,0.2691220150095296,0.0,0.0
0.548832515744089,0.7600654986391806,0.0,0.0,0.5371200376766685,0.723744278271152,0.6485989118555128,0.3135835774387001,0.4964601805835897,0.0,0.0,0.0,0.6847809411789222,0.0,0.64084391946367,0.7079869760690943,0.0,0.6870173799800203,0.0,0.6601313444148743,0.6104582834903628,0.7394189752964877,0.6012151612357305,0.0,0.7151222817845897,0.606026034972463,0.6263437604707315,0.6158743521069636,0.0,0.4045644347810472,0.6445961422279735,0.235962632038715,0.1945486267132714,0.2281055540476445,0.03099930467177,0.0,0.0530156600071425,0.0,0.0583365286136979,0.0,0.2519275447895525,0.0223218865695665,0.0,0.0,0.0,0.0,0.7442915793727356,0.0,0.0,0.0,0.4923070777771057,0.0,0.3332623063611354,0.0,0.0,0.0,0.0,0.4179363752655142,0.0,0.618876230030527,0.0,0.0,0.0,0.0,0.5919453009837067,0.5447079999554004,0.5936039012393595,0.550196145468508,0.0,0.0,0.6017512243345646,0.5827523675406737,0.4673111166758245,0.7598661229791291,0.0,0.2918034969626794
0.0,0.0,0.6266346522030714,0.0,0.0,0.4711109677550047,0.0,0.5913851010013442,0.5389018614089742,0.0,0.0,0.0,0.5520877931732987,0.0,0.0,0.1497074920951263,0.0,0.0,0.0,0.5599373058469291,0.3827640610092155,0.479065751507169,0.561905247301693,0.0,0.0,0.0,0.567656591836929,0.804499944575036,0.4045644347810472,0.0,0.4406580960766482,0.0,0.0,0.2855968591634924,0.0,0.0,0.0,0.0,0.0,0.0,0.0,0.0,0.0,0.0,0.0,0.0,0.0,0.0,0.0,0.0,0.0,0.0,0.0,0.0,0.0,0.0,0.0,0.0,0.0,0.0,0.0,0.0,0.0,0.0,0.5076325015481906,0.0,0.0,0.5065449962141096,0.0,0.0,0.0,0.5461941787268321,0.0,0.0,0.0,0.0
0.5678360965543752,0.386398973411904,0.1929235309403567,0.0,0.132123460720493,0.3344863311271557,0.3087414408357265,0.2949846165831521,0.2274686217352543,0.517292981394209,0.1904283335831544,0.210164715906825,0.3215603418640234,0.0,0.4801608740067479,0.5638710116775597,0.5331085565096002,0.3637913768562179,0.2794711016327742,0.2907486649918797,0.7294813320252911,0.4042637910262341,0.4309736616550444,0.0517842505860392,0.3859013296597341,0.2751614476520279,0.3445028853499013,0.4702862595310733,0.6445961422279735,0.4406580960766482,0.0,0.317246938203986,0.5157106439380547,0.5411313502757952,0.11218538305069,0.1811353104829622,0.1205099523624661,0.1838653387878291,0.0020016551509903,0.3202830771441946,0.3860866911070397,0.0,0.0,0.0,0.0,0.5264156034473125,0.4302690313880882,0.0,0.0,0.0,0.0917413128502948,0.0,0.3111662739031525,0.0,0.4491179368394377,0.0,0.0935349439582481,0.0,0.0,0.4832633702759468,0.0149130570303974,0.0,0.1315319329412454,0.0,0.1834557685805651,0.6935872432918936,0.2366097474144666,0.3642960748888474,0.0,0.147530272425154,0.3404717906975104,0.3048504855175273,0.0819519995205712,0.4018320247743151,0.0,0.0490480727967915
0.5923925850724955,0.2359543741576804,0.0,0.0,0.1433546251715111,0.0420304536504487,0.4897612597024889,0.0,0.0,0.2114223487489384,0.0,0.0,0.0,0.351769477234757,0.0,0.4198408754054029,0.5364715388786857,0.3591618722383205,0.0,0.0074696707715407,0.2546125780558165,0.1158153445519487,0.0,0.4962865294547536,0.3443255138929955,0.4150091262128071,0.0,0.0,0.235962632038715,0.0,0.317246938203986,0.0,0.2995704027438101,0.1314201247910718,0.657462283116027,0.0,0.0,0.6024372241366284,0.8368794498818146,0.4994828030577474,0.157173629434025,0.5718501105936437,0.2954388375738245,0.4064221991867497,0.5364826973150386,0.7203714074344713,0.0323603397460068,0.0,0.0,0.0,0.0,0.0,0.0,0.0,0.118648229239974,0.0,0.0,0.0413888503096553,0.0,0.0,0.4623246229407208,0.0,0.0121490108726604,0.0,0.0,0.1526512675632744,0.0,0.0,0.4572180177877816,0.4650485031913957,0.4741683978879872,0.0,0.1285888310205573,0.3026843430100579,0.0,0.5638718215533316
0.4255159675630067,0.2518426518962687,0.0,0.0,0.0,0.0,0.0,0.1111837641851817,0.0,0.3124478076440358,0.0,0.0,0.0,0.0,0.0,0.3366573702392316,0.3380417271882902,0.2238033335345865,0.0,0.0,0.5062672344249365,0.0,0.0356963329178276,0.0,0.3479372298584183,0.1290553856001278,0.0,0.0,0.1945486267132714,0.0,0.5157106439380547,0.2995704027438101,0.0,0.6588433239786177,0.0549049992520344,0.0227761265437738,0.0,0.0357622986539031,0.1163898366486415,0.632343755699582,0.4404001622569451,0.0,0.0,0.0,0.0,0.4364465149009311,0.1589776457398723,0.0,0.0,0.0,0.0,0.0,0.0,0.0,0.4506397426750816,0.0,0.0,0.0,0.0,0.0,0.0,0.0814504418350534,0.0,0.0,0.0,0.4688019591148636,0.0,0.0,0.0,0.2245932422655001,0.13838899132989,0.0,0.0,0.1166436813464014,0.0,0.0
0.1994149585810055,0.2253670228211762,0.0,0.262882637192488,0.0,0.0003144457070037,0.0,0.283986253352838,0.0,0.312509457508972,0.0254662629308873,0.1074426434198669,0.0043918082050525,0.0,0.1829456289388562,0.1870340503612098,0.1967798253150235,0.0755202875882418,0.1133287412828535,0.0,0.5608887514554451,0.0,0.1319320905576689,0.0,0.1996816912639208,0.0,0.0,0.1728866006141367,0.2281055540476445,0.2855968591634924,0.5411313502757952,0.1314201247910718,0.6588433239786177,0.0,0.0,0.1892987904058657,0.0629063262129865,0.0,0.0,0.2831223086193723,0.4233498212051949,0.0,0.0,0.0,0.0,0.1658861670588292,0.2424030587779023,0.0,0.0,0.0,0.0,0.0,0.2230438557337509,0.0,0.3653990100150926,0.0,0.0,0.0,0.0,0.1854022308895176,0.0,0.0,0.0,0.0,0.0,0.5465350011321061,0.0,0.0700429813249657,0.0,0.0,0.0,0.03842520343962,0.0,0.0312671273908327,0.0,0.0
0.3716221929367285,0.0,0.0,0.0,0.2245465814408955,0.0,0.3635130486198728,0.0,0.0,0.0,0.0,0.0,0.0,0.0,0.0,0.257075292078927,0.2313580829723575,0.1129810495014103,0.0,0.0,0.0,0.0246116878877413,0.0,0.4940754809113997,0.0230169128333315,0.2081005307630971,0.0,0.0,0.03099930467177,0.0,0.11218538305069,0.657462283116027,0.0549049992520344,0.0,0.0,0.0,0.0,0.5796887775108593,0.7276288317817251,0.4810029833712474,0.0,0.7442804845462637,0.2813355304526436,0.6381420596221127,0.6381023474947601,0.0,0.0,0.0,0.0,0.0,0.0,0.0,0.0,0.0,0.0,0.0,0.0,0.0,0.0,0.0,0.5245072681716051,0.0,0.0779686297913529,0.0,0.0,0.0,0.0,0.0,0.0,0.4151460555651838,0.448652305666475,0.0,0.0,0.2182742943801792,0.0,0.0
0.0,0.0,0.2708766349022029,0.4473950772339988,0.1230991937050039,0.1594536930975826,0.0,0.4210221406074198,0.1803751507127552,0.0,0.3354509928672692,0.3726013769952149,0.2310665448030918,0.1867848409768701,0.3145253388044369,0.0,0.0,0.0,0.2420881262608516,0.2061054751445324,0.1599932683251806,0.0912403100755754,0.300650422639162,0.0,0.0,0.0,0.2175041158788389,0.3700356816010752,0.0,0.0,0.1811353104829622,0.0,0.0227761265437738,0.1892987904058657,0.0,0.0,0.4584245280990912,0.0,0.0,0.0,0.0,0.0,0.238284132236488,0.0,0.0,0.0,0.0,0.1705329966933609,0.0,0.0,0.1534944058621053,0.2718875764233902,0.3975972769085308,0.1988526888239622,0.0,0.1750188307710488,0.3898746888875538,0.090828050763775,0.0,0.0,0.0,0.0,0.0,0.1684480909094002,0.0,0.0,0.0,0.236798587086757,0.0,0.0,0.0,0.254237427017848,0.0279925485901082,0.0,0.0,0.0
0.0,0.0,0.305161228803201,0.4994666061041244,0.0487006872408729,0.1720361480352696,0.0,0.3340795979466301,0.1652428956141135,0.0289158143175162,0.2900061714453326,0.3253990359472749,0.2213015540992758,0.0,0.0,0.0,0.0,0.0,0.2392549825206322,0.2138759974294911,0.0,0.1569705339491588,0.2158519080873156,0.0,0.0,0.0,0.1961098703925827,0.3770560344513015,0.0530156600071425,0.0,0.1205099523624661,0.0,0.0,0.0629063262129865,0.0,0.4584245280990912,0.0,0.0,0.0,0.0,0.0,0.0,0.0,0.0,0.0,0.0,0.0,0.0,0.0,0.0,0.0,0.0,0.0,0.0,0.0,0.0,0.0,0.0,0.0,0.0,0.0,0.0,0.0,0.0,0.0,0.0,0.0,0.0,0.0,0.0,0.0,0.0,0.0,0.0,0.0,0.0
0.0,0.0,0.0,0.0,0.4157887468536183,0.0,0.5117616980300244,0.0,0.2462239079620803,0.0267363268305639,0.0,0.0,0.0396660130187264,0.0,0.0,0.0,0.3612929565516496,0.0,0.0,0.0,0.0,0.0,0.0,0.6675971320235284,0.0629728541751572,0.3636211780268826,0.0,0.0,0.0,0.0,0.1838653387878291,0.6024372241366284,0.0357622986539031,0.0,0.5796887775108593,0.0,0.0,0.0,0.6502864239817625,0.4308374704538159,0.0019729956378008,0.5467359544741177,0.0,0.0,0.7385677903028021,0.0,0.0,0.0,0.0,0.0,0.0,0.0,0.0,0.0,0.0,0.0,0.0728524677877486,0.0,0.0,0.0,0.0,0.0,0.0,0.0,0.0,0.0,0.0,0.0,0.6022096100209346,0.0,0.4905901027463112,0.0,0.0,0.0,0.0,0.0
0.4839259753343789,0.0654547048961987,0.0,0.0,0.0,0.0,0.0,0.0,0.0,0.0,0.0,0.0,0.0,0.0,0.0,0.2637359985435133,0.0,0.2283879952388028,0.0,0.0,0.0,0.0404236174188109,0.0,0.617877022201934,0.2092976075358183,0.3624864449259884,0.0,0.0,0.0583365286136979,0.0,0.0020016551509903,0.8368794498818146,0.1163898366486415,0.0,0.7276288317817251,0.0,0.0,0.6502864239817625,0.0,0.4715524137475652,0.0308382444332353,0.7331136556044198,0.3227599038584256,0.5358364476981317,0.696085893916358,0.6411899685411819,0.0,0.0,0.2736137190945917,0.0,0.0,0.0,0.0,0.0,0.0,0.0,0.0,0.1033624272546942,0.4829736507920709,0.0,0.6099585068762472,0.0,0.0302773543604477,0.0,0.0,0.0,0.0,0.0,0.6292257518239605,0.4887602583738454,0.5012141389348158,0.0,0.2203987721650557,0.230653449768291,0.4832186210638168,0.7007685959981088
0.5010155019916442,0.0510043946659717,0.0,0.0,0.0,0.0,0.0,0.0,0.0,0.0993431976932897,0.0,0.0,0.0,0.0,0.0,0.2580692642647785,0.2866307229387885,0.0958913419420091,0.0,0.0,0.2320736691316499,0.0,0.0,0.2775754094522102,0.1636253519670962,0.2026044837236625,0.0,0.0,0.0,0.0,0.3202830771441946,0.4994828030577474,0.632343755699582,0.2831223086193723,0.4810029833712474,0.0,0.0,0.4308374704538159,0.4715524137475652,0.0,0.3002063670626099,0.3776472774488547,0.1880737820632933,0.321298208853056,0.3494570379376832,0.6427413041601674,0.0216161715958989,0.0,0.0,0.0,0.0,0.0,0.0,0.0,0.3609060925979455,0.0,0.0,0.0,0.0,0.0,0.192779493524628,0.0,0.0,0.0,0.0,0.1854783655116766,0.0,0.0,0.2274504501920269,0.4305643488074603,0.4253389998294604,0.0,0.0,0.1133520019140263,0.0,0.2113489361742115
0.3804591026574683,0.2796404261260303,0.0,0.0,0.0,0.0,0.0,0.0298661576735619,0.0,0.3182614140549843,0.0,0.0,0.0,0.0,0.0612177968132588,0.2891142861561387,0.2660240949561957,0.2045399912358327,0.0,0.0,0.3350139467384509,0.0703986915884537,0.0189635300125779,0.0,0.3904540911523436,0.1426369584341029,0.0,0.0872897579296642,0.2519275447895525,0.0,0.3860866911070397,0.157173629434025,0.4404001622569451,0.4233498212051949,0.0,0.0,0.0,0.0019729956378008,0.0308382444332353,0.3002063670626099,0.0,0.0,0.0020594744659954,0.0,0.0,0.2976686273966082,0.1630830273251395,0.0,0.2974766027892562,0.0,0.0,0.0210128523648778,0.0,0.0,0.300952934907615,0.0,0.0,0.0,0.0,0.1008567036416056,0.070874253236633,0.1400712696770003,0.0214812153796226,0.0,0.0,0.3472696950998921,0.0,0.0,0.0,0.254204181948472,0.0372183374406971,0.0,0.0,0.2875593352011379,0.0,0.0
0.0,0.0,0.0,0.0,0.0,0.0,0.0,0.0,0.0,0.0,0.0,0.0,0.0,0.0,0.0,0.1657446963202554,0.0,0.097695946552585,0.0,0.0,0.0,0.0550926974504932,0.0,0.0,0.0826776038776189,0.249274890324569,0.0,0.0,0.0223218865695665,0.0,0.0,0.5718501105936437,0.0,0.0,0.7442804845462637,0.0,0.0,0.5467359544741177,0.7331136556044198,0.3776472774488547,0.0,0.0,0.3440855621516336,0.5394086148155004,0.6457221357092197,0.4833864997233469,0.0,0.0,0.2361808102177193,0.0,0.0,0.0,0.0,0.0,0.0,0.0,0.0,0.1265592434214589,0.0,0.0,0.5436833279963323,0.0,0.1075157915100325,0.0,0.0,0.0,0.0,0.0,0.5932397543172419,0.4652882645671219,0.4505608433390398,0.0,0.239832542643545,0.2571567053321935,0.3135841098860352,0.6134391047817357
0.0,0.0,0.2263223711987494,0.0,0.4597880152807054,0.3299756855578269,0.0,0.0,0.2574535268631221,0.0,0.1337375349165539,0.0,0.2510362452837262,0.4789632676091856,0.0,0.0,0.0,0.0,0.1395815514742275,0.0,0.0,0.0,0.216021401512743,0.0,0.0,0.0,0.2968664479775099,0.1870621172705698,0.0,0.0,0.0,0.2954388375738245,0.0,0.0,0.2813355304526436,0.238284132236488,0.0,0.0,0.3227599038584256,0.1880737820632933,0.0020594744659954,0.3440855621516336,0.0,0.5325989566434877,0.4971747412435148,0.0,0.0,0.2483962999643986,0.1174572292725895,0.2807587505560895,0.2825669648973841,0.0,0.0803457274148738,0.2523597020228384,0.0280482914969184,0.2130194605053625,0.352762519539697,0.4329460122582059,0.5329826813982752,0.0777143079326727,0.0,0.0,0.0,0.1978770261414488,0.3097443005086747,0.0,0.3401856415928783,0.1670324055233203,0.4960442169868799,0.2247126681428186,0.4436960347964566,0.1331268366598308,0.5156488008451834,0.1640229705751839,0.0,0.4321335599906564
0.0,0.0,0.0,0.0,0.0,0.0,0.0,0.0,0.0,0.0,0.0,0.0,0.0,0.0,0.0,0.0,0.0,0.0,0.0,0.0,0.0,0.0,0.0,0.0,0.0,0.0,0.0,0.0,0.0,0.0,0.0,0.4064221991867497,0.0,0.0,0.6381420596221127,0.0,0.0,0.0,0.5358364476981317,0.321298208853056,0.0,0.5394086148155004,0.5325989566434877,0.0,0.5924422414142458,0.0,0.0,0.1434392649927276,0.1494967558791832,0.1683996276658677,0.1088378312244895,0.0,0.0,0.0679162315806237,0.0,0.0677768610261595,0.1130602544095331,0.4006152089811555,0.5874195142509989,0.0,0.0,0.0,0.0,0.0823066307750488,0.0,0.0,0.0,0.0,0.0,0.0,0.0,0.0,0.4971170565900583,0.091766513217701,0.0,0.5849698685747048
0.0,0.0,0.0,0.0,0.0,0.0,0.0,0.0,0.0,0.0,0.0,0.0,0.0,0.0,0.0,0.0,0.0,0.0,0.0,0.0,0.0,0.0,0.0,0.722193632815652,0.0,0.3287690324669366,0.0,0.0,0.0,0.0,0.0,0.5364826973150386,0.0,0.0,0.6381023474947601,0.0,0.0,0.7385677903028021,0.696085893916358,0.3494570379376832,0.0,0.6457221357092197,0.4971747412435148,0.5924422414142458,0.0,0.4571887089445847,0.0,0.0,0.0,0.0,0.0,0.0,0.0,0.1288598556312607,0.0,0.1041636424874175,0.0434561512949454,0.3396564489212497,0.0,0.0,0.0,0.0,0.0,0.0,0.0,0.0,0.0,0.0,0.7310615122855051,0.2590349413481446,0.4802059209537905,0.0,0.5507247157879348,0.0,0.0,0.828397745113433
0.9125552245341192,0.3178495996252367,0.0,0.0,0.0,0.0,0.0,0.0,0.0,0.0,0.0,0.0,0.0,0.0,0.0,0.5680443733301285,0.0,0.3559754256243851,0.0,0.0,0.560495544323275,0.2618467164840181,0.0,0.5699840458331059,0.4051898421931834,0.5064737148097604,0.0,0.0,0.0,0.0,0.5264156034473125,0.7203714074344713,0.4364465149009311,0.1658861670588292,0.0,0.0,0.0,0.0,0.6411899685411819,0.6427413041601674,0.2976686273966082,0.4833864997233469,0.0,0.0,0.4571887089445847,0.0,0.2164873446403641,0.0,0.0,0.0,0.0,0.0,0.0,0.0,0.3163960158888721,0.0,0.0,0.0338556607368269,0.0,0.1547497203501046,0.477667443040225,0.0,0.1689279600388096,0.0,0.0160561244256635,0.4363169807306822,0.1222262422960403,0.0420475031834782,0.5141208055314179,0.5422912838010926,0.6817893399793242,0.0,0.1726438482545188,0.4642829312852571,0.0,0.5325859033237899
0.2914076930293585,0.7478478174239362,0.0,0.0,0.0,0.0,0.0,0.0,0.0,0.0,0.0,0.0,0.0,0.0,0.6468303611705989,0.4727005667275425,0.0,0.5382246219923124,0.0,0.5655560623256808,0.5458716692989339,0.6179684666321354,0.7046190084884265,0.0,0.5990685402896603,0.5045638857158133,0.5943954691733221,0.0,0.7442915793727356,0.0,0.4302690313880882,0.0323603397460068,0.1589776457398723,0.2424030587779023,0.0,0.0,0.0,0.0,0.0,0.0216161715958989,0.1630830273251395,0.0,0.0,0.0,0.0,0.2164873446403641,0.0,0.0,0.0,0.0,0.6503055210826671,0.4825796381859653,0.6104142049992026,0.5133658702821241,0.4650866279862212,0.0,0.0,0.4863600848887734,0.0,0.6023125646708057,0.1207721407932721,0.5272286765677796,0.546465061548537,0.0,0.5827471320277898,0.5285037471979996,0.5761004050972244,0.7124641858512982,0.0,0.4218600775884492,0.5270084453906595,0.6317552776163082,0.3198285946844452,0.5472699657511972,0.0,0.040896470951487
0.0,0.0,0.9689402095667304,0.0,0.7878385048349017,0.7358800058391112,0.0,0.4313762268041353,0.9631361397664888,0.0,0.8586821847537909,0.0,0.6819050408717635,0.0,0.0,0.0,0.0,0.0,0.8501275700909164,0.0,0.0,0.0,0.7018752163076898,0.0,0.0,0.0,0.8619523429284079,0.0,0.0,0.0,0.0,0.0,0.0,0.0,0.0,0.1705329966933609,0.0,0.0,0.0,0.0,0.0,0.0,0.2483962999643986,0.1434392649927276,0.0,0.0,0.0,0.0,0.0,0.8633710396384959,0.6581202454907051,0.2887676872742535,0.5146562197477307,0.9100275911688264,0.0,0.9631770961890888,0.0,0.6428999042685349,0.2626860748202883,0.0,0.0,0.0,0.0,0.8672770206539784,0.0,0.0,0.0,0.7379643843234096,0.0,0.0,0.0,0.7398815416923359,0.7819271044470736,0.161924459878079,0.2730411127696234,0.229582369852901
0.0,0.0,0.0,0.0,0.0,0.0,0.0,0.0,0.0,0.0,0.0,0.0,0.0,0.0,0.0,0.0,0.0,0.0,0.0,0.0,0.0,0.0,0.0,0.0,0.0,0.0,0.0,0.0,0.0,0.0,0.0,0.0,0.0,0.0,0.0,0.0,0.0,0.0,0.2736137190945917,0.0,0.2974766027892562,0.2361808102177193,0.1174572292725895,0.1494967558791832,0.0,0.0,0.0,0.0,0.0,0.0,0.0,0.2084811768607072,0.0,0.0,0.0,0.0,0.0,0.0,0.2252603104834214,0.0,0.0,0.0,0.0,0.0,0.0,0.0,0.0,0.0201657335037555,0.0,0.0,0.0,0.0,0.0,0.0,0.0,0.0922678063771287
