0.0,0.3434712013428297,0.0,0.0,0.0,0.111981079219845,0.0,0.2238913802846864,0.0,0.0,0.0,0.098430700554625,0.0,0.0,0.4311729686920726,0.594450066564363,0.3660393203247334,0.4495070183063308,0.0,0.5293874721115956,0.5108098244001774,0.5696148304418418,0.2565475345664369,0.0,0.4162313067337018,0.4373838007998754,0.361133226550452,0.2656815323745128,0.3875977080510221,0.0,0.3889639084461416,0.0,0.0,0.3803461096347131,0.2643817859531237,0.0,0.0,0.0,0.0,0.0,0.3213161203910966,0.0,0.0,0.0,0.0,0.8203362390970336,0.2873746012880092,0.0,0.0,0.0,0.0,0.0,0.0,0.0,0.0,0.0,0.0,0.0,0.0,0.0,0.5126866881972234,0.0,0.1682623010962126,0.0,0.0,0.4102775434284475,0.4948207344060236,0.0,0.0,0.2027628855517158,0.386964050781524,0.0,0.0,0.0,0.0,0.0
0.3434712013428297,0.0,0.0,0.0,0.6549917573066941,0.5946667561425568,0.7612929348664036,0.4595979631342839,0.5509515229495046,0.0,0.0,0.0,0.7364853429944784,0.0,0.1432152795682415,0.6585068095520514,0.0,0.6119857625186508,0.0,0.671214289618699,0.3326711490974966,0.7189054515368981,0.5335658151844043,0.0,0.8589913251295129,0.7898211556452016,0.5131261297638336,0.6540987781162907,0.4923172199090871,0.0,0.5417999359465641,0.0,0.0,0.5160981735198298,0.3616737304113614,0.0,0.0,0.0,0.0,0.0,0.4281023268556906,0.0,0.0,0.0,0.0,0.3347062338634421,0.770904756844709,0.0,0.0,0.0,0.0,0.0,0.0,0.0,0.0,0.0,0.0,0.0,0.0,0.0901027751950832,0.3249509578980086,0.0,0.0377610511289298,0.0,0.0,0.0433730100297886,0.3708045961671575,0.4364205171093847,0.0,0.5226224380897099,0.479603280735396,0.5045607971196306,0.0,0.0345199859304803,0.0,0.0
0.0,0.0,0.0,0.0,0.4806503497845734,0.1000533150591406,0.4080127913896067,0.2150996889183083,0.5587668599239888,0.2856975250469759,0.5902432439085561,0.0,0.2349440168925549,0.1878928025174698,0.0,0.0,0.0,0.0,0.658240768583861,0.0,0.0,0.0,0.3311498118318081,0.0,0.0,0.0,0.2835920765435774,0.2141686686048116,0.0,0.3413239944591316,0.3719383233078849,0.0,0.0,0.317099945532913,0.2205873985978391,0.0,0.0,0.0,0.0,0.0,0.0,0.0,0.2069708543092787,0.0,0.0,0.0,0.0,0.8053798814217089,0.0,0.5789381717176919,0.2561897897421082,0.0,0.2118320905662462,0.6713888003567764,0.0,0.5218302144039126,0.0,0.0,0.3888245537470194,0.0,0.0,0.0,0.0,0.5396498301099918,0.0,0.0,0.0,0.2529724751931018,0.0,0.0,0.0,0.282838754523682,0.0,0.0,0.0,0.0
0.0,0.0,0.0,0.0,0.6633320098431158,0.3533093525919777,0.5561565360523157,0.3436084936770354,0.4424985536303613,0.0615235188448377,0.4519668912011221,0.0,0.4931241154294594,0.5760393824956226,0.0,0.0,0.0,0.0,0.2851190882801013,0.0,0.0,0.0,0.359600332289494,0.0,0.0,0.0,0.2099042928125016,0.533830679745816,0.0,0.0,0.0,0.0,0.0,0.5744684417424932,0.3268224875341989,0.0,0.0266648928932933,0.0,0.0,0.0,0.0,0.0,0.0,0.0,0.0,0.0,0.0,0.0,0.0,0.0,0.0,0.0,0.0,0.0,0.0,0.0,0.0,0.0,0.0,0.0,0.0,0.0,0.0,0.0,0.0,0.0,0.0,0.0,0.0,0.0,0.0,0.0,0.0,0.0,0.0,0.0
0.0,0.6549917573066941,0.4806503497845734,0.6633320098431158,0.0,0.4817331961381812,0.9153050511733656,0.4968453078577104,0.8548584888029973,0.2495436015003262,0.8380465014393335,0.5695582398637433,0.6414544118070434,0.6627321105838466,0.0,0.0,0.0,0.0,0.6115474771346119,0.6837944629365971,0.0,0.6887119272440777,0.523786985329231,0.0,0.5749199993588319,0.0,0.5147782891109356,0.6673755276043244,0.4322220827022328,0.0,0.8442829628558145,0.0,0.0,0.8406178332473258,0.5382168113905199,0.0,0.0,0.6099619075458653,0.0,0.0,0.0,0.0,0.4509013266632243,0.0,0.0,0.0,0.0,0.50594947919054,0.0,0.0,0.0,0.0,0.503337844960059,0.7304256756009955,0.0,0.9008982514216366,0.0,0.0,0.0,0.0,0.0,0.0,0.0,0.0,0.0,0.0,0.0,0.5597100016924768,0.0,0.0,0.0,0.5529379933388232,0.0,0.0,0.0,0.0
0.111981079219845,0.5946667561425568,0.1000533150591406,0.3533093525919777,0.4817331961381812,0.0,0.4593466821761203,0.5102161156051779,0.4354079948548994,0.0662102049326054,0.3674814066365032,0.0,0.6470364669809867,0.57538716937624,0.3007780935767335,0.3561505323429697,0.0,0.2897219964945077,0.3061172140388999,0.3589964494849664,0.3831828401085237,0.4198957366648486,0.6492843813489719,0.0,0.4582413500240778,0.4376874904390889,0.6442387759345249,0.3990689502460032,0.5608521095373323,0.3311935502332628,0.3446743392243838,0.0,0.0,0.3638363436898747,0.2259359607971842,0.1083730307521282,0.1024193051366981,0.0,0.0,0.0,0.2986504487679003,0.0,0.2890257065433763,0.0,0.0,0.0,0.0,0.1933024938656545,0.0,0.0,0.639777816104216,0.3079447439046693,0.3680173824042974,0.2630064747677429,0.0,0.4166555848102803,0.0,0.2854032920224705,0.0,0.1929293723660191,0.0,0.0,0.0,0.0393923941264363,0.0,0.18022065481322,0.1120137645488679,0.5091871058878534,0.0,0.0,0.0,0.5483096089471023,0.0,0.1378828927730359,0.0,0.0
0.0,0.7612929348664036,0.4080127913896067,0.5561565360523157,0.9153050511733656,0.4593466821761203,0.0,0.4409538294554057,0.7875445964476951,0.4482240757320714,0.7640253467402112,0.6517199652257668,0.7269493142582084,0.6327253934296239,0.0,0.7450629409909828,0.8186241953441294,0.5250779863068912,0.4925478923810169,0.6956117467098635,0.0,0.7173704248541231,0.4928111054947939,0.0,0.7265618832560303,0.6836629741325921,0.496057511887186,0.7351610410659861,0.456086705944799,0.0,0.8373835827661691,0.0,0.0,0.779319768884212,0.597316155948234,0.0,0.0409233454675452,0.6302062773745762,0.0,0.0,0.0,0.0,0.0,0.0,0.0,0.0,0.0,0.0,0.0,0.0,0.5597260410502005,0.0,0.0,0.0,0.0,0.0,0.0,0.0,0.0,0.0,0.0,0.0,0.0,0.0,0.0,0.0,0.0,0.5431881728389018,0.0,0.0,0.0,0.5729919496453256,0.0,0.0,0.0,0.0
0.2238913802846864,0.4595979631342839,0.2150996889183083,0.3436084936770354,0.4968453078577104,0.5102161156051779,0.4409538294554057,0.0,0.4801122430251472,0.3013614337832794,0.4950799765128797,0.0,0.504835307067639,0.4447761112074517,0.0,0.2799153150491635,0.0,0.1188251814620924,0.3882488572477139,0.3418155655205161,0.2848867812628105,0.2313325520403848,0.7753719748313874,0.1093366219930147,0.4099480811522835,0.5900491464128791,0.1154037213665862,0.4980915673009302,0.0,0.3911114070599836,0.4771076857430213,0.0,0.0,0.422098524744614,0.3190601949450795,0.0918595963649984,0.1002109213645521,0.0,0.0,0.0,0.3036664005491241,0.0,0.4110171953044169,0.0,0.0,0.0,0.0,0.2762593299894673,0.0,0.3971955496218238,0.4738597786110274,0.2503825306692111,0.7783810114874834,0.3086729432497195,0.0,0.5388121523121805,0.0,0.0517477313672295,0.4532218072948822,0.081528224625827,0.0,0.0,0.0,0.0,0.0,0.0592364697379664,0.0,0.5888161900729092,0.0,0.0,0.0,0.1269621321277025,0.0,0.0,0.0,0.0
0.0,0.5509515229495046,0.5587668599239888,0.4424985536303613,0.8548584888029973,0.4354079948548994,0.7875445964476951,0.4801122430251472,0.0,0.2626984181808163,0.9186263833602456,0.5333964496371282,0.5872211516624365,0.5718246845888129,0.0,0.6413126632512497,0.0,0.0,0.6366286341826395,0.7210438181184882,0.0,0.6806930680376847,0.4865128609893756,0.0,0.0,0.0,0.5408456133501454,0.6352098497173527,0.3781327745407301,0.6603403199059121,0.7237156786228462,0.0,0.0,0.6524354050360468,0.5160726269783302,0.0,0.0519096549661809,0.450496230703991,0.0,0.0,0.0,0.0,0.4295065323795545,0.0,0.0,0.0,0.0,0.5428543581317812,0.0,0.0,0.4959876709134099,0.0,0.455420515223453,0.7672309033045819,0.0,0.8751252086849288,0.0,0.0,0.7066238858103375,0.0,0.0,0.0,0.0,0.1412222225696101,0.0,0.0,0.0,0.5205651345056971,0.0,0.0,0.0,0.5814525222652135,0.0,0.0,0.0,0.0
0.0,0.0,0.2856975250469759,0.0615235188448377,0.2495436015003262,0.0662102049326054,0.4482240757320714,0.3013614337832794,0.2626984181808163,0.0,0.3084779306829077,0.8307576731169365,0.5203866220029502,0.4121126307054392,0.0,0.1090687869752718,0.401077902300844,0.0,0.0719079244576727,0.0,0.0,0.1943374974245837,0.3801897053189487,0.0,0.4784515442199794,0.4168198008700619,0.0108198284911794,0.5847744216794156,0.0,0.0,0.4223958470876204,0.0,0.0,0.1364197604786023,0.2938692816348234,0.2078651295044702,0.5593859676259754,0.2679539601509498,0.0,0.0,0.1331502672387391,0.0,0.0,0.0,0.0,0.0,0.0,0.0,0.0,0.0,0.0,0.0,0.0,0.0,0.9470003183587417,0.0,0.8973345427989805,0.0,0.0,0.0,0.0,0.4785300996772786,0.0,0.0,0.0,0.0,0.0,0.0,0.0,0.417281532369181,0.3327196669519127,0.0,0.0,0.0,0.0,0.0
0.0,0.0,0.5902432439085561,0.4519668912011221,0.8380465014393335,0.3674814066365032,0.7640253467402112,0.4950799765128797,0.9186263833602456,0.3084779306829077,0.0,0.5714738769057301,0.635659737423746,0.6063436389556903,0.0,0.0,0.0,0.0,0.6715066078231018,0.0,0.0,0.0,0.4520089979389834,0.0,0.0,0.0,0.4493455260408315,0.709385894530273,0.0,0.0,0.7214007629889342,0.0,0.0,0.6080199943499457,0.3890898397887478,0.0,0.0999433804893084,0.4191916837156471,0.0,0.0,0.0,0.0,0.341403082065092,0.0,0.0,0.0,0.0,0.5395512628088549,0.0,0.6859461229711554,0.4344075889623111,0.4325652501695271,0.3823908216501045,0.6448858396069642,0.0,0.8655976164777817,0.0,0.0,0.6830333494908756,0.0,0.0,0.0,0.0,0.1061719748109548,0.0,0.0,0.0,0.4759591742897778,0.0,0.0,0.0,0.4789190699901584,0.0,0.0,0.0,0.0
0.098430700554625,0.0,0.0,0.0,0.5695582398637433,0.0,0.6517199652257668,0.0,0.5333964496371282,0.8307576731169365,0.5714738769057301,0.0,0.7299389236570056,0.0,0.0,0.0,0.581063021174154,0.1186782814307143,0.0,0.0,0.0,0.0,0.0,0.0,0.5523672587163668,0.6228782297976728,0.0,0.8555689335203994,0.0,0.0,0.6885292120342545,0.0,0.0,0.5021002651414611,0.417398068644049,0.2043003780109873,0.4655426886678895,0.3698048638854208,0.0,0.0,0.4777655898669588,0.0,0.0,0.0,0.0,0.0,0.0,0.0,0.0,0.0,0.0,0.0,0.0,0.0,0.7553323014887388,0.0,0.9541297680040356,0.0,0.0,0.0,0.0,0.6506922307847816,0.0,0.0,0.0,0.0,0.0,0.0,0.0,0.331511401466009,0.40917287514471,0.0,0.0,0.0,0.0,0.0
0.0,0.7364853429944784,0.2349440168925549,0.4931241154294594,0.6414544118070434,0.6470364669809867,0.7269493142582084,0.504835307067639,0.5872211516624365,0.5203866220029502,0.635659737423746,0.7299389236570056,0.0,0.6987557664901629,0.1885443572163623,0.472924586016729,0.4578673708669503,0.2851834259210385,0.3157468039739339,0.4838590466752411,0.4057776481113322,0.492622048476105,0.5542792263190833,0.0,0.5635181039889303,0.6147841705483403,0.4141440755853416,0.8018300630668903,0.409759390852845,0.4762280026065299,0.5818448174268158,0.0,0.0,0.4484489584869616,0.3077993110766404,0.0762285251089935,0.382556099439774,0.2774292601764128,0.0,0.0,0.0,0.0,0.3384092514427673,0.0,0.0,0.0,0.0,0.2111136452198877,0.0,0.0,0.5321720000612558,0.0,0.4414151074354487,0.0,0.0,0.0,0.0,0.0,0.0,0.0,0.0,0.0,0.0,0.0,0.0,0.0,0.0,0.4999208325234406,0.0,0.0,0.0,0.4390355759941616,0.0,0.0,0.0,0.0
0.0,0.0,0.1878928025174698,0.5760393824956226,0.6627321105838466,0.57538716937624,0.6327253934296239,0.4447761112074517,0.5718246845888129,0.4121126307054392,0.6063436389556903,0.0,0.6987557664901629,0.0,0.0,0.0,0.0,0.0,0.3238459774774141,0.0,0.2894336741481972,0.0,0.5015677420984417,0.0,0.0,0.0,0.4243853968604564,0.7116269438179289,0.0,0.0,0.6643236346985857,0.0,0.0,0.5489205110342444,0.0,0.3129636570844537,0.3700669613157342,0.0,0.0,0.0,0.0,0.0,0.5223106383845502,0.0,0.0,0.0,0.0,0.2359161216761274,0.0,0.0,0.0,0.0,0.0,0.2584936243937739,0.0,0.5892179575958976,0.0,0.0,0.0,0.0,0.0,0.0,0.0,0.0,0.0,0.0,0.0,0.5813569788752043,0.0,0.0,0.0,0.0,0.0,0.0,0.0,0.0
0.4311729686920726,0.1432152795682415,0.0,0.0,0.0,0.3007780935767335,0.0,0.0,0.0,0.0,0.0,0.0,0.1885443572163623,0.0,0.0,0.2528112733248328,0.0,0.0877974258822378,0.0,0.2772463649483623,0.6036908139143365,0.4384092128883148,0.1751481493275556,0.0,0.1181186811110565,0.173077892820788,0.4717521057687234,0.1714030310618948,0.5227792160124153,0.0,0.16404787628398,0.0,0.0,0.1268418026033496,0.0926699517913279,0.0,0.0,0.0,0.0,0.0,0.122804247354627,0.0,0.0,0.0,0.0,0.0,0.2541661734121903,0.0,0.0,0.0,0.2327063699502271,0.0,0.0164536791380539,0.0,0.0,0.0,0.0,0.0,0.0,0.7939202516252895,0.3674878678095268,0.0,0.0,0.0,0.1790645240897997,0.6421789118234319,0.3709064235549926,0.2862692083950106,0.0,0.0,0.2601775656349443,0.4207629356485137,0.0,0.4076871152201957,0.0,0.0
0.594450066564363,0.6585068095520514,0.0,0.0,0.0,0.3561505323429697,0.7450629409909828,0.2799153150491635,0.6413126632512497,0.1090687869752718,0.0,0.0,0.472924586016729,0.0,0.2528112733248328,0.0,0.7291385927632401,0.787129836689602,0.0,0.7101287899943837,0.4167664012631231,0.779433554967986,0.3290181248864706,0.0,0.6208255183264666,0.5871319785386571,0.4392243395075102,0.5736061908199885,0.5641280187439275,0.7212807513966689,0.7426374512849495,0.0,0.0,0.7754350389945077,0.5441967101645753,0.0,0.0,0.0,0.0,0.0,0.6008789565980946,0.0,0.0,0.0,0.0,0.6255770792363563,0.5214952542175112,0.0,0.0,0.0,0.0,0.0,0.0,0.0,0.0,0.0,0.0,0.0,0.0,0.1844537745579434,0.5092085244767256,0.0,0.0228122285289506,0.0,0.0,0.1628508500341962,0.4217390742946181,0.0,0.0,0.2064734138805426,0.3462829096410798,0.0,0.0,0.0,0.0,0.0
0.3660393203247334,0.0,0.0,0.0,0.0,0.0,0.8186241953441294,0.0,0.0,0.401077902300844,0.0,0.581063021174154,0.4578673708669503,0.0,0.0,0.7291385927632401,0.0,0.6410193716991602,0.0,0.6292999301319433,0.0,0.5713406071542453,0.0,0.0,0.7178738532733902,0.748435645067946,0.0,0.5086757359937024,0.0,0.0,0.7526716503363505,0.0,0.0,0.7658979765630313,0.5723952208096772,0.0,0.0,0.8086164290238749,0.0,0.0,0.7255420544997004,0.0,0.0,0.0,0.0,0.0,0.0,0.0,0.0,0.0,0.0,0.0,0.0,0.0,0.4604438220417082,0.0,0.4460831430959935,0.0,0.0,0.0,0.0,0.9845665083053464,0.2300608087759177,0.0,0.0,0.0,0.0,0.0,0.0,0.4128492678914353,0.5824627998688983,0.0,0.0,0.0,0.0,0.0
0.4495070183063308,0.6119857625186508,0.0,0.0,0.0,0.2897219964945077,0.5250779863068912,0.1188251814620924,0.0,0.0,0.0,0.1186782814307143,0.2851834259210385,0.0,0.0877974258822378,0.787129836689602,0.6410193716991602,0.0,0.0,0.5558686721404378,0.278852922816771,0.5983435509816694,0.1653584748040504,0.0,0.6507197584552482,0.5508811380808978,0.3924686476146957,0.2309456045529155,0.4872004461101064,0.0,0.3724068489066784,0.0,0.0,0.4774945517045024,0.2825965509714014,0.0,0.0,0.0,0.0,0.0,0.3656448725420517,0.0,0.0,0.0,0.0,0.486830471718485,0.4044896458067214,0.0,0.0,0.0,0.0,0.0,0.0,0.0,0.0581854198427388,0.0,0.029777673527744,0.0,0.0,0.0,0.5459940359694418,0.5503304175886617,0.3564855203014014,0.0,0.0,0.0,0.4722824638794967,0.0,0.0,0.2076961985494246,0.3324784597187716,0.0,0.0,0.0,0.0,0.0
0.0,0.0,0.658240768583861,0.2851190882801013,0.6115474771346119,0.3061172140388999,0.4925478923810169,0.3882488572477139,0.6366286341826395,0.0719079244576727,0.6715066078231018,0.0,0.3157468039739339,0.3238459774774141,0.0,0.0,0.0,0.0,0.0,0.0,0.0,0.0,0.3738094408411241,0.0,0.0,0.0,0.3625795579075814,0.2940193104403352,0.0,0.0,0.4322329499797812,0.0,0.0,0.4992885680637253,0.3443623158233057,0.0,0.0,0.0,0.0,0.0,0.0,0.0,0.215637561365096,0.0,0.0,0.0,0.0,0.6104574066972804,0.0,0.0,0.3481584601297777,0.0,0.2740764532351064,0.6877413877018139,0.0,0.6734920598742182,0.0,0.0,0.5331577825582395,0.0,0.0,0.0,0.0,0.6187939435816159,0.0,0.0,0.0,0.3083590799519863,0.0,0.0,0.0,0.3501733442327636,0.0,0.0,0.0,0.0
0.5293874721115956,0.671214289618699,0.0,0.0,0.6837944629365971,0.3589964494849664,0.6956117467098635,0.3418155655205161,0.7210438181184882,0.0,0.0,0.0,0.4838590466752411,0.0,0.2772463649483623,0.7101287899943837,0.6292999301319433,0.5558686721404378,0.0,0.0,0.3963076601308979,0.8376593871738066,0.3947635292939501,0.0,0.6392138033604549,0.6626649577354349,0.6069738938803567,0.5918992430228633,0.5890342805716028,0.6533315916245519,0.6632830485884436,0.0,0.0,0.60815975038545,0.4546078615253605,0.0,0.0,0.0,0.0,0.0,0.5077639319664555,0.0,0.0,0.0,0.0,0.0,0.6352512794745853,0.0,0.0,0.0,0.3989155453571289,0.0,0.257885606707521,0.0,0.0,0.0,0.0,0.0,0.0,0.2811878975494085,0.0,0.0,0.0,0.0,0.1416339255043334,0.2086085529022646,0.6166261081670643,0.4146635768144115,0.0,0.0,0.5598146055349138,0.5654829230855773,0.0,0.2333047905682272,0.0,0.0
0.5108098244001774,0.3326711490974966,0.0,0.0,0.0,0.3831828401085237,0.0,0.2848867812628105,0.0,0.0,0.0,0.0,0.4057776481113322,0.2894336741481972,0.6036908139143365,0.4167664012631231,0.0,0.278852922816771,0.0,0.3963076601308979,0.0,0.497153305135058,0.3938700077620435,0.0,0.2886485573481235,0.3561247077856706,0.4441873814290311,0.2973857580273067,0.5451395280404749,0.3388751178405662,0.3050109320655416,0.0,0.0,0.2503247008745405,0.1535840196240675,0.0,0.0,0.0,0.0,0.0,0.1676165881598481,0.0,0.0,0.0,0.0,0.4320263741783358,0.2720182307974599,0.0,0.0,0.0,0.2456357901266558,0.0,0.2785485564321998,0.0,0.0,0.0,0.0,0.0,0.0,0.4899159355079322,0.3892036728683046,0.0,0.0,0.0,0.0692921221318813,0.6723958637939813,0.4574968943096569,0.334890014234723,0.0,0.2336290029280154,0.3019394834487001,0.3257510846670952,0.0,0.2176572881146535,0.0,0.0
0.5696148304418418,0.7189054515368981,0.0,0.0,0.6887119272440777,0.4198957366648486,0.7173704248541231,0.2313325520403848,0.6806930680376847,0.1943374974245837,0.0,0.0,0.492622048476105,0.0,0.4384092128883148,0.779433554967986,0.5713406071542453,0.5983435509816694,0.0,0.8376593871738066,0.497153305135058,0.0,0.3430071368192748,0.0,0.615941358455345,0.5362179012456404,0.6941381414224214,0.5351485872360509,0.7097163333965496,0.6357665552949769,0.6015999464783873,0.0,0.0,0.5453410795567464,0.4495419899221146,0.0,0.0,0.0,0.0,0.0,0.491700368897077,0.0,0.0,0.0,0.0,0.5640352974990295,0.6180778502845505,0.0,0.0,0.0,0.3985589630776388,0.0,0.0,0.0,0.0,0.0,0.0,0.0,0.0,0.3903910528679118,0.5879079638518213,0.0,0.1541934704023901,0.0,0.058427615441412,0.2789271951216958,0.6421216462210326,0.403937514380968,0.0,0.3958182457728522,0.4020391439783054,0.6772449988812855,0.0,0.3514035881140535,0.0,0.0
0.2565475345664369,0.5335658151844043,0.3311498118318081,0.359600332289494,0.523786985329231,0.6492843813489719,0.4928111054947939,0.7753719748313874,0.4865128609893756,0.3801897053189487,0.4520089979389834,0.0,0.5542792263190833,0.5015677420984417,0.1751481493275556,0.3290181248864706,0.0,0.1653584748040504,0.3738094408411241,0.3947635292939501,0.3938700077620435,0.3430071368192748,0.0,0.0,0.564188106160624,0.5676279092808163,0.3660486304950404,0.4903308148579354,0.2079086032548417,0.3822106703987737,0.4752141314412877,0.0,0.0,0.4099744459282893,0.2779462825589414,0.0625987091457547,0.1211528905007899,0.0,0.0,0.0,0.3156700070844553,0.0,0.3437051239294839,0.0,0.0,0.0,0.5724032310993717,0.4139209427958845,0.0,0.3860563086172947,0.6464075317488092,0.2907581695687886,0.7317816332027887,0.3004743020804744,0.0,0.4907491671323063,0.0,0.1936682611756264,0.4291874920691549,0.2059731560633875,0.0,0.0,0.0,0.0152249660070512,0.0,0.1934547607934183,0.07663074662098,0.8263842304087912,0.0,0.0,0.5137477705073991,0.3659362670091565,0.0,0.0,0.0,0.0
0.0,0.0,0.0,0.0,0.0,0.0,0.0,0.1093366219930147,0.0,0.0,0.0,0.0,0.0,0.0,0.0,0.0,0.0,0.0,0.0,0.0,0.0,0.0,0.0,0.0,0.0,0.0570792947079824,0.0,0.0,0.0,0.0,0.0,0.5555683550511639,0.568157261088167,0.0,0.0,0.265190110166339,0.0,0.0298391034444777,0.5638319559386328,0.5391914922319124,0.0,0.0,0.0,0.0,0.1916624155644384,0.0,0.0,0.0,0.0,0.0,0.0,0.0,0.0,0.0,0.0,0.0,0.0,0.0,0.0,0.0,0.0,0.0,0.3538761734662157,0.0,0.0,0.0,0.0,0.0,0.7893696004863087,0.0953985531541791,0.2199196555855832,0.0,0.0,0.0,0.0,0.4760300600371358
0.4162313067337018,0.8589913251295129,0.0,0.0,0.5749199993588319,0.4582413500240778,0.7265618832560303,0.4099480811522835,0.0,0.4784515442199794,0.0,0.5523672587163668,0.5635181039889303,0.0,0.1181186811110565,0.6208255183264666,0.7178738532733902,0.6507197584552482,0.0,0.6392138033604549,0.2886485573481235,0.615941358455345,0.564188106160624,0.0,0.0,0.8303232829278409,0.4555135292314685,0.488390201316842,0.389249496640998,0.0,0.5558998944283534,0.0,0.0,0.4974930083790533,0.3746233884248751,0.0,0.0,0.6141266430407765,0.0,0.0,0.4542469715841565,0.0,0.0,0.0,0.0,0.4484014480422346,0.6957308276807165,0.0,0.0,0.0,0.0,0.0,0.0,0.0,0.5140512013400129,0.0,0.4963096531313708,0.0,0.0,0.0,0.3655937823523656,0.7356072635459827,0.2721884915734602,0.0,0.0,0.0083985093524405,0.4081904613281424,0.0,0.0,0.6476048331314244,0.664767486410837,0.0,0.0,0.0,0.0,0.0
0.4373838007998754,0.7898211556452016,0.0,0.0,0.0,0.4376874904390889,0.6836629741325921,0.5900491464128791,0.0,0.4168198008700619,0.0,0.6228782297976728,0.6147841705483403,0.0,0.173077892820788,0.5871319785386571,0.748435645067946,0.5508811380808978,0.0,0.6626649577354349,0.3561247077856706,0.5362179012456404,0.5676279092808163,0.0570792947079824,0.8303232829278409,0.0,0.3071288355192839,0.5479049971262271,0.2235798674678106,0.0,0.5515631014349469,0.0,0.0,0.4931787359292915,0.3626931712723363,0.0,0.0,0.6034345446180736,0.0,0.0,0.4607371802995313,0.0,0.0,0.0,0.3903686415190633,0.4392148683594712,0.6182312954180639,0.0,0.0,0.0,0.0,0.0,0.0,0.0,0.3863957897891737,0.0,0.5054733350302337,0.0,0.0,0.1715414316382347,0.2258497201883972,0.7729806963267088,0.1598811594109763,0.0,0.0,0.0677257552203555,0.4114334601649759,0.4527108128145063,0.0,0.5724402801927068,0.7993204981777042,0.2964161319503138,0.0,0.0,0.0,0.0
0.361133226550452,0.5131261297638336,0.2835920765435774,0.2099042928125016,0.5147782891109356,0.6442387759345249,0.496057511887186,0.1154037213665862,0.5408456133501454,0.0108198284911794,0.4493455260408315,0.0,0.4141440755853416,0.4243853968604564,0.4717521057687234,0.4392243395075102,0.0,0.3924686476146957,0.3625795579075814,0.6069738938803567,0.4441873814290311,0.6941381414224214,0.3660486304950404,0.0,0.4555135292314685,0.3071288355192839,0.0,0.3113354599387186,0.76077730228028,0.3330123371815832,0.3308606478510922,0.0,0.0,0.3142336069100144,0.1920071654069176,0.0,0.0213107745360057,0.0,0.0,0.0,0.2469681467207337,0.0,0.1760351714763874,0.0,0.0,0.0,0.5933381833429989,0.2886764977434246,0.0,0.0,0.4749684000761145,0.3909064756747175,0.0446582684341038,0.4043578548089582,0.0,0.4195460420590873,0.0,0.1548844838116757,0.4454980124222888,0.299098702012486,0.0,0.0,0.0,0.1886866657288511,0.2573987353233024,0.3183132771333939,0.4829394158958454,0.3564973450550343,0.0,0.0,0.3023763771810263,0.8545612054339884,0.0,0.5041867108890179,0.0,0.0
0.2656815323745128,0.6540987781162907,0.2141686686048116,0.533830679745816,0.6673755276043244,0.3990689502460032,0.7351610410659861,0.4980915673009302,0.6352098497173527,0.5847744216794156,0.709385894530273,0.8555689335203994,0.8018300630668903,0.7116269438179289,0.1714030310618948,0.5736061908199885,0.5086757359937024,0.2309456045529155,0.2940193104403352,0.5918992430228633,0.2973857580273067,0.5351485872360509,0.4903308148579354,0.0,0.488390201316842,0.5479049971262271,0.3113354599387186,0.0,0.3291587008729692,0.6223089571129086,0.7827734536942238,0.0,0.0,0.5947458002421279,0.4350977611743221,0.1127260219993414,0.4387433819218849,0.2845985524300118,0.0,0.0,0.4871465787770881,0.0,0.4578381379706049,0.0,0.0,0.0,0.0,0.0,0.0,0.0,0.4529295856264953,0.0,0.4237968172028689,0.0,0.0,0.0,0.0,0.0,0.0,0.1628952957410413,0.0,0.0,0.0,0.0,0.0,0.1235500189209319,0.0,0.5831044114846762,0.0,0.0,0.0,0.4016022612302069,0.0,0.0,0.0,0.0
0.3875977080510221,0.4923172199090871,0.0,0.0,0.4322220827022328,0.5608521095373323,0.456086705944799,0.0,0.3781327745407301,0.0,0.0,0.0,0.409759390852845,0.0,0.5227792160124153,0.5641280187439275,0.0,0.4872004461101064,0.0,0.5890342805716028,0.5451395280404749,0.7097163333965496,0.2079086032548417,0.0,0.389249496640998,0.2235798674678106,0.76077730228028,0.3291587008729692,0.0,0.4295455771239365,0.3000931138924925,0.0,0.0,0.3418918394383262,0.2197853339077092,0.0,0.0,0.0,0.0,0.0,0.2516212101000508,0.0,0.0,0.0,0.0,0.0,0.4713989625169219,0.0,0.0,0.0,0.3515938409244932,0.0,0.0,0.0,0.0,0.0,0.0,0.1445847912924227,0.0,0.3690473282657261,0.0,0.0,0.0,0.0,0.1943474184999696,0.4193104236655244,0.3986530775187049,0.2750325752100846,0.0,0.0,0.1819748543806323,0.663990847297199,0.0,0.5488054888659473,0.0,0.0
0.0,0.0,0.3413239944591316,0.0,0.0,0.3311935502332628,0.0,0.3911114070599836,0.6603403199059121,0.0,0.0,0.0,0.4762280026065299,0.0,0.0,0.7212807513966689,0.0,0.0,0.0,0.6533315916245519,0.3388751178405662,0.6357665552949769,0.3822106703987737,0.0,0.0,0.0,0.3330123371815832,0.6223089571129086,0.4295455771239365,0.0,0.7718476560672418,0.0,0.0,0.7118448690545988,0.4455869536925639,0.0,0.0,0.0,0.0,0.0,0.0,0.0,0.0,0.0,0.0,0.0,0.0,0.0,0.0,0.0,0.0,0.0,0.0,0.0,0.0,0.0,0.0,0.0,0.0,0.0,0.0,0.0,0.0,0.0,0.0,0.0,0.0,0.4779319825425369,0.0,0.0,0.0,0.4201292420111756,0.0,0.0,0.0,0.0
0.3889639084461416,0.5417999359465641,0.3719383233078849,0.0,0.8442829628558145,0.3446743392243838,0.8373835827661691,0.4771076857430213,0.7237156786228462,0.4223958470876204,0.7214007629889342,0.6885292120342545,0.5818448174268158,0.6643236346985857,0.16404787628398,0.7426374512849495,0.7526716503363505,0.3724068489066784,0.4322329499797812,0.6632830485884436,0.3050109320655416,0.6015999464783873,0.4752141314412877,0.0,0.5558998944283534,0.5515631014349469,0.3308606478510922,0.7827734536942238,0.3000931138924925,0.7718476560672418,0.0,0.0,0.0,0.9114685611746652,0.7332730907544373,0.0,0.1307131652034563,0.5974538447920962,0.0,0.0,0.7632649882170502,0.0,0.0,0.0,0.0,0.490876052365957,0.5754266384640269,0.0,0.0,0.0,0.5033626696045388,0.0,0.4750890728663194,0.0,0.4004925777271959,0.0,0.5952191524824415,0.0,0.0,0.0911183834024381,0.2202673194743231,0.0,0.0,0.0,0.0,0.0441641990642346,0.2177495924186286,0.5658737463713323,0.0,0.3283073563461585,0.4073169341572583,0.4402692916756427,0.0,0.023420129968827,0.0,0.0
0.0,0.0,0.0,0.0,0.0,0.0,0.0,0.0,0.0,0.0,0.0,0.0,0.0,0.0,0.0,0.0,0.0,0.0,0.0,0.0,0.0,0.0,0.0,0.5555683550511639,0.0,0.0,0.0,0.0,0.0,0.0,0.0,0.0,0.9008454227995374,0.0,0.0,0.0082078164139003,0.0,0.0,0.9543597454163696,0.8539339674546088,0.0,0.5488589131838688,0.0,0.0,0.032446259235472,0.0,0.0,0.0,0.0,0.0,0.0,0.0,0.0,0.0,0.0,0.0,0.0,0.0,0.0,0.0,0.0008251536383274,0.0,0.451643542329036,0.3138423418061222,0.5234268438175208,0.0,0.1108605291745624,0.0,0.760203216621414,0.0,0.0,0.0,0.6211654777218015,0.1542655814236047,0.0,0.761811898671583
0.0,0.0,0.0,0.0,0.0,0.0,0.0,0.0,0.0,0.0,0.0,0.0,0.0,0.0,0.0,0.0,0.0,0.0,0.0,0.0,0.0,0.0,0.0,0.568157261088167,0.0,0.0,0.0,0.0,0.0,0.0,0.0,0.9008454227995374,0.0,0.0,0.0,0.1455041504511652,0.0,0.0,0.9083132111476442,0.9679798865758352,0.0,0.5583351659029231,0.0,0.0,0.0,0.0,0.0,0.0,0.0,0.0,0.0,0.0,0.0,0.0,0.0,0.0,0.0,0.0,0.0,0.0,0.0054533694663798,0.0,0.4648559374798692,0.0,0.4781582601939468,0.0,0.0340021251376199,0.0,0.7669632877189632,0.0,0.0,0.0,0.0,0.109223482933313,0.0,0.7990561456979857
0.3803461096347131,0.5160981735198298,0.317099945532913,0.5744684417424932,0.8406178332473258,0.3638363436898747,0.779319768884212,0.422098524744614,0.6524354050360468,0.1364197604786023,0.6080199943499457,0.5021002651414611,0.4484489584869616,0.5489205110342444,0.1268418026033496,0.7754350389945077,0.7658979765630313,0.4774945517045024,0.4992885680637253,0.60815975038545,0.2503247008745405,0.5453410795567464,0.4099744459282893,0.0,0.4974930083790533,0.4931787359292915,0.3142336069100144,0.5947458002421279,0.3418918394383262,0.7118448690545988,0.9114685611746652,0.0,0.0,0.0,0.804595125482478,0.0,0.0,0.610529683753279,0.0,0.0,0.8470915037885053,0.0,0.5066269829429402,0.0,0.3760822643809647,0.4950874724710666,0.5661414176737773,0.0,0.0,0.0,0.4853291390892418,0.0,0.4335825002490265,0.0,0.1853660773746741,0.0,0.375300264250421,0.0,0.0,0.0485597782868558,0.2274558889737477,0.0,0.0,0.0,0.0,0.0,0.1754174681188077,0.4862237985390411,0.0,0.2599622996137226,0.3749494638679175,0.3708561144627365,0.0,0.0816829919567556,0.0,0.0
0.2643817859531237,0.3616737304113614,0.2205873985978391,0.3268224875341989,0.5382168113905199,0.2259359607971842,0.597316155948234,0.3190601949450795,0.5160726269783302,0.2938692816348234,0.3890898397887478,0.417398068644049,0.3077993110766404,0.0,0.0926699517913279,0.5441967101645753,0.5723952208096772,0.2825965509714014,0.3443623158233057,0.4546078615253605,0.1535840196240675,0.4495419899221146,0.2779462825589414,0.0,0.3746233884248751,0.3626931712723363,0.1920071654069176,0.4350977611743221,0.2197853339077092,0.4455869536925639,0.7332730907544373,0.0,0.0,0.804595125482478,0.0,0.0,0.0,0.4210702828524106,0.0,0.0,0.687227289317328,0.0,0.4557050000208926,0.0,0.1926291367390018,0.0,0.3618455231018389,0.0,0.0,0.0,0.0,0.0,0.0,0.0,0.0,0.0,0.4443241218894873,0.0,0.0,0.0526069382582534,0.1833672888177041,0.0,0.0,0.0,0.0,0.0,0.1693017674246978,0.3573252871463008,0.0,0.1487280700018565,0.2828567241844745,0.2975089354178188,0.0,0.1031838930293211,0.0,0.0
0.0,0.0,0.0,0.0,0.0,0.1083730307521282,0.0,0.0918595963649984,0.0,0.2078651295044702,0.0,0.2043003780109873,0.0762285251089935,0.3129636570844537,0.0,0.0,0.0,0.0,0.0,0.0,0.0,0.0,0.0625987091457547,0.265190110166339,0.0,0.0,0.0,0.1127260219993414,0.0,0.0,0.0,0.0082078164139003,0.1455041504511652,0.0,0.0,0.0,0.4929157957250782,0.0,0.0864930376625222,0.1199337679837143,0.0,0.2101497947964376,0.2069194089718879,0.5950593245444824,0.0,0.0,0.0,0.0,0.0,0.0,0.0172209298665796,0.0,0.0,0.0,0.0,0.0,0.3072821713530637,0.0423860990723041,0.0,0.0,0.0,0.0,0.0,0.0,0.0,0.0,0.0,0.0562309921861553,0.0,0.0,0.0,0.0,0.0,0.0,0.0,0.0
0.0,0.0,0.0,0.0266648928932933,0.0,0.1024193051366981,0.0409233454675452,0.1002109213645521,0.0519096549661809,0.5593859676259754,0.0999433804893084,0.4655426886678895,0.382556099439774,0.3700669613157342,0.0,0.0,0.0,0.0,0.0,0.0,0.0,0.0,0.1211528905007899,0.0,0.0,0.0,0.0213107745360057,0.4387433819218849,0.0,0.0,0.1307131652034563,0.0,0.0,0.0,0.0,0.4929157957250782,0.0,0.0,0.0,0.0,0.0,0.0,0.0,0.0,0.0,0.0,0.0,0.0,0.0,0.0,0.0,0.0,0.0,0.0,0.0,0.0,0.0,0.0,0.0,0.0,0.0,0.0,0.0,0.0,0.0,0.0,0.0,0.0,0.0,0.0,0.0,0.0,0.0,0.0,0.0,0.0
0.0,0.0,0.0,0.0,0.6099619075458653,0.0,0.6302062773745762,0.0,0.450496230703991,0.2679539601509498,0.4191916837156471,0.3698048638854208,0.2774292601764128,0.0,0.0,0.0,0.8086164290238749,0.0,0.0,0.0,0.0,0.0,0.0,0.0298391034444777,0.6141266430407765,0.6034345446180736,0.0,0.2845985524300118,0.0,0.0,0.5974538447920962,0.0,0.0,0.610529683753279,0.4210702828524106,0.0,0.0,0.0,0.0,0.0,0.5637423298450938,0.0,0.0,0.0,0.7378858431267931,0.0,0.0,0.0,0.0,0.0,0.0,0.0,0.0,0.0,0.3658151047228635,0.0,0.2662595796333456,0.0,0.0,0.0,0.0,0.0,0.0,0.0,0.0,0.0,0.0,0.0,0.0,0.0,0.5662106353466738,0.0,0.0,0.0,0.0,0.0
0.0,0.0,0.0,0.0,0.0,0.0,0.0,0.0,0.0,0.0,0.0,0.0,0.0,0.0,0.0,0.0,0.0,0.0,0.0,0.0,0.0,0.0,0.0,0.5638319559386328,0.0,0.0,0.0,0.0,0.0,0.0,0.0,0.9543597454163696,0.9083132111476442,0.0,0.0,0.0864930376625222,0.0,0.0,0.0,0.9009332795888286,0.0,0.5899533981447713,0.0,0.0066122945911753,0.0,0.0,0.0,0.0,0.0,0.0,0.0,0.0,0.0,0.0,0.0,0.0,0.0,0.0,0.0,0.0,0.0,0.0,0.4022169515915011,0.2555510103003052,0.46211972117513,0.0,0.0199988639357718,0.0,0.8055791078346117,0.0,0.0,0.0,0.6067463215231824,0.0787492799793011,0.7074249946605233,0.8535601524461283
0.0,0.0,0.0,0.0,0.0,0.0,0.0,0.0,0.0,0.0,0.0,0.0,0.0,0.0,0.0,0.0,0.0,0.0,0.0,0.0,0.0,0.0,0.0,0.5391914922319124,0.0,0.0,0.0,0.0,0.0,0.0,0.0,0.8539339674546088,0.9679798865758352,0.0,0.0,0.1199337679837143,0.0,0.0,0.9009332795888286,0.0,0.0,0.5184338080768881,0.0,0.0,0.0,0.0,0.0,0.0,0.0,0.0,0.0,0.0,0.0,0.0,0.0,0.0,0.0,0.0,0.0,0.000572095463534,0.0365097032809858,0.0,0.4031332937875983,0.0,0.4430210948795332,0.0210140759226413,0.0081411909565278,0.0,0.7572888097801384,0.0,0.0,0.0,0.4939305597819686,0.0886837342225728,0.6395632195334873,0.8241195305097564
0.3213161203910966,0.4281023268556906,0.0,0.0,0.0,0.2986504487679003,0.0,0.3036664005491241,0.0,0.1331502672387391,0.0,0.4777655898669588,0.0,0.0,0.122804247354627,0.6008789565980946,0.7255420544997004,0.3656448725420517,0.0,0.5077639319664555,0.1676165881598481,0.491700368897077,0.3156700070844553,0.0,0.4542469715841565,0.4607371802995313,0.2469681467207337,0.4871465787770881,0.2516212101000508,0.0,0.7632649882170502,0.0,0.0,0.8470915037885053,0.687227289317328,0.0,0.0,0.5637423298450938,0.0,0.0,0.0,0.0,0.4924452640248977,0.0,0.4297068909281464,0.4793803001437643,0.4422472390260991,0.3477869249192285,0.7778662124780905,0.6809961988002705,0.490778579797526,0.7147374614325329,0.3388046405632138,0.5778171429425631,0.1869936953700789,0.6093915255996688,0.3431709732009551,0.3061618053693877,0.6228054943010802,0.0125498691573328,0.2450942550655391,0.7202121262591775,0.0,0.0868902420857101,0.0,0.0,0.2396974315222231,0.3807761050843987,0.0,0.2243684363237731,0.345531845740369,0.3937634530166128,0.0,0.1868350952724746,0.0,0.0
0.0,0.0,0.0,0.0,0.0,0.0,0.0,0.0,0.0,0.0,0.0,0.0,0.0,0.0,0.0,0.0,0.0,0.0,0.0,0.0,0.0,0.0,0.0,0.0,0.0,0.0,0.0,0.0,0.0,0.0,0.0,0.5488589131838688,0.5583351659029231,0.0,0.0,0.2101497947964376,0.0,0.0,0.5899533981447713,0.5184338080768881,0.0,0.0,0.0114353127675586,0.3297999570108195,0.0,0.0,0.0,0.0,0.0,0.0,0.0,0.0,0.0,0.0,0.0,0.0,0.0,0.1731178866957292,0.0,0.0,0.0,0.0,0.2847173151644815,0.3012080256812176,0.322098572475929,0.0,0.0362544145145375,0.0,0.4802104032723757,0.0,0.0,0.0,0.3648981386985929,0.1652434471276581,0.409783941438018,0.4356240124588277
0.0,0.0,0.2069708543092787,0.0,0.4509013266632243,0.2890257065433763,0.0,0.4110171953044169,0.4295065323795545,0.0,0.341403082065092,0.0,0.3384092514427673,0.5223106383845502,0.0,0.0,0.0,0.0,0.215637561365096,0.0,0.0,0.0,0.3437051239294839,0.0,0.0,0.0,0.1760351714763874,0.4578381379706049,0.0,0.0,0.0,0.0,0.0,0.5066269829429402,0.4557050000208926,0.2069194089718879,0.0,0.0,0.0,0.0,0.4924452640248977,0.0114353127675586,0.0,0.4843319025560613,0.1098843248271999,0.0,0.0,0.2686563660439057,0.6410073748792137,0.6363287729793138,0.4425867725227654,0.5513569820961132,0.4066120010512247,0.3799960362413832,0.362557625968083,0.4946157484334153,0.5663946664008221,0.3610059228609444,0.6462429799287182,0.0,0.0,0.5585944979457462,0.0,0.0634611353848597,0.0,0.0,0.0746754972037457,0.3727199313191048,0.0,0.2865098387032125,0.3429742644650754,0.3245805816051506,0.0,0.0083110654734778,0.0,0.0
0.0,0.0,0.0,0.0,0.0,0.0,0.0,0.0,0.0,0.0,0.0,0.0,0.0,0.0,0.0,0.0,0.0,0.0,0.0,0.0,0.0,0.0,0.0,0.0,0.0,0.0,0.0,0.0,0.0,0.0,0.0,0.0,0.0,0.0,0.0,0.5950593245444824,0.0,0.0,0.0066122945911753,0.0,0.0,0.3297999570108195,0.4843319025560613,0.0,0.0,0.0,0.0,0.0,0.0,0.0,0.0417876450000261,0.0,0.0,0.0,0.4007942878877292,0.0,0.5004924595797569,0.1027886593724388,0.0,0.0,0.0,0.0,0.0,0.0,0.0,0.0,0.0,0.0474670200772521,0.0,0.0,0.0,0.0,0.0,0.0,0.0,0.0
0.0,0.0,0.0,0.0,0.0,0.0,0.0,0.0,0.0,0.0,0.0,0.0,0.0,0.0,0.0,0.0,0.0,0.0,0.0,0.0,0.0,0.0,0.0,0.1916624155644384,0.0,0.3903686415190633,0.0,0.0,0.0,0.0,0.0,0.032446259235472,0.0,0.3760822643809647,0.1926291367390018,0.0,0.0,0.7378858431267931,0.0,0.0,0.4297068909281464,0.0,0.1098843248271999,0.0,0.0,0.4822387871332499,0.0,0.0,0.0,0.0,0.0,0.5067667662984587,0.0,0.4924031483276968,0.1859402830331897,0.3116133295076627,0.0,0.2842938957825561,0.0,0.0,0.0,0.6273975920617277,0.0,0.0,0.0,0.0,0.0,0.0,0.2903609710496977,0.3009007652704679,0.5171934359193405,0.0,0.4158936162541961,0.0,0.0,0.0586950299678124
0.8203362390970336,0.3347062338634421,0.0,0.0,0.0,0.0,0.0,0.0,0.0,0.0,0.0,0.0,0.0,0.0,0.0,0.6255770792363563,0.0,0.486830471718485,0.0,0.0,0.4320263741783358,0.5640352974990295,0.0,0.0,0.4484014480422346,0.4392148683594712,0.0,0.0,0.0,0.0,0.490876052365957,0.0,0.0,0.4950874724710666,0.0,0.0,0.0,0.0,0.0,0.0,0.4793803001437643,0.0,0.0,0.0,0.4822387871332499,0.0,0.3490844692435543,0.0,0.0,0.0,0.2424005274546648,0.0,0.3262426998797105,0.0,0.0927170812616764,0.0,0.0875095619832006,0.0893610776362789,0.0,0.3124990596113185,0.5816873216489533,0.0,0.276639371757249,0.0,0.1274409845997315,0.3140638551722543,0.5246442622740982,0.3595267472165343,0.0,0.309769353348711,0.5048382720533994,0.3242548849944081,0.0403683538867788,0.2649749286238275,0.0,0.0
0.2873746012880092,0.770904756844709,0.0,0.0,0.0,0.0,0.0,0.0,0.0,0.0,0.0,0.0,0.0,0.0,0.2541661734121903,0.5214952542175112,0.0,0.4044896458067214,0.0,0.6352512794745853,0.2720182307974599,0.6180778502845505,0.5724032310993717,0.0,0.6957308276807165,0.6182312954180639,0.5933381833429989,0.0,0.4713989625169219,0.0,0.5754266384640269,0.0,0.0,0.5661414176737773,0.3618455231018389,0.0,0.0,0.0,0.0,0.0,0.4422472390260991,0.0,0.0,0.0,0.0,0.3490844692435543,0.0,0.0,0.0,0.0,0.7725847293240108,0.5037046600207973,0.4806555342756826,0.3439235217516446,0.3794486211077663,0.0,0.0,0.2689265453628409,0.0,0.1867244766142472,0.3759897540364454,0.587876145822934,0.0,0.0,0.0,0.2184575853484697,0.2129590165618486,0.6780408303843217,0.0,0.7376498802603901,0.661573751234361,0.6488122272523652,0.0,0.2188947545963007,0.0,0.0
0.0,0.0,0.8053798814217089,0.0,0.50594947919054,0.1933024938656545,0.0,0.2762593299894673,0.5428543581317812,0.0,0.5395512628088549,0.0,0.2111136452198877,0.2359161216761274,0.0,0.0,0.0,0.0,0.6104574066972804,0.0,0.0,0.0,0.4139209427958845,0.0,0.0,0.0,0.2886764977434246,0.0,0.0,0.0,0.0,0.0,0.0,0.0,0.0,0.0,0.0,0.0,0.0,0.0,0.3477869249192285,0.0,0.2686563660439057,0.0,0.0,0.0,0.0,0.0,0.4137149003271894,0.6278478943316964,0.3370841315803671,0.4747558926424147,0.3526352696963941,0.6808728106224405,0.0,0.5625224962819961,0.0,0.2581761811083586,0.4432059965012859,0.0,0.0,0.0,0.0,0.5528645220542525,0.0,0.0,0.0,0.4244764248017757,0.0,0.0,0.0,0.3470190305146261,0.1524273175815182,0.1790166627658702,0.0248404971206356,0.0
0.0,0.0,0.0,0.0,0.0,0.0,0.0,0.0,0.0,0.0,0.0,0.0,0.0,0.0,0.0,0.0,0.0,0.0,0.0,0.0,0.0,0.0,0.0,0.0,0.0,0.0,0.0,0.0,0.0,0.0,0.0,0.0,0.0,0.0,0.0,0.0,0.0,0.0,0.0,0.0,0.7778662124780905,0.0,0.6410073748792137,0.0,0.0,0.0,0.0,0.4137149003271894,0.0,0.8013348313623541,0.5958735829552103,0.7601765292791869,0.4859307676268245,0.6360306105656132,0.0,0.7273921587451181,0.0,0.4098731270831536,0.8660710621678737,0.0,0.0,0.0,0.0,0.116587526770558,0.0,0.0,0.0,0.552029386598996,0.0,0.0,0.0,0.4720711107112504,0.0,0.0,0.0,0.0
0.0,0.0,0.5789381717176919,0.0,0.0,0.0,0.0,0.3971955496218238,0.0,0.0,0.6859461229711554,0.0,0.0,0.0,0.0,0.0,0.0,0.0,0.0,0.0,0.0,0.0,0.3860563086172947,0.0,0.0,0.0,0.0,0.0,0.0,0.0,0.0,0.0,0.0,0.0,0.0,0.0,0.0,0.0,0.0,0.0,0.6809961988002705,0.0,0.6363287729793138,0.0,0.0,0.0,0.0,0.6278478943316964,0.8013348313623541,0.0,0.5505283681574393,0.8762770795581417,0.3979538023540463,0.8402859286511677,0.196254004765873,0.8741718312375005,0.2965818879834477,0.4859917764450446,0.8851333192190972,0.0,0.0,0.0,0.0,0.3340181389406432,0.0,0.0,0.0,0.4303706950262893,0.0,0.0,0.0,0.5223087483890805,0.0,0.0,0.0,0.0
0.0,0.0,0.2561897897421082,0.0,0.0,0.639777816104216,0.5597260410502005,0.4738597786110274,0.4959876709134099,0.0,0.4344075889623111,0.0,0.5321720000612558,0.0,0.2327063699502271,0.0,0.0,0.0,0.3481584601297777,0.3989155453571289,0.2456357901266558,0.3985589630776388,0.6464075317488092,0.0,0.0,0.0,0.4749684000761145,0.4529295856264953,0.3515938409244932,0.0,0.5033626696045388,0.0,0.0,0.4853291390892418,0.0,0.0172209298665796,0.0,0.0,0.0,0.0,0.490778579797526,0.0,0.4425867725227654,0.0417876450000261,0.0,0.2424005274546648,0.7725847293240108,0.3370841315803671,0.5958735829552103,0.5505283681574393,0.0,0.5408538180062186,0.5728995592694114,0.3978191492365023,0.2543950879874032,0.548613539395061,0.0,0.5547201388158862,0.5968821572209663,0.1508166577047159,0.0974744703826372,0.5142504378879089,0.0,0.0545779972588296,0.0,0.168787992976291,0.0941894363172983,0.7409686034184448,0.0,0.5944207369535833,0.5548775085614375,0.601937218649697,0.0,0.3164063068086243,0.0,0.0
0.0,0.0,0.0,0.0,0.0,0.3079447439046693,0.0,0.2503825306692111,0.0,0.0,0.4325652501695271,0.0,0.0,0.0,0.0,0.0,0.0,0.0,0.0,0.0,0.0,0.0,0.2907581695687886,0.0,0.0,0.0,0.3909064756747175,0.0,0.0,0.0,0.0,0.0,0.0,0.0,0.0,0.0,0.0,0.0,0.0,0.0,0.7147374614325329,0.0,0.5513569820961132,0.0,0.5067667662984587,0.0,0.5037046600207973,0.4747558926424147,0.7601765292791869,0.8762770795581417,0.5408538180062186,0.0,0.3103949661363659,0.7590019685779145,0.3338016275112176,0.7119644183056127,0.2656714787290518,0.659465144754644,0.7309636452695877,0.0,0.3540331091784373,0.8158779943321365,0.2368093161642794,0.3337494240024803,0.1167672075281911,0.0,0.3459606256360636,0.3526252132725422,0.0,0.356156120082698,0.4026537723789288,0.4875521215207194,0.1108642813919565,0.4072680294619542,0.0,0.0
