0.0,0.5904918962226487,0.0,0.0,0.0,0.3112971550525791,0.0,0.0,0.0,0.4814576984156343,0.0,0.0521408472339189,0.0,0.0,0.1540129393458661,0.608965543824552,0.4608588043684952,0.6649224962606533,0.0,0.0218819695720247,0.5280845293072789,0.3147569326758407,0.0554258788112542,0.447075531914548,0.7339674544861751,0.5007987553224291,0.1951469293894145,0.1242455825840047,0.3376012022356568,0.0,0.2210902368444202,0.0,0.0,0.0308363950394232,0.0,0.0,0.0,0.2287758775739983,0.0508397733882203,0.2383409648872025,0.0543372031870916,0.0,0.0,0.0,0.0,0.9347311071656528,0.6137131777066285,0.0,0.0,0.0,0.0,0.0,0.0,0.0,0.6125361024030992,0.0,0.0,0.0,0.0,0.0,0.7230904341866504,0.0,0.7372697149587529,0.0,0.0,0.4721955645079417,0.4587851275913349,0.0,0.4878431777083953,0.6965872388309886,0.6741000354451834,0.0,0.0,0.0,0.0,0.6165667703478214
0.5904918962226487,0.0,0.0,0.0,0.042371064266778,0.3854754441536498,0.5167615998802937,0.0,0.0,0.0,0.0,0.0,0.4253114264200471,0.0,0.0,0.5977058399198241,0.669346107580286,0.8297836664147787,0.0,0.0,0.3785069843450727,0.2247087562969131,0.009149974090766,0.0,0.8656134033417647,0.6510324294194397,0.0,0.2911637646633137,0.3867063289017023,0.0,0.0001496074451218,0.0,0.0,0.0,0.0,0.0,0.0,0.0,0.0020464319543678,0.1354103635002683,0.0,0.0,0.0,0.0,0.0,0.5836038008026488,0.7439362401120649,0.0,0.0,0.0,0.5323604380114442,0.0,0.0,0.0,0.0,0.0,0.0,0.0,0.0,0.0,0.5161621567141881,0.0,0.6259042064715638,0.0,0.0,0.248913568115711,0.105495389725107,0.3129540720745145,0.0,0.5762724736731115,0.6491461024195312,0.0,0.0,0.3007253929346861,0.0,0.2886300794193339
0.0,0.0,0.0,0.0,0.0961792754932531,0.2292450364460023,0.0,0.1133109846337622,0.8316276626937833,0.1426742410259012,0.8179428991396608,0.2692949123167965,0.0,0.0,0.0,0.0,0.0,0.0,0.770620915323117,0.0,0.0,0.0,0.3395832604599023,0.0,0.0,0.0,0.7085587063618841,0.335205345009955,0.0,0.0,0.4100355355058345,0.0,0.0,0.1821665810247462,0.0,0.0,0.1577870921428893,0.0,0.0,0.0,0.0485885120200364,0.0,0.0,0.0,0.0,0.0,0.0,0.781654983097682,0.0,0.3506845107207924,0.1303962849394319,0.0913014609005822,0.0882696657421637,0.839144287256187,0.0,0.8114139355035886,0.0,0.0,0.0,0.0,0.0,0.0,0.0,0.7604513967923131,0.0,0.0,0.0,0.2943237203387276,0.0,0.0,0.0,0.6879818559691486,0.3970610503652457,0.0,0.0,0.0
0.0,0.0,0.0,0.0,0.2009021097086283,0.0,0.3510074344925626,0.0,0.0,0.0182167812161937,0.0,0.0,0.1312094039279269,0.135452242007502,0.0,0.0,0.0,0.0,0.0,0.0,0.0,0.0,0.0,0.0,0.0,0.0,0.0,0.0,0.1149875128712271,0.0,0.0,0.1379427000092084,0.0,0.0,0.0,0.1860184663918382,0.0,0.0562752407775413,0.0,0.0,0.0,0.0,0.0,0.0,0.0,0.0,0.0,0.0,0.0,0.0,0.0,0.0,0.0,0.0,0.0,0.0,0.0,0.0,0.0,0.0,0.0,0.0,0.0,0.0,0.0,0.0,0.0,0.0,0.0,0.0,0.0,0.0,0.0,0.0,0.0,0.0
0.0,0.042371064266778,0.0961792754932531,0.2009021097086283,0.0,0.0,0.655082262540543,0.4381062560481475,0.3148335314512336,0.2610648425356001,0.4643267594644357,0.0320594617176828,0.2567380742639719,0.322791485110803,0.0,0.130635762297943,0.0,0.0,0.0,0.0,0.0,0.0,0.2687904471975639,0.0,0.0,0.1034657737073019,0.0,0.0,0.1815633361608956,0.0,0.1054863668337165,0.2628079036963802,0.2669065313579793,0.0372394368497046,0.1663415432997673,0.0733889558354512,0.0,0.0012207915566399,0.2203646741553412,0.0,0.0,0.0,0.3014269202982815,0.0,0.0,0.0,0.0,0.0,0.0,0.0,0.0205247799146291,0.0,0.1069050877328142,0.2227179272992148,0.0,0.0,0.0,0.0,0.0,0.0,0.0,0.0,0.0,0.0,0.0,0.0,0.0,0.0246133416205783,0.0,0.0,0.0,0.0,0.0,0.0,0.0,0.0
0.3112971550525791,0.3854754441536498,0.2292450364460023,0.0,0.0,0.0,0.0,0.4634618266289276,0.4032644357373641,0.26169746431519,0.1793016847680759,0.578402131427756,0.3766456692535819,0.0,0.0819155464886387,0.0666082519735085,0.3467958031369266,0.3204359657931856,0.2467826771069864,0.2329056624540759,0.3342327781257396,0.2386467911018762,0.7017756561111449,0.0,0.2443551984209517,0.5525135270810767,0.4307458144510571,0.2615276057951596,0.4589424138565756,0.0734137283249537,0.0877809091878862,0.0,0.0476061964799426,0.1409045416017072,0.0,0.0705839302852115,0.152460001347091,0.0,0.0,0.0,0.0,0.0,0.0893538741792385,0.0,0.0,0.0,0.5517539058052876,0.3987856005992953,0.0,0.4189788169190971,0.6532180523821491,0.3466722306047619,0.7303547663012646,0.4503067754833027,0.0,0.3859247696305315,0.0,0.592422730754507,0.0,0.156805357861146,0.0,0.0,0.0,0.2268009606386002,0.2189178007638053,0.1136268452323241,0.3679381719983823,0.7031910531615793,0.0,0.0,0.5728115424275616,0.3808479074013407,0.3355163388897845,0.0143447697681725,0.1512713195116999,0.0106601213615563
0.0,0.5167615998802937,0.0,0.3510074344925626,0.655082262540543,0.0,0.0,0.1421704335393054,0.0,0.5852285008795216,0.0,0.0,0.5483641164941386,0.0886494164386759,0.0,0.4603012760615335,0.5108969141937448,0.5339028942217431,0.0,0.0,0.0,0.0159034737628611,0.0274658025814997,0.1244293988517145,0.4900452505958644,0.2744797052113907,0.0,0.1971658053287652,0.3353686410218616,0.0,0.0922963612235634,0.1783883766656718,0.0946485545783481,0.0,0.0489878695719469,0.0274137053283025,0.0,0.3080436571783422,0.1670264546898225,0.0,0.1043792164080375,0.0,0.203254389442916,0.0,0.0,0.0,0.0,0.0,0.0,0.0,0.3095621119693805,0.0,0.0129396404579231,0.0,0.0,0.0,0.0,0.0,0.0,0.0,0.0,0.0,0.0,0.0,0.0,0.0,0.0,0.0492699293846949,0.0,0.0,0.0,0.0,0.0,0.0,0.0,0.0
0.0,0.0,0.1133109846337622,0.0,0.4381062560481475,0.4634618266289276,0.1421704335393054,0.0,0.2928304656061674,0.0750457324829389,0.4275438562039327,0.5665359468089116,0.3297747354111715,0.2296365491660423,0.0,0.0,0.0,0.0,0.2282249930817887,0.0,0.299315172408498,0.0,0.7796363821607356,0.414643768246874,0.0,0.3162208285280452,0.0328643824638233,0.0,0.2815035082486042,0.1796816263091373,0.0523920881923905,0.1315125549640234,0.4226786777935183,0.299994676150279,0.2204614854967759,0.3298473880229295,0.1609334136781567,0.0,0.1629233918818309,0.0,0.1205906841104845,0.0,0.4656074628089299,0.0,0.0,0.0,0.0,0.0,0.0,0.3766275047952822,0.2452326160596521,0.2628679201767935,0.7070301598514476,0.3436292138592418,0.0,0.1306920145566237,0.0,0.5164808883146592,0.3228399337271985,0.0,0.0,0.0,0.0,0.0991028987108589,0.0,0.2568999810030853,0.0,0.46311891820847,0.0,0.0,0.0,0.0605842013613944,0.4295685831669433,0.0,0.0,0.0
0.0,0.0,0.8316276626937833,0.0,0.3148335314512336,0.4032644357373641,0.0,0.2928304656061674,0.0,0.1421534230317827,0.8388593691303574,0.4055079979690806,0.0,0.0,0.0,0.0,0.0,0.1140028111743384,0.6758956590939557,0.6847689901501832,0.0,0.5801562378798879,0.4987338276468139,0.2255868459307994,0.0,0.1253156470783623,0.7030064582443207,0.3464070984879803,0.1004287329501053,0.5407286967577283,0.3920085092836289,0.0,0.051164919374848,0.1815821145035734,0.0,0.0,0.1427399515540857,0.0,0.0,0.0,0.0296317820183693,0.0,0.0,0.0,0.0,0.0,0.0,0.6497722075836156,0.0,0.5916960470272764,0.1449252190782637,0.2339728727193301,0.3124087343520375,0.924091903958806,0.0,0.7985868323927503,0.0,0.0261083782566612,0.0,0.0,0.0,0.0,0.0,0.5870313123277255,0.0,0.0,0.0,0.4195344190723556,0.0,0.0,0.0,0.6493098046811904,0.464504576593114,0.0,0.0,0.0
0.4814576984156343,0.0,0.1426742410259012,0.0182167812161937,0.2610648425356001,0.26169746431519,0.5852285008795216,0.0750457324829389,0.1421534230317827,0.0,0.0791684603841737,0.3096477473133338,0.2067333381081947,0.0,0.0,0.628474935625966,0.7160860876784417,0.6564417766027633,0.0,0.0063228766991784,0.0,0.3989599028875671,0.1232675317503251,0.3590154484970349,0.801220532725113,0.3507293489755022,0.1275589558057528,0.2092844725841281,0.3380708494635294,0.0,0.3395617186564377,0.0,0.0,0.0,0.0,0.0,0.0,0.3163552182885087,0.0,0.1097390604321555,0.0537350035104905,0.0,0.0,0.0,0.2164801823978221,0.4948365932754469,0.0,0.0,0.0,0.0,0.0,0.0,0.0,0.0,0.7167969426199017,0.0,0.0,0.2661699121713521,0.0,0.0,0.0,0.4444815061766892,0.4776122756180927,0.0,0.0,0.0,0.0,0.0,0.4156839853428821,0.4434787586374504,0.4166865004274261,0.0,0.2961459607536119,0.0,0.0,0.5243894092611942
0.0,0.0,0.8179428991396608,0.0,0.4643267594644357,0.1793016847680759,0.0,0.4275438562039327,0.8388593691303574,0.0791684603841737,0.0,0.3615168027530176,0.0,0.1298438147093605,0.0,0.0,0.0,0.0,0.6698486501793928,0.0,0.0,0.0,0.4961511343720738,0.1299427982971926,0.0,0.0,0.5026918469766383,0.1539956021849819,0.0,0.0,0.4093442412681113,0.0853196622675564,0.1854533235545555,0.2814920774571058,0.0,0.041424159105603,0.1525948811283888,0.0,0.0041599595574529,0.0,0.0,0.0,0.0025802352749674,0.0,0.0,0.0,0.0,0.4208034754603361,0.0,0.4303269848838804,0.0222441909387721,0.0871264689093809,0.2444774780262348,0.8045375684262944,0.0,0.7151157175465946,0.0,0.0176253331249645,0.0,0.0,0.0,0.0,0.0,0.5912519578183353,0.0,0.0,0.0,0.2397395409421572,0.0,0.0,0.0,0.5002358933723831,0.4817890240574433,0.0,0.0,0.0
0.0521408472339189,0.0,0.2692949123167965,0.0,0.0320594617176828,0.578402131427756,0.0,0.5665359468089116,0.4055079979690806,0.3096477473133338,0.3615168027530176,0.0,0.3587835949355592,0.0,0.0,0.0,0.0,0.1276882554985131,0.3036614523318112,0.0,0.1760122915259306,0.0,0.594073552311943,0.3136715091523865,0.0467516961671839,0.314627526179299,0.3504244688526983,0.3913856881781714,0.0,0.0,0.3653903847484334,0.0,0.2770035452273671,0.3948126335400714,0.0015511096538638,0.333602489411925,0.3349236198330042,0.0,0.0,0.2882735769330608,0.0,0.0,0.1788604486279808,0.0,0.0,0.0,0.0,0.0,0.0,0.0,0.0,0.0,0.0,0.0,0.3705130406659048,0.0,0.7607631833893042,0.3545814997489717,0.0,0.0,0.0,0.0944319584416575,0.0,0.0,0.0,0.0,0.0,0.0,0.0778166555610791,0.0336280755166279,0.2700505763015132,0.0,0.2669154078913185,0.0,0.0,0.0
0.0,0.4253114264200471,0.0,0.1312094039279269,0.2567380742639719,0.3766456692535819,0.5483641164941386,0.3297747354111715,0.0,0.2067333381081947,0.0,0.3587835949355592,0.0,0.1704399289841507,0.0,0.1004378606364125,0.3018527826209616,0.3240244344659446,0.0,0.0,0.2089235129862098,0.0263097667976547,0.3252409679039181,0.2703176111091225,0.2259011883596572,0.5110450001029568,0.0,0.4770788354854255,0.5248828218547514,0.0,0.0,0.1437140126298231,0.2548198203212607,0.069956942751649,0.1336416672202554,0.4403193863414128,0.2972232782000607,0.0,0.0,0.2220779244733627,0.0,0.0,0.396831304916455,0.0,0.0,0.0,0.0,0.0,0.0,0.0,0.3104080926827895,0.4035212883851962,0.2791957893264357,0.0,0.0,0.0,0.497534502000595,0.0,0.0,0.0,0.0,0.0,0.0,0.0,0.0,0.0,0.0,0.1683905816873436,0.0,0.0,0.3623135402796011,0.0,0.0,0.118966429372362,0.0,0.0
0.0,0.0,0.0,0.135452242007502,0.322791485110803,0.0,0.0886494164386759,0.2296365491660423,0.0,0.0,0.1298438147093605,0.0,0.1704399289841507,0.0,0.0,0.0,0.0,0.0,0.0,0.0,0.0,0.0,0.0,0.0,0.0,0.0,0.0,0.0,0.0,0.0,0.0,0.4169142330121508,0.0,0.1789530877479885,0.0,0.434360406119482,0.2042647598245229,0.0,0.3118834395335406,0.0,0.0,0.0,0.3656291657953946,0.0,0.0,0.0,0.0,0.0,0.0,0.0,0.0,0.0,0.0,0.0,0.0,0.0,0.0,0.0,0.0,0.0,0.0,0.0,0.0,0.0,0.0,0.0,0.0,0.0,0.0,0.0,0.0,0.0,0.0,0.0,0.0,0.0
0.1540129393458661,0.0,0.0,0.0,0.0,0.0819155464886387,0.0,0.0,0.0,0.0,0.0,0.0,0.0,0.0,0.0,0.2941049858443251,0.0,0.2604910308076735,0.0,0.818621573757206,0.2055229707441415,0.7957919124975451,0.0614920313162627,0.0,0.17534225106071,0.0114257756757964,0.6684860537675632,0.4205540204614622,0.1105606201811673,0.0,0.5818997911099882,0.0,0.0,0.2247804986534257,0.0,0.0,0.0,0.0,0.0162340377621737,0.0488798031005573,0.0,0.0,0.0,0.0,0.0,0.0,0.0,0.0,0.0,0.0,0.0,0.0,0.0025190816962495,0.0,0.0,0.0,0.0,0.0,0.0,0.8546968495187921,0.0426428930278643,0.0,0.0,0.0,0.7445216531778948,0.2572384969758554,0.6906637581432111,0.0758878872714668,0.0,0.0289765696821683,0.0,0.5976701193882372,0.2441939790342291,0.0,0.0,0.1436964783781386
0.608965543824552,0.5977058399198241,0.0,0.0,0.130635762297943,0.0666082519735085,0.4603012760615335,0.0,0.0,0.628474935625966,0.0,0.0,0.1004378606364125,0.0,0.2941049858443251,0.0,0.4071570746663495,0.7875403851989179,0.0,0.0946512107224717,0.4550556205066299,0.5042880059408378,0.0,0.1275284621404631,0.7418562279100742,0.3003172161184381,0.1881907841448757,0.3349933263705567,0.4360065034548386,0.0,0.4687591671683888,0.0042633569953918,0.0,0.055113859974553,0.0,0.0,0.0,0.0,0.1463711093788422,0.1018434102323713,0.0,0.0,0.0,0.0,0.0,0.6518165332786653,0.4671196974359582,0.0,0.0,0.0,0.0,0.0,0.0,0.0,0.0,0.0,0.0,0.0,0.0,0.1540006352046775,0.5482189952743725,0.0,0.4773449130148164,0.0,0.0,0.4774442644198227,0.3044407756243062,0.2108813075303648,0.0,0.3987296135141561,0.3669786685130453,0.0693475494626878,0.0,0.4586906557468186,0.0,0.4582241505152154
0.4608588043684952,0.669346107580286,0.0,0.0,0.0,0.3467958031369266,0.5108969141937448,0.0,0.0,0.7160860876784417,0.0,0.0,0.3018527826209616,0.0,0.0,0.4071570746663495,0.0,0.7462302964270672,0.0,0.0,0.0,0.2787877613235669,0.0,0.4847540780793323,0.6846786260055722,0.5688933151425446,0.0,0.114283389564869,0.233976188808123,0.0,0.0,0.0,0.0,0.0,0.0,0.0,0.0,0.4611790611775039,0.0,0.0168400906059301,0.0,0.0,0.0,0.0,0.0,0.0,0.0,0.0,0.0,0.0,0.0,0.0,0.0,0.0,0.4833714775178144,0.0,0.0,0.0,0.0,0.0,0.0,0.64863375917653,0.5235695501615224,0.0,0.0,0.0,0.0,0.0,0.5982451409816237,0.4931165618098553,0.5236778528603069,0.0,0.0,0.0,0.0,0.0
0.6649224962606533,0.8297836664147787,0.0,0.0,0.0,0.3204359657931856,0.5339028942217431,0.0,0.1140028111743384,0.6564417766027633,0.0,0.1276882554985131,0.3240244344659446,0.0,0.2604910308076735,0.7875403851989179,0.7462302964270672,0.0,0.0,0.0490969915462574,0.4484366576014779,0.4921390672723014,0.073715262722413,0.3609373496018092,0.8211684722865281,0.5771083108836976,0.1463426701635986,0.388853263930782,0.4194851170421568,0.0,0.2000946535267406,0.0,0.0,0.0,0.0,0.0,0.0,0.0,0.0,0.0889394806899635,0.0281678474168278,0.0,0.0,0.0,0.0,0.6761793059583524,0.6179249611453017,0.0,0.0,0.0,0.0,0.0,0.0,0.0,0.5053608738073364,0.0,0.0,0.0,0.0,0.0,0.6307639262994261,0.6030108451845877,0.6659556898505157,0.0,0.0,0.0,0.3634177591166365,0.0,0.4214691828214407,0.5303680436420012,0.545939743386986,0.0,0.0,0.0,0.0,0.4568771958044662
0.0,0.0,0.770620915323117,0.0,0.0,0.2467826771069864,0.0,0.2282249930817887,0.6758956590939557,0.0,0.6698486501793928,0.3036614523318112,0.0,0.0,0.0,0.0,0.0,0.0,0.0,0.0,0.0,0.0,0.3652559820000496,0.0,0.0,0.0,0.6162669435200376,0.1741630340492133,0.0,0.0,0.3054188251446474,0.0,0.0,0.2260684276986483,0.0,0.0,0.146183195618035,0.0,0.0,0.0,0.0,0.0,0.0,0.0,0.0,0.0,0.0,0.6459785925722723,0.0,0.542201259959934,0.0,0.1607767544812064,0.1796917247001514,0.6191425670547439,0.0,0.7937553550827324,0.0,0.0,0.0,0.0,0.0,0.0,0.0,0.8187276067610927,0.0,0.0,0.0,0.2029824454500449,0.0,0.0,0.0,0.6424258345152307,0.0,0.0,0.0,0.0
0.0218819695720247,0.0,0.0,0.0,0.0,0.2329056624540759,0.0,0.0,0.6847689901501832,0.0063228766991784,0.0,0.0,0.0,0.0,0.818621573757206,0.0946512107224717,0.0,0.0490969915462574,0.0,0.0,0.0,0.7890823066908502,0.2052002470774345,0.0,0.0,0.0,0.8332531165874608,0.5226294187195796,0.1459330072654405,0.620414599734254,0.5891205075938399,0.0,0.0,0.3217577624750404,0.0,0.0323008133233264,0.3033713472516168,0.0,0.0,0.0193372185830098,0.0,0.0,0.0,0.0,0.0,0.0,0.0,0.0,0.0,0.0,0.0,0.0,0.0369125539933181,0.0,0.0,0.0,0.0,0.0,0.0,0.7440644834305381,0.0,0.0,0.0,0.0,0.8923262789140538,0.0291165027281674,0.7391144254941563,0.1611645486972741,0.0,0.0,0.0,0.8026452196900765,0.2331622570008925,0.0,0.0088606332884605,0.0525685388903122
0.5280845293072789,0.3785069843450727,0.0,0.0,0.0,0.3342327781257396,0.0,0.299315172408498,0.0,0.0,0.0,0.1760122915259306,0.2089235129862098,0.0,0.2055229707441415,0.4550556205066299,0.0,0.4484366576014779,0.0,0.0,0.0,0.1859998333083613,0.3106430244614184,0.2619135514430316,0.5189574105564251,0.3831101299647346,0.1939728833303726,0.1955475263433776,0.610061878625889,0.0,0.2593401364717314,0.0009525108202455,0.0881655698413015,0.203782487828969,0.0,0.0,0.0,0.0,0.289286582594797,0.2469395424955816,0.1363619448448771,0.0791865615060179,0.0,0.0,0.0,0.5139276635789616,0.5161863238523022,0.0,0.0,0.0,0.4506951371358812,0.0,0.4586403211514603,0.0,0.0,0.0,0.0,0.4631379904798589,0.0,0.1502391816489318,0.3641659547465335,0.0,0.0,0.0,0.0,0.8040593605953317,0.2156386003658982,0.4737471436075547,0.0,0.5258265841888006,0.4851939821020438,0.0973401225217561,0.4493546205345834,0.5329388955869545,0.0,0.3299611566364873
0.3147569326758407,0.2247087562969131,0.0,0.0,0.0,0.2386467911018762,0.0159034737628611,0.0,0.5801562378798879,0.3989599028875671,0.0,0.0,0.0263097667976547,0.0,0.7957919124975451,0.5042880059408378,0.2787877613235669,0.4921390672723014,0.0,0.7890823066908502,0.1859998333083613,0.0,0.0464866037195874,0.0,0.4521909494376627,0.2302349302723693,0.72296339153402,0.6137923747576224,0.2082895516791764,0.3759219220574734,0.6147493504721318,0.0,0.0,0.1829638677380432,0.0,0.0,0.0915452749591786,0.0,0.0,0.069911092915899,0.0,0.0,0.0,0.0,0.0,0.4680904023111512,0.2078314824721949,0.0,0.0,0.0,0.2062546833909927,0.0,0.0,0.0,0.0,0.0,0.0,0.0,0.0,0.7148115989471896,0.2390115708400559,0.0,0.2517517285402336,0.0,0.7350121964587008,0.2022700342295515,0.7650084964129218,0.2791775302455986,0.0,0.2649097832582375,0.2143822070938051,0.6558400624606375,0.3342901331068226,0.1314174203959632,0.0,0.3173998692338206
0.0554258788112542,0.009149974090766,0.3395832604599023,0.0,0.2687904471975639,0.7017756561111449,0.0274658025814997,0.7796363821607356,0.4987338276468139,0.1232675317503251,0.4961511343720738,0.594073552311943,0.3252409679039181,0.0,0.0614920313162627,0.0,0.0,0.073715262722413,0.3652559820000496,0.2052002470774345,0.3106430244614184,0.0464866037195874,0.0,0.5636618067057373,0.0,0.4422792965855362,0.3790315231471947,0.1602205231337207,0.3815065920813601,0.2745731615053814,0.1167830341274801,0.0,0.2405464757379588,0.3135090743721833,0.1451888471622285,0.1888167610611601,0.1855035408660079,0.0,0.0,0.1845226569382328,0.1723361806388595,0.0,0.2208198932453536,0.0402796777107133,0.0,0.0,0.1209797041852774,0.2328275588938328,0.0,0.4166143804258287,0.396521705325503,0.2536717913813665,0.7413166933094274,0.5778090500950699,0.0,0.3778618563976304,0.0,0.5119015727223702,0.0655355925124959,0.0611318870535138,0.0,0.0,0.0,0.2518100970814121,0.1794949679204953,0.1701751073447966,0.2232385056752875,0.7028225408213743,0.0,0.0051726806368292,0.3581482134325802,0.3374491813088853,0.4479492510994717,0.0,0.1246623187270756,0.0
0.447075531914548,0.0,0.0,0.0,0.0,0.0,0.1244293988517145,0.414643768246874,0.2255868459307994,0.3590154484970349,0.1299427982971926,0.3136715091523865,0.2703176111091225,0.0,0.0,0.1275284621404631,0.4847540780793323,0.3609373496018092,0.0,0.0,0.2619135514430316,0.0,0.5636618067057373,0.0,0.3194199981345504,0.6843670538523233,0.165118893587173,0.0540891755595996,0.0,0.0,0.0,0.0,0.0178353448572854,0.1477300816208951,0.0,0.0,0.0,0.142076164879568,0.0,0.2267215047244836,0.1895241499498619,0.0,0.0,0.0,0.2443942846289377,0.3046972454148635,0.0,0.0,0.0,0.0,0.0,0.0,0.0,0.0,0.3849202067511936,0.0,0.2517424774889799,0.0,0.0,0.0,0.2619053124039554,0.4128963926420998,0.2895561890801992,0.0,0.0,0.0,0.0,0.0,0.7042292670540705,0.3355645900558661,0.6110601571944817,0.0,0.3492805087313931,0.0,0.0,0.2304264672917504
0.7339674544861751,0.8656134033417647,0.0,0.0,0.0,0.2443551984209517,0.4900452505958644,0.0,0.0,0.801220532725113,0.0,0.0467516961671839,0.2259011883596572,0.0,0.17534225106071,0.7418562279100742,0.6846786260055722,0.8211684722865281,0.0,0.0,0.5189574105564251,0.4521909494376627,0.0,0.3194199981345504,0.0,0.5244750069697168,0.0679611408231333,0.2790655280839794,0.433979242761115,0.0,0.2350738743595393,0.0,0.0,0.0,0.0,0.0,0.0,0.3348915780709179,0.0227652009870062,0.1381528140761589,0.0,0.0,0.0,0.0,0.0,0.7740541045139919,0.7255941937698972,0.0,0.0,0.0,0.0,0.0,0.0,0.0,0.6645723534984643,0.0,0.0,0.2406531238726459,0.0,0.177590724406375,0.6750302673380882,0.608987277213762,0.6976858518118298,0.0,0.0,0.4468711119503136,0.310948262650689,0.3194860821408552,0.422801366847473,0.7071498851664471,0.6231429734167893,0.0,0.0,0.4671006931282703,0.0,0.5253875024961772
0.5007987553224291,0.6510324294194397,0.0,0.0,0.1034657737073019,0.5525135270810767,0.2744797052113907,0.3162208285280452,0.1253156470783623,0.3507293489755022,0.0,0.314627526179299,0.5110450001029568,0.0,0.0114257756757964,0.3003172161184381,0.5688933151425446,0.5771083108836976,0.0,0.0,0.3831101299647346,0.2302349302723693,0.4422792965855362,0.6843670538523233,0.5244750069697168,0.0,0.0583356833735967,0.1045623962499185,0.4296761759524146,0.0,0.0,0.0,0.1552097323343748,0.0402814920901678,0.0,0.0,0.0,0.0727772546443206,0.0,0.3590541266396368,0.1446250134419686,0.0,0.0,0.0,0.2052561791635256,0.3574956994616137,0.5148111284390987,0.0,0.0,0.0,0.5105524350510895,0.0,0.0,0.0,0.4646623994972424,0.0,0.1484281781992823,0.560158008916117,0.0,0.0,0.2358583217733558,0.5222883704745633,0.3202070082421184,0.0,0.0,0.1565275183383072,0.1492105216356258,0.516084457983459,0.596596266714391,0.4419807246098229,0.8680705085593959,0.0904891988279684,0.3180347971526406,0.1543328293614854,0.0,0.0880427347261013
0.1951469293894145,0.0,0.7085587063618841,0.0,0.0,0.4307458144510571,0.0,0.0328643824638233,0.7030064582443207,0.1275589558057528,0.5026918469766383,0.3504244688526983,0.0,0.0,0.6684860537675632,0.1881907841448757,0.0,0.1463426701635986,0.6162669435200376,0.8332531165874608,0.1939728833303726,0.72296339153402,0.3790315231471947,0.165118893587173,0.0679611408231333,0.0583356833735967,0.0,0.4804253318192616,0.331163162568782,0.5490801304337465,0.6325117920943493,0.0,0.0,0.3173059697747646,0.0,0.0,0.2248490265804153,0.0,0.0,0.0,0.0,0.0,0.0,0.2631820834593371,0.0,0.0,0.152114316141174,0.729113227321658,0.0,0.5066149012640686,0.1729094426637554,0.2962790738438277,0.2609392870867116,0.7436112175052233,0.0,0.7613499129350484,0.0,0.0,0.0,0.6365378697144343,0.0,0.0,0.0,0.5408787373708034,0.8168195683714031,0.175289933128584,0.7517703879397944,0.442488818436048,0.0,0.0,0.1506403678630038,0.8922202052979399,0.3314796122519832,0.1625312617141297,0.151553770560828,0.1859504551403466
0.1242455825840047,0.2911637646633137,0.335205345009955,0.0,0.0,0.2615276057951596,0.1971658053287652,0.0,0.3464070984879803,0.2092844725841281,0.1539956021849819,0.3913856881781714,0.4770788354854255,0.0,0.4205540204614622,0.3349933263705567,0.114283389564869,0.388853263930782,0.1741630340492133,0.5226294187195796,0.1955475263433776,0.6137923747576224,0.1602205231337207,0.0540891755595996,0.2790655280839794,0.1045623962499185,0.4804253318192616,0.0,0.3820172805752221,0.3908144910814864,0.521233059476982,0.0,0.0274933085683004,0.2371358074966454,0.0,0.2902206695768807,0.4535613492538344,0.0,0.0,0.1732413751285757,0.0,0.0,0.1319455560318667,0.0,0.0,0.0,0.0,0.2738813668333809,0.0,0.0,0.1999364470436473,0.0,0.1565724943817729,0.4360433211192911,0.1863795744635163,0.0,0.1687267072914699,0.1544333883318311,0.0,0.2645355562240059,0.0,0.0,0.0,0.0,0.3634150060715291,0.1856609950075219,0.3200223980075056,0.2188302219307554,0.0,0.0945829610131402,0.1355992340265118,0.3914298807276533,0.3127764131353401,0.1747341804658882,0.0,0.0026451900946445
0.3376012022356568,0.3867063289017023,0.0,0.1149875128712271,0.1815633361608956,0.4589424138565756,0.3353686410218616,0.2815035082486042,0.1004287329501053,0.3380708494635294,0.0,0.0,0.5248828218547514,0.0,0.1105606201811673,0.4360065034548386,0.233976188808123,0.4194851170421568,0.0,0.1459330072654405,0.610061878625889,0.2082895516791764,0.3815065920813601,0.0,0.433979242761115,0.4296761759524146,0.331163162568782,0.3820172805752221,0.0,0.03385955490304,0.334025587601533,0.0591640023088023,0.1158335584582236,0.2289454892065598,0.0,0.205367997019671,0.1477440668731427,0.0,0.0538595909473444,0.1367695446965529,0.0,0.0,0.1701699226647738,0.0,0.0,0.0,0.414666055842921,0.0,0.0,0.0,0.4364327036532366,0.4627051519490263,0.40842517844746,0.1961252907604235,0.0,0.0,0.0,0.5375174818930372,0.0,0.0,0.0,0.0,0.0,0.0,0.0,0.4879319132131724,0.1172832901249231,0.4279485570661575,0.0,0.0,0.5034236962959231,0.1998985695532122,0.3117188329386642,0.5672951742968295,0.1290466117318255,0.0999115366937051
0.0,0.0,0.0,0.0,0.0,0.0734137283249537,0.0,0.1796816263091373,0.5407286967577283,0.0,0.0,0.0,0.0,0.0,0.0,0.0,0.0,0.0,0.0,0.620414599734254,0.0,0.3759219220574734,0.2745731615053814,0.0,0.0,0.0,0.5490801304337465,0.3908144910814864,0.03385955490304,0.0,0.5499881860299298,0.0881817272692681,0.0,0.440702796609477,0.0,0.0,0.0,0.0,0.0,0.0,0.0,0.0,0.0,0.0,0.0,0.0,0.0,0.0,0.0,0.0,0.0,0.0,0.0,0.0,0.0,0.0,0.0,0.0,0.0,0.0,0.0,0.0,0.0,0.0,0.517291976365352,0.0,0.0,0.0724364888925059,0.0,0.0,0.0,0.5006217714681139,0.0,0.0,0.0,0.0
0.2210902368444202,0.0001496074451218,0.4100355355058345,0.0,0.1054863668337165,0.0877809091878862,0.0922963612235634,0.0523920881923905,0.3920085092836289,0.3395617186564377,0.4093442412681113,0.3653903847484334,0.0,0.0,0.5818997911099882,0.4687591671683888,0.0,0.2000946535267406,0.3054188251446474,0.5891205075938399,0.2593401364717314,0.6147493504721318,0.1167830341274801,0.0,0.2350738743595393,0.0,0.6325117920943493,0.521233059476982,0.334025587601533,0.5499881860299298,0.0,0.0901546116060159,0.1214385828590927,0.5057944775764426,0.0,0.0419654622850562,0.1810295867088427,0.0,0.0850092271900552,0.1880230448437923,0.0,0.0,0.0,0.0,0.0,0.0,0.0865389163374909,0.0,0.0,0.0,0.078756387088835,0.0,0.1151111917731898,0.0,0.3253026822776382,0.0,0.1255716294038007,0.0,0.0,0.4507361907277211,0.0927525383088539,0.0,0.1327541048980727,0.0,0.5215758540373916,0.4479326776036418,0.5159982959557993,0.2033759264575296,0.0,0.1156751757183314,0.0497574101357871,0.5443955005911532,0.3378105743250902,0.3759827565351833,0.0,0.2890198984574041
0.0,0.0,0.0,0.1379427000092084,0.2628079036963802,0.0,0.1783883766656718,0.1315125549640234,0.0,0.0,0.0853196622675564,0.0,0.1437140126298231,0.4169142330121508,0.0,0.0042633569953918,0.0,0.0,0.0,0.0,0.0009525108202455,0.0,0.0,0.0,0.0,0.0,0.0,0.0,0.0591640023088023,0.0881817272692681,0.0901546116060159,0.0,0.3699647528770748,0.1599853755787818,0.1563986664540783,0.2047726239992393,0.0307315362910566,0.0,0.639711114355423,0.2818393596552247,0.077619396822498,0.3111277618760972,0.2614354521334868,0.1507862165081669,0.0,0.0,0.0,0.0,0.0,0.1111436417496222,0.0,0.1121926936415964,0.0,0.0,0.0,0.0,0.1111408073399174,0.0,0.0,0.0,0.0,0.0,0.0,0.0,0.0,0.0751181788831572,0.0,0.0,0.0,0.0,0.0,0.0,0.0,0.0,0.0,0.0
0.0,0.0,0.0,0.0,0.2669065313579793,0.0476061964799426,0.0946485545783481,0.4226786777935183,0.051164919374848,0.0,0.1854533235545555,0.2770035452273671,0.2548198203212607,0.0,0.0,0.0,0.0,0.0,0.0,0.0,0.0881655698413015,0.0,0.2405464757379588,0.0178353448572854,0.0,0.1552097323343748,0.0,0.0274933085683004,0.1158335584582236,0.0,0.1214385828590927,0.3699647528770748,0.0,0.4161792363671832,0.2479323454956427,0.3892555950157612,0.1824763515541451,0.0,0.3058617902531688,0.5385067166745178,0.1221512817567423,0.3181886059331327,0.0,0.0,0.0,0.0,0.0,0.0,0.0,0.0,0.0,0.0,0.0,0.0,0.0,0.0,0.4932780237052163,0.0,0.0,0.0,0.0,0.0,0.0,0.0,0.0,0.0527697834453466,0.0,0.0,0.0,0.0,0.0008993480141924,0.0,0.0656002241326021,0.0,0.0,0.0
0.0308363950394232,0.0,0.1821665810247462,0.0,0.0372394368497046,0.1409045416017072,0.0,0.299994676150279,0.1815821145035734,0.0,0.2814920774571058,0.3948126335400714,0.069956942751649,0.1789530877479885,0.2247804986534257,0.055113859974553,0.0,0.0,0.2260684276986483,0.3217577624750404,0.203782487828969,0.1829638677380432,0.3135090743721833,0.1477300816208951,0.0,0.0402814920901678,0.3173059697747646,0.2371358074966454,0.2289454892065598,0.440702796609477,0.5057944775764426,0.1599853755787818,0.4161792363671832,0.0,0.2018028149322769,0.252378157418327,0.3062978513289117,0.0,0.1763581410137541,0.3439717232202178,0.3260465810372646,0.1167199087122581,0.2071408434796187,0.2342208648600117,0.0,0.0,0.0,0.0263751471117264,0.0,0.0,0.0172709700196195,0.4575179871846431,0.2832245843520829,0.3472445768974972,0.0861538410369054,0.0,0.4212482215887939,0.1392854340328042,0.0,0.1145330479184902,0.0,0.0,0.0,0.0,0.2029002791037306,0.2313003890064557,0.1534788677230335,0.1442107408839741,0.0,0.0,0.036199424888343,0.2795238781356369,0.2700330555409557,0.1462043913491884,0.0,0.0185180267354124
0.0,0.0,0.0,0.0,0.1663415432997673,0.0,0.0489878695719469,0.2204614854967759,0.0,0.0,0.0,0.0015511096538638,0.1336416672202554,0.0,0.0,0.0,0.0,0.0,0.0,0.0,0.0,0.0,0.1451888471622285,0.0,0.0,0.0,0.0,0.0,0.0,0.0,0.0,0.1563986664540783,0.2479323454956427,0.2018028149322769,0.0,0.1972158468898012,0.031590561769486,0.0,0.0,0.0265347909837425,0.3155057328129409,0.3358611402783709,0.0601767190751887,0.0,0.0,0.0,0.0,0.0,0.0,0.0,0.0,0.0,0.0,0.0,0.0,0.0,0.3472190668668632,0.0313758123040261,0.0,0.0,0.0,0.0,0.0,0.0,0.0,0.0,0.0,0.0,0.0,0.0,0.0,0.0,0.0,0.0,0.0,0.0
0.0,0.0,0.0,0.1860184663918382,0.0733889558354512,0.0705839302852115,0.0274137053283025,0.3298473880229295,0.0,0.0,0.041424159105603,0.333602489411925,0.4403193863414128,0.434360406119482,0.0,0.0,0.0,0.0,0.0,0.0323008133233264,0.0,0.0,0.1888167610611601,0.0,0.0,0.0,0.0,0.2902206695768807,0.205367997019671,0.0,0.0419654622850562,0.2047726239992393,0.3892555950157612,0.252378157418327,0.1972158468898012,0.0,0.564484677928436,0.0,0.0449579734819876,0.1749109125696885,0.0,0.1096651344118532,0.4396771469616984,0.2016668316335213,0.0,0.0,0.0,0.0,0.0,0.2124337121707832,0.0,0.4300131054412159,0.2124566958134191,0.0345237368308061,0.0,0.0,0.5511512848718513,0.1873663930202006,0.0,0.0,0.0,0.0,0.0,0.0,0.0,0.0,0.0,0.0,0.0,0.0,0.0,0.0,0.0,0.0,0.0,0.0
0.0,0.0,0.1577870921428893,0.0,0.0,0.152460001347091,0.0,0.1609334136781567,0.1427399515540857,0.0,0.1525948811283888,0.3349236198330042,0.2972232782000607,0.2042647598245229,0.0,0.0,0.0,0.0,0.146183195618035,0.3033713472516168,0.0,0.0915452749591786,0.1855035408660079,0.0,0.0,0.0,0.2248490265804153,0.4535613492538344,0.1477440668731427,0.0,0.1810295867088427,0.0307315362910566,0.1824763515541451,0.3062978513289117,0.031590561769486,0.564484677928436,0.0,0.0,0.0,0.0,0.0,0.0,0.1770443633950728,0.0,0.0,0.0,0.0,0.0,0.0,0.0,0.0,0.0,0.0,0.0,0.0,0.0,0.0,0.0,0.0,0.0,0.0,0.0,0.0,0.0,0.0,0.0,0.0,0.0,0.0,0.0,0.0,0.0,0.0,0.0,0.0,0.0
0.2287758775739983,0.0,0.0,0.0562752407775413,0.0012207915566399,0.0,0.3080436571783422,0.0,0.0,0.3163552182885087,0.0,0.0,0.0,0.0,0.0,0.0,0.4611790611775039,0.0,0.0,0.0,0.0,0.0,0.0,0.142076164879568,0.3348915780709179,0.0727772546443206,0.0,0.0,0.0,0.0,0.0,0.0,0.0,0.0,0.0,0.0,0.0,0.0,0.0,0.0,0.0596932275757051,0.0,0.0,0.0,0.24725096876709,0.0,0.0,0.0,0.0,0.0,0.0,0.0,0.0,0.0,0.114087514216575,0.0,0.0,0.0,0.0,0.0,0.0,0.0,0.0,0.0,0.0,0.0,0.0,0.0,0.3185065021479698,0.2875130912693648,0.1285447888716669,0.0,0.0,0.0,0.0,0.0
0.0508397733882203,0.0020464319543678,0.0,0.0,0.2203646741553412,0.0,0.1670264546898225,0.1629233918818309,0.0,0.0,0.0041599595574529,0.0,0.0,0.3118834395335406,0.0162340377621737,0.1463711093788422,0.0,0.0,0.0,0.0,0.289286582594797,0.0,0.0,0.0,0.0227652009870062,0.0,0.0,0.0,0.0538595909473444,0.0,0.0850092271900552,0.639711114355423,0.3058617902531688,0.1763581410137541,0.0,0.0449579734819876,0.0,0.0,0.0,0.2614154411457437,0.1276645305982366,0.4113213377339355,0.2385746400318761,0.1358360448801907,0.0,0.0507103786050043,0.0,0.0,0.1639464338260481,0.0590283286593485,0.0,0.106500083973693,0.0,0.0,0.1018702651775706,0.0,0.0,0.0594196804852628,0.3651236205182901,0.0,0.0120906833682267,0.0,0.0139256229546412,0.0,0.0,0.3799630723418433,0.0,0.0,0.0,0.0,0.0,0.0,0.0,0.1563003163650503,0.1201763466893387,0.1043538962121404
0.2383409648872025,0.1354103635002683,0.0,0.0,0.0,0.0,0.0,0.0,0.0,0.1097390604321555,0.0,0.2882735769330608,0.2220779244733627,0.0,0.0488798031005573,0.1018434102323713,0.0168400906059301,0.0889394806899635,0.0,0.0193372185830098,0.2469395424955816,0.069911092915899,0.1845226569382328,0.2267215047244836,0.1381528140761589,0.3590541266396368,0.0,0.1732413751285757,0.1367695446965529,0.0,0.1880230448437923,0.2818393596552247,0.5385067166745178,0.3439717232202178,0.0265347909837425,0.1749109125696885,0.0,0.0,0.2614154411457437,0.0,0.2104111933754428,0.1022136663373053,0.3588187981637729,0.1119313376768965,0.0,0.1331067990805831,0.2021764059690046,0.0,0.0,0.229899998678363,0.0723253252640553,0.3461226409709316,0.1987065998170196,0.1084004195660598,0.2433275917368185,0.0,0.2487867497460718,0.1738842048318536,0.0,0.0,0.0,0.1406120839360554,0.0673695184075753,0.0,0.0,0.1947108697562187,0.0,0.0851041827376357,0.1177785518174092,0.1244773477950689,0.2958173456785469,0.0,0.1652424840668225,0.032454218399158,0.064494952679164,0.0091166262721296
0.0543372031870916,0.0,0.0485885120200364,0.0,0.0,0.0,0.1043792164080375,0.1205906841104845,0.0296317820183693,0.0537350035104905,0.0,0.0,0.0,0.0,0.0,0.0,0.0,0.0281678474168278,0.0,0.0,0.1363619448448771,0.0,0.1723361806388595,0.1895241499498619,0.0,0.1446250134419686,0.0,0.0,0.0,0.0,0.0,0.077619396822498,0.1221512817567423,0.3260465810372646,0.3155057328129409,0.0,0.0,0.0596932275757051,0.1276645305982366,0.2104111933754428,0.0,0.3079785406485336,0.0451935751531175,0.0,0.0584023209710411,0.0,0.0,0.0,0.1919338427623341,0.0,0.0737295740553637,0.0,0.0485634425650444,0.1114994593970925,0.0,0.0,0.0,0.0528617079538643,0.119171156396377,0.0,0.1802989924453752,0.0,0.0679340152684584,0.1268844797402445,0.0,0.1150564815926389,0.0739811107929037,0.0689124747269442,0.1540597059178484,0.0,0.0323935109070122,0.0,0.3066855513841118,0.2315316576908593,0.2694825365036731,0.3645917775013766
0.0,0.0,0.0,0.0,0.0,0.0,0.0,0.0,0.0,0.0,0.0,0.0,0.0,0.0,0.0,0.0,0.0,0.0,0.0,0.0,0.0791865615060179,0.0,0.0,0.0,0.0,0.0,0.0,0.0,0.0,0.0,0.0,0.3111277618760972,0.3181886059331327,0.1167199087122581,0.3358611402783709,0.1096651344118532,0.0,0.0,0.4113213377339355,0.1022136663373053,0.3079785406485336,0.0,0.2542484496521654,0.0,0.0,0.0,0.0,0.0,0.3641890117162276,0.0,0.0,0.0,0.0,0.0,0.0,0.0,0.1035646330157165,0.0598691157372191,0.0,0.0,0.0,0.0,0.0,0.0,0.0,0.0792745550221143,0.0,0.0,0.0,0.0,0.0,0.0,0.066458632482906,0.1931900817895746,0.0464863480836117,0.111722007022101
0.0,0.0,0.0,0.0,0.3014269202982815,0.0893538741792385,0.203254389442916,0.4656074628089299,0.0,0.0,0.0025802352749674,0.1788604486279808,0.396831304916455,0.3656291657953946,0.0,0.0,0.0,0.0,0.0,0.0,0.0,0.0,0.2208198932453536,0.0,0.0,0.0,0.0,0.1319455560318667,0.1701699226647738,0.0,0.0,0.2614354521334868,0.0,0.2071408434796187,0.0601767190751887,0.4396771469616984,0.1770443633950728,0.0,0.2385746400318761,0.3588187981637729,0.0451935751531175,0.2542484496521654,0.0,0.1419728233319139,0.0197781703880259,0.0,0.0,0.0,0.3375918555134049,0.1829067323645286,0.0642877474045319,0.3503152213598324,0.2909249427464659,0.0,0.0242047374078586,0.0,0.3650922628165062,0.3870851301232729,0.4545489898571303,0.0,0.0,0.0,0.0,0.0,0.0,0.140139697282589,0.0,0.0059805049570866,0.0,0.0,0.1086989422169667,0.0,0.2389984078169299,0.0,0.0,0.0
0.0,0.0,0.0,0.0,0.0,0.0,0.0,0.0,0.0,0.0,0.0,0.0,0.0,0.0,0.0,0.0,0.0,0.0,0.0,0.0,0.0,0.0,0.0402796777107133,0.0,0.0,0.0,0.2631820834593371,0.0,0.0,0.0,0.0,0.1507862165081669,0.0,0.2342208648600117,0.0,0.2016668316335213,0.0,0.0,0.1358360448801907,0.1119313376768965,0.0,0.0,0.1419728233319139,0.0,0.0,0.0,0.0,0.1561056402265641,0.0946063044516167,0.2954551914727161,0.0596152433779186,0.3396768300015212,0.1066117934835332,0.1855280340228924,0.0504191179401218,0.1293081152047275,0.0739308637981686,0.0632171396930615,0.0,0.0,0.0,0.0,0.0,0.1351461750838582,0.0,0.0,0.0,0.0376313703032577,0.0,0.0,0.0,0.1576300582819168,0.1362843177743552,0.0,0.0,0.0
0.0,0.0,0.0,0.0,0.0,0.0,0.0,0.0,0.0,0.2164801823978221,0.0,0.0,0.0,0.0,0.0,0.0,0.0,0.0,0.0,0.0,0.0,0.0,0.0,0.2443942846289377,0.0,0.2052561791635256,0.0,0.0,0.0,0.0,0.0,0.0,0.0,0.0,0.0,0.0,0.0,0.24725096876709,0.0,0.0,0.0584023209710411,0.0,0.0197781703880259,0.0,0.0,0.3259826219084925,0.0,0.0,0.0,0.0103021744098847,0.2139922652544154,0.0,0.0,0.0,0.2109000539316811,0.0800597357834486,0.0,0.0956635142793844,0.0,0.0,0.0,0.4725754370078532,0.3753186199863835,0.0982029781086987,0.0,0.0,0.0,0.2112874540726421,0.3308580552787376,0.3655097616540047,0.276547456608512,0.0042544493224542,0.2090521987523759,0.0,0.0,0.251781074982104
0.9347311071656528,0.5836038008026488,0.0,0.0,0.0,0.0,0.0,0.0,0.0,0.4948365932754469,0.0,0.0,0.0,0.0,0.0,0.6518165332786653,0.0,0.6761793059583524,0.0,0.0,0.5139276635789616,0.4680904023111512,0.0,0.3046972454148635,0.7740541045139919,0.3574956994616137,0.0,0.0,0.0,0.0,0.0,0.0,0.0,0.0,0.0,0.0,0.0,0.0,0.0507103786050043,0.1331067990805831,0.0,0.0,0.0,0.0,0.3259826219084925,0.0,0.6131721427563637,0.0,0.0,0.0,0.3575714675112019,0.0,0.1210873365167185,0.0,0.0,0.0,0.0,0.1416891302886078,0.0,0.3865928335821454,0.7754828545088426,0.0,0.7395012732074201,0.0,0.1366728009327428,0.4679278008300855,0.5089161262317711,0.3005414127037926,0.3382235386647619,0.7205479930947211,0.560146280225769,0.1854100993648618,0.3199495383758625,0.4074243980116492,0.0,0.6492815578456986
0.6137131777066285,0.7439362401120649,0.0,0.0,0.0,0.5517539058052876,0.0,0.0,0.0,0.0,0.0,0.0,0.0,0.0,0.0,0.4671196974359582,0.0,0.6179249611453017,0.0,0.0,0.5161863238523022,0.2078314824721949,0.1209797041852774,0.0,0.7255941937698972,0.5148111284390987,0.152114316141174,0.0,0.414666055842921,0.0,0.0865389163374909,0.0,0.0,0.0,0.0,0.0,0.0,0.0,0.0,0.2021764059690046,0.0,0.0,0.0,0.0,0.0,0.6131721427563637,0.0,0.0,0.0,0.0,0.6259633850964647,0.2470848077989705,0.4324245739938825,0.0,0.680573195525019,0.0,0.0,0.4170629872461429,0.0,0.1638551677847359,0.5515742245530839,0.7224868444545318,0.7010597019067347,0.0,0.0,0.4369723153756022,0.2342701201707514,0.5201332342517252,0.0,0.8347145141421692,0.7476629520733691,0.1020061438696918,0.1868997862960751,0.2815651508904317,0.0,0.2928447806532036
0.0,0.0,0.781654983097682,0.0,0.0,0.3987856005992953,0.0,0.0,0.6497722075836156,0.0,0.4208034754603361,0.0,0.0,0.0,0.0,0.0,0.0,0.0,0.6459785925722723,0.0,0.0,0.0,0.2328275588938328,0.0,0.0,0.0,0.729113227321658,0.2738813668333809,0.0,0.0,0.0,0.0,0.0,0.0263751471117264,0.0,0.0,0.0,0.0,0.0,0.0,0.0,0.0,0.0,0.1561056402265641,0.0,0.0,0.0,0.0,0.0,0.3530047965285162,0.2293956103234287,0.0272271543457259,0.1614127695348623,0.6454583477367472,0.1797876947538985,0.8818258084894802,0.0,0.0,0.0,0.0,0.0,0.0,0.0,0.7822470059766136,0.0,0.0,0.0,0.4038437000400657,0.0,0.2712777886311411,0.0732130063481975,0.700551906642585,0.2848029610305234,0.0,0.2189124893329485,0.2888172887217457
0.0,0.0,0.0,0.0,0.0,0.0,0.0,0.0,0.0,0.0,0.0,0.0,0.0,0.0,0.0,0.0,0.0,0.0,0.0,0.0,0.0,0.0,0.0,0.0,0.0,0.0,0.0,0.0,0.0,0.0,0.0,0.0,0.0,0.0,0.0,0.0,0.0,0.0,0.1639464338260481,0.0,0.1919338427623341,0.3641890117162276,0.3375918555134049,0.0946063044516167,0.0,0.0,0.0,0.0,0.0,0.1559520862520673,0.0,0.3589757619832103,0.0314670230805481,0.1804271275103142,0.0,0.0,0.0,0.1651473033991317,0.3771397012515262,0.0,0.0,0.0,0.0,0.0,0.0,0.0,0.0,0.0,0.0,0.0,0.0,0.0235920297498279,0.2278092310169202,0.0,0.0,0.0
0.0,0.0,0.3506845107207924,0.0,0.0,0.4189788169190971,0.0,0.3766275047952822,0.5916960470272764,0.0,0.4303269848838804,0.0,0.0,0.0,0.0,0.0,0.0,0.0,0.542201259959934,0.0,0.0,0.0,0.4166143804258287,0.0,0.0,0.0,0.5066149012640686,0.0,0.0,0.0,0.0,0.1111436417496222,0.0,0.0,0.0,0.2124337121707832,0.0,0.0,0.0590283286593485,0.229899998678363,0.0,0.0,0.1829067323645286,0.2954551914727161,0.0103021744098847,0.0,0.0,0.3530047965285162,0.1559520862520673,0.0,0.0,0.6016347413141275,0.4617460995846996,0.5764799124910659,0.2509285308613569,0.5476279142698657,0.4023043140253758,0.2498018045908422,0.048690039188329,0.0,0.0,0.0,0.0,0.394230113166689,0.0,0.0,0.0,0.2596936092210489,0.0,0.0,0.0,0.493761663130606,0.4485608381776657,0.0,0.0,0.0
