0.0,0.4482784375581333,0.0,0.0,0.0,0.1919398577449154,0.0,0.5285586303513387,0.0,0.1067355182343976,0.0,0.0,0.0,0.0,0.4968573150217855,0.6083957260119898,0.4240247437004367,0.2490072916013377,0.0,0.547646151860876,0.7877257682166522,0.5581910194774492,0.4609071582007988,0.4867433115651052,0.4034855505823204,0.3703779423600639,0.3620412735622452,0.5066044241521789,0.4201595302040802,0.0,0.7618537206745306,0.4250246711552055,0.2915058169887737,0.325725979918689,0.0,0.0,0.0,0.0,0.4030019431294755,0.284739461889007,0.3017556454156239,0.0,0.0,0.0,0.0,0.9083049589391514,0.4999300243749025,0.0,0.0,0.0,0.0,0.0,0.0,0.0,0.4140375360575048,0.0,0.0,0.0,0.0,0.0,0.4667277789688424,0.0,0.5454137442392613,0.0,0.0,0.8799586275820351,0.4237975190281126,0.0,0.4641586813535316,0.5967408148190391,0.6328505726456336,0.0,0.0,0.0,0.0,0.0
0.4482784375581333,0.0,0.0,0.0,0.4355376998139291,0.57945810891535,0.5510091386493683,0.6597855679490597,0.4136093172042117,0.0,0.0,0.0,0.6896149932776595,0.0,0.2522151334650254,0.6213558853137228,0.0,0.6745977550854125,0.0,0.4584523087919394,0.4959080285089408,0.5217989450664334,0.5465407401691152,0.0,0.6828972895065667,0.8044032636762295,0.4356339908352687,0.4242720354222822,0.3150365834769211,0.0,0.3337044900607467,0.4267652951459988,0.3549803106537904,0.2848761803072407,0.0,0.0,0.0,0.0,0.3751192303999076,0.3670388009738904,0.2302011517714962,0.0,0.0,0.0,0.0,0.3512484025835257,0.6621361315613019,0.0,0.0,0.0,0.0,0.0,0.0,0.0,0.0,0.0,0.0,0.0,0.0,0.3130382669066466,0.2167563392045326,0.0,0.4130536885562413,0.0,0.4126990276838349,0.4030128067749948,0.3225270405635181,0.5300794266863004,0.0,0.5684964048937605,0.6364592121885935,0.4619439662129927,0.0,0.276501037803425,0.0,0.2868959512700789
0.0,0.0,0.0,0.0,0.7112282534198403,0.7122935548639224,0.4721745999370123,0.6096328595419067,0.8743245280991114,0.237721220587783,0.6741124253491564,0.0,0.6072115864021351,0.0,0.0,0.0,0.0,0.0,0.7337225001612749,0.0,0.0,0.0,0.7200012290330191,0.0,0.0,0.0,0.7954054259168978,0.5159597064455946,0.0,0.4284356289720123,0.2928449971409293,0.3143913146452622,0.0,0.0590622149657159,0.0,0.4507976414097671,0.2046944700236911,0.0,0.1262186574171665,0.0,0.0,0.0,0.1512343106743056,0.0,0.0,0.0,0.0,0.8473220682873696,0.0,0.6783947869611711,0.667988147683679,0.0,0.5186189441150425,0.8947112686454107,0.0,0.7457067515497092,0.0,0.0,0.2080378844185004,0.0,0.0,0.0,0.0,0.6861708166230679,0.0,0.0,0.0,0.6083006716286913,0.0,0.0,0.0,0.7782391202321916,0.0,0.0,0.0,0.0
0.0,0.0,0.0,0.0,0.0720348092084965,0.092905317610333,0.2617248386978513,0.0,0.0,0.3931754965390139,0.0,0.0,0.1048629031905157,0.1287775865159331,0.0,0.0,0.0,0.0,0.0,0.0,0.0,0.0,0.0,0.0,0.0,0.0,0.0187810377783804,0.208007919308284,0.0,0.0,0.0,0.1657028111501361,0.0,0.0,0.0476944029013887,0.0,0.0,0.0,0.0,0.0,0.0,0.0,0.0,0.0,0.0,0.0,0.0,0.0,0.0,0.0,0.0,0.0,0.0,0.0,0.0,0.0,0.0,0.0,0.0,0.0,0.0,0.0,0.0,0.0,0.0,0.0,0.0,0.0,0.0,0.0,0.0,0.0,0.0,0.0,0.0,0.0
0.0,0.4355376998139291,0.7112282534198403,0.0720348092084965,0.0,0.533140307341235,0.6763990975421338,0.6208664700692421,0.8633960284125753,0.4452668483935066,0.605720867394809,0.2638170516685912,0.6652414711395362,0.1377156117408436,0.0,0.0,0.0,0.0,0.6308448614094505,0.545689485727912,0.0,0.4114639019139908,0.6447434917545191,0.0,0.4375411544559003,0.0,0.654172011375067,0.5526037779458691,0.4238629038421818,0.0,0.4165108228965565,0.4206870428570327,0.0969146220300221,0.1137537997898976,0.0,0.3564721658799167,0.3070647159529938,0.1840134208518698,0.0,0.0,0.0,0.0,0.2033103075027296,0.0,0.0,0.0,0.0,0.6857717466400944,0.0,0.0,0.0,0.0,0.6461659868922726,0.8110722007526936,0.0,0.7919393761621913,0.0,0.0,0.0,0.0,0.0,0.0,0.0,0.0,0.0,0.0,0.0,0.5684662162763209,0.0,0.0,0.0,0.6314752862068818,0.0,0.0,0.0,0.0
0.1919398577449154,0.57945810891535,0.7122935548639224,0.092905317610333,0.533140307341235,0.0,0.5882379506482861,0.8085899890697076,0.6489919551886708,0.1738907349178239,0.3504280362328512,0.0,0.7364753690663992,0.1393335245623243,0.3838239002985448,0.4454823537236249,0.0,0.4543673171632099,0.573616530759438,0.4675960071356804,0.5576319856626296,0.4661561541537745,0.8322317419874642,0.0,0.3601027805143727,0.5889591527486298,0.7716058778552608,0.4510136054534024,0.4495833544076362,0.4331078240436134,0.2168344400110879,0.3858422328766372,0.429961174401099,0.2334020801993669,0.0,0.3548205550482023,0.1550268665442458,0.0,0.2018401671064475,0.0,0.2757849809922905,0.1576781803811793,0.1976962164298026,0.0,0.0,0.0,0.0,0.6310858596404232,0.0,0.0,0.8243703227649702,0.3408830051513874,0.6662856754347063,0.7103905827440185,0.0,0.5481638672424303,0.0,0.4480698238976466,0.0,0.3939687014660332,0.0,0.0,0.0,0.516562204929592,0.5269210984136673,0.3230972819869883,0.2420958268042331,0.7267819804799996,0.0,0.0,0.0,0.6469948259928132,0.2814533212859464,0.3211485147686022,0.0,0.1830809991799206
0.0,0.5510091386493683,0.4721745999370123,0.2617248386978513,0.6763990975421338,0.5882379506482861,0.0,0.483224965538844,0.6303536320799278,0.5466759934309752,0.4344466789974832,0.5226081109929793,0.6894049173986034,0.2335482633658478,0.0,0.411961055772281,0.554170399114308,0.5273895632357682,0.50948124420712,0.3570713564732563,0.0,0.3376964829832429,0.4359169979555586,0.2322660621893969,0.490838267888623,0.3602819426847698,0.5635467967072789,0.3700963759816674,0.3662897633946085,0.0,0.1674771412742743,0.3658426752508943,0.2125157697247801,0.0902998244841485,0.0,0.1339752357162348,0.1547510829850029,0.0,0.0,0.0,0.0,0.0,0.0,0.0,0.0,0.0,0.0,0.0,0.0,0.0,0.4511785093062673,0.0,0.0,0.0,0.0,0.0,0.0,0.0,0.0,0.0,0.0,0.0,0.0,0.0,0.0,0.0,0.0,0.348981133685504,0.0,0.0,0.0,0.5605453321001946,0.0,0.0,0.0,0.0
0.5285586303513387,0.6597855679490597,0.6096328595419067,0.0,0.6208664700692421,0.8085899890697076,0.483224965538844,0.0,0.628461104066183,0.1909946261248875,0.3685888007569342,0.0,0.7279561566677626,0.2183274072354123,0.4472695679256055,0.4937546109330121,0.0,0.3801654116343702,0.5847424842372723,0.533034705147448,0.7520065657159166,0.4440136418126881,0.8792502685258027,0.5577988140392862,0.372894190318643,0.5612224202769132,0.5726123700011243,0.4850035143927412,0.2929688601926354,0.4429946755143482,0.3817866731774393,0.478663334058133,0.3095120458791702,0.2595655452980803,0.0,0.435122713644499,0.3378002650008148,0.0,0.2940836136744278,0.0,0.2164346029877594,0.0,0.4743787067662868,0.0,0.0,0.0,0.0,0.5505112604619361,0.0,0.6452437260543481,0.8527713252074812,0.5204742094128658,0.8425778744757131,0.6700566699325792,0.0,0.6968750811501231,0.0,0.6706303005138952,0.4183766049303515,0.5148649315348466,0.0,0.0,0.0,0.574966774174424,0.4580874986974595,0.6113368538930183,0.0,0.8231486323593468,0.0,0.0,0.0,0.5327957756161943,0.5344064411251356,0.3052219718622719,0.0,0.3057312550023914
0.0,0.4136093172042117,0.8743245280991114,0.0,0.8633960284125753,0.6489919551886708,0.6303536320799278,0.628461104066183,0.0,0.3496006924627741,0.6465012185285265,0.1773047233678825,0.6739235975330093,0.0180555453022944,0.0,0.5367337577610914,0.0,0.0,0.7303951026958608,0.6075040148551855,0.0,0.5147307883748764,0.7023891231696735,0.0,0.0,0.0,0.7860799058845624,0.6079827750493066,0.5461284573628781,0.5831884042643839,0.435541432631523,0.413224091172406,0.2128140144617415,0.1284359925322164,0.0,0.4478976646660211,0.2969658760079135,0.1982122070041102,0.1495328937278982,0.0,0.0,0.0,0.2100259809539727,0.0,0.0,0.0,0.0,0.8440132738120549,0.0,0.0,0.6387047483581378,0.0,0.586382286519138,0.9685366617989334,0.0,0.8599571417240897,0.0,0.0,0.2804512600712797,0.0,0.0,0.0,0.0,0.7384134058436658,0.0,0.0,0.0,0.6376302122256977,0.0,0.0,0.0,0.7535760055964634,0.0,0.0,0.0,0.0
0.1067355182343976,0.0,0.237721220587783,0.3931754965390139,0.4452668483935066,0.1738907349178239,0.5466759934309752,0.1909946261248875,0.3496006924627741,0.0,0.2633159338671409,0.7636471747283159,0.4740459554510229,0.266316839279403,0.0,0.4648937836777921,0.7324211453510957,0.5731461803253852,0.3451175728856223,0.0,0.0,0.0,0.1567461704495233,0.3188096860504703,0.7008968797592838,0.3983900496570776,0.1078563801278553,0.4719064528695378,0.0,0.0,0.1582699866432035,0.3498327080710436,0.0,0.0,0.0,0.125610005283856,0.235192808817917,0.0,0.0,0.0,0.0,0.0,0.0,0.0,0.0,0.0,0.0,0.0,0.0,0.0,0.0,0.0,0.0,0.0,0.8469257935861444,0.0,0.7954752430395047,0.0,0.0,0.0,0.0,0.5053755377062102,0.1683592915313732,0.0,0.0,0.0,0.0,0.0,0.0791031418108727,0.2095681337075015,0.1822154351330572,0.0,0.3287678333828258,0.0,0.0,0.1827755181963982
0.0,0.0,0.6741124253491564,0.0,0.605720867394809,0.3504280362328512,0.4344466789974832,0.3685888007569342,0.6465012185285265,0.2633159338671409,0.0,0.1152645878586243,0.2867790146590586,0.0800346837563363,0.0,0.0,0.0,0.0,0.729234082552327,0.0,0.0,0.0,0.4818612274463776,0.0,0.0,0.0,0.4534485079418242,0.1215531808656337,0.0,0.0,0.0,0.0,0.0,0.0,0.0,0.0,0.0,0.0,0.0,0.0,0.0,0.0,0.0,0.0,0.0,0.0,0.0,0.4949466468628363,0.0,0.3658495374361794,0.3014360937648047,0.3395122136020304,0.2305348221780126,0.5608422851383928,0.0,0.7379914511687385,0.0,0.3062699414952106,0.0359253764427637,0.0,0.0,0.0,0.0,0.6377609633480186,0.0,0.0,0.0,0.3229515750260027,0.0,0.0,0.0,0.5321149406398356,0.0,0.0,0.0,0.0
0.0,0.0,0.0,0.0,0.2638170516685912,0.0,0.5226081109929793,0.0,0.1773047233678825,0.7636471747283159,0.1152645878586243,0.0,0.5567963801508499,0.0,0.0,0.0,0.6546835480001393,0.6174506381734438,0.0,0.0,0.0,0.0,0.0,0.5894338967487974,0.5498208155009346,0.5443763404143211,0.0,0.4222300137351715,0.0,0.0,0.0781259110768277,0.3201500055412064,0.2157906314227327,0.0236599317215268,0.0,0.1814492703623267,0.2642574586231423,0.0,0.1637490108067981,0.1618638918144402,0.0092470536006895,0.0,0.0,0.0,0.0,0.0,0.0,0.0,0.0,0.0,0.0,0.0,0.0,0.0,0.6064416779197415,0.0,0.8681370534782827,0.0,0.0,0.0,0.0,0.3911210616193536,0.2144977381144804,0.0,0.0,0.0,0.0,0.0,0.2950737271158585,0.1778423420651995,0.2554618098667853,0.0,0.0,0.0,0.0,0.1987666075572701
0.0,0.6896149932776595,0.6072115864021351,0.1048629031905157,0.6652414711395362,0.7364753690663992,0.6894049173986034,0.7279561566677626,0.6739235975330093,0.4740459554510229,0.2867790146590586,0.5567963801508499,0.0,0.2140469228546125,0.3501649533691058,0.6689712651714891,0.6110163220903734,0.6218293166731611,0.5413429644481325,0.5427323469458734,0.6492665457591901,0.5067966709253593,0.6267519440457612,0.5368424872201841,0.5291614491719722,0.5852835109777784,0.5803922300120539,0.7478486790697934,0.4380566341640715,0.5943207412330124,0.4820902123827199,0.5478129839098029,0.3638380819738788,0.2743014495166831,0.0,0.578206838491747,0.4550741080197364,0.2423210378531319,0.3664817527314444,0.0,0.0,0.0,0.4730502027754146,0.0,0.0,0.0,0.0,0.5485671844347486,0.0,0.0,0.6451771751194433,0.0,0.6452774664937251,0.0,0.0,0.0,0.0,0.0,0.0,0.0,0.0,0.0,0.0,0.0,0.0,0.0,0.0,0.5651028457450942,0.0,0.0,0.0,0.5134260093958234,0.0,0.4497692521053337,0.0,0.0
0.0,0.0,0.0,0.1287775865159331,0.1377156117408436,0.1393335245623243,0.2335482633658478,0.2183274072354123,0.0180555453022944,0.266316839279403,0.0800346837563363,0.0,0.2140469228546125,0.0,0.0,0.0,0.0,0.0,0.0777168098521749,0.0,0.0373894916534375,0.0,0.1440171254492361,0.0,0.0,0.0,0.0,0.1691644836971759,0.0,0.0,0.067424376429234,0.0,0.0,0.049287892421259,0.0,0.0,0.1550177702759574,0.0,0.0,0.0,0.0,0.0,0.2228806762276137,0.0,0.0,0.0,0.0,0.0,0.0,0.0,0.0,0.0,0.0,0.0,0.0,0.0669098575978194,0.0,0.0,0.0,0.0,0.0,0.0,0.0,0.0,0.0,0.0,0.0,0.2109661464076414,0.0,0.0,0.0,0.0,0.0,0.0,0.0,0.0
0.4968573150217855,0.2522151334650254,0.0,0.0,0.0,0.3838239002985448,0.0,0.4472695679256055,0.0,0.0,0.0,0.0,0.3501649533691058,0.0,0.0,0.3843363804595216,0.0,0.1658275494453197,0.0,0.7239934040977936,0.6499639757325673,0.696916015671538,0.5814424045490729,0.0807791047636694,0.0531414454825989,0.1343222419787934,0.6262862782871889,0.283086558740534,0.6442141469004147,0.0,0.4303439130871156,0.1901921130212917,0.2063958412451255,0.2989382206073518,0.0,0.2438135613334154,0.0,0.0,0.1067235622839691,0.2564355053246664,0.2576737660209288,0.0,0.0,0.0,0.0,0.0,0.4311440674064192,0.0,0.0,0.0,0.3563449457712622,0.0,0.2802287692510104,0.0,0.0,0.0,0.0,0.0,0.0,0.8158361679778642,0.457312726630438,0.0,0.0,0.0,0.6600606226466598,0.6444919994585778,0.6155820695385193,0.5489738731762015,0.0,0.0,0.4275790702741856,0.6091514021687905,0.2709736577974915,0.5991675434556084,0.0,0.4388366714064421
0.6083957260119898,0.6213558853137228,0.0,0.0,0.0,0.4454823537236249,0.411961055772281,0.4937546109330121,0.5367337577610914,0.4648937836777921,0.0,0.0,0.6689712651714891,0.0,0.3843363804595216,0.0,0.7549194698175188,0.7850983723379419,0.0,0.5493714325462572,0.6196529825461079,0.6032963063818584,0.4698836066355326,0.5107390455417051,0.6448835762303108,0.569793959146062,0.5001286904947823,0.6679809413678528,0.4167344552241223,0.6206383091054716,0.7031418094134065,0.6224245438157777,0.4424353661831458,0.3740264399218608,0.0328649456500407,0.0,0.0,0.0,0.3814154389061137,0.3473171818812544,0.3043380148798332,0.0877842654460584,0.0,0.0,0.0,0.5040695931704582,0.3852478754758456,0.0,0.0,0.0,0.0,0.0,0.0,0.0,0.0,0.0,0.0,0.0,0.0,0.3847753578698265,0.3049866632029813,0.0,0.4795917386964179,0.0,0.452111727182016,0.5583707302175389,0.3179435690262919,0.0,0.0,0.4551428674418573,0.5360127093827232,0.0,0.0,0.0,0.0,0.5546498321074179
0.4240247437004367,0.0,0.0,0.0,0.0,0.0,0.554170399114308,0.0,0.0,0.7324211453510957,0.0,0.6546835480001393,0.6110163220903734,0.0,0.0,0.7549194698175188,0.0,0.8342623646417335,0.0,0.3719685190497074,0.0,0.3685905481645529,0.0,0.6198583971521212,0.8413057290014597,0.595471142243089,0.0,0.5994631882552165,0.0,0.0,0.491016187880537,0.531671979982677,0.2924612627966432,0.1807695566236228,0.0238894605302437,0.0,0.0,0.2825756613150803,0.0,0.2340931786395735,0.1649764867854159,0.0,0.0,0.0,0.0,0.0,0.0,0.0,0.0,0.0,0.0,0.0,0.0,0.0,0.7896846758215339,0.0,0.6469353917680929,0.0,0.0,0.0,0.0,0.7706412766634023,0.4737729243761182,0.0,0.0,0.0,0.0,0.0,0.3897863125924024,0.4943099284299503,0.4664886604418027,0.0,0.0,0.0,0.0,0.0
0.2490072916013377,0.6745977550854125,0.0,0.0,0.0,0.4543673171632099,0.5273895632357682,0.3801654116343702,0.0,0.5731461803253852,0.0,0.6174506381734438,0.6218293166731611,0.0,0.1658275494453197,0.7850983723379419,0.8342623646417335,0.0,0.0,0.344621416195102,0.3728383591732633,0.4064865281248761,0.3005639722985482,0.5167034442402194,0.767987001819731,0.5898358235078167,0.392026027321565,0.505140632914899,0.2434984878053546,0.0,0.3996653625010008,0.5360405116839048,0.3934002263222343,0.2257896849431643,0.0623530522445401,0.0,0.0,0.0,0.3245067458443789,0.3284277776949532,0.2143438163228031,0.0816498867845715,0.0,0.0,0.0,0.1631531660415427,0.3267107830266553,0.0,0.0,0.0,0.0,0.0,0.0,0.0,0.5861978181007221,0.0,0.5389317470945808,0.0,0.0,0.0,0.0900414065268022,0.5809953580693864,0.4034048634784691,0.0,0.0,0.0,0.1439762404227,0.0,0.2773743682273025,0.3807982486086735,0.3797077586004135,0.0,0.0,0.0,0.0,0.3730580517641186
0.0,0.0,0.7337225001612749,0.0,0.6308448614094505,0.573616530759438,0.50948124420712,0.5847424842372723,0.7303951026958608,0.3451175728856223,0.729234082552327,0.0,0.5413429644481325,0.0777168098521749,0.0,0.0,0.0,0.0,0.0,0.0,0.0,0.0,0.7106987660035579,0.0,0.0,0.0,0.6728089016730956,0.3370483327490887,0.0,0.0,0.2241252003028153,0.1957668912017579,0.0,0.0151261103299798,0.0,0.2707437254585666,0.1682982018506944,0.0,0.1444332221010599,0.0,0.0,0.0,0.1898055441056513,0.0,0.0,0.0,0.0,0.5994200118933379,0.0,0.0,0.5267059765631916,0.0,0.3833486971758337,0.6937495044487756,0.0,0.7017985689580376,0.0,0.0,0.1161412846189459,0.0,0.0,0.0,0.0,0.8293185012673777,0.0,0.0,0.0,0.641672883666836,0.0,0.0,0.0,0.7237167048316785,0.0,0.0,0.0,0.0
0.547646151860876,0.4584523087919394,0.0,0.0,0.545689485727912,0.4675960071356804,0.3570713564732563,0.533034705147448,0.6075040148551855,0.0,0.0,0.0,0.5427323469458734,0.0,0.7239934040977936,0.5493714325462572,0.3719685190497074,0.344621416195102,0.0,0.0,0.7297658720871008,0.9255156573824594,0.6015066900924461,0.0,0.1901453263202265,0.3365404280592449,0.6972939230276399,0.5459113635522932,0.642173428808821,0.7631025721320217,0.604049628406863,0.3842990656385822,0.3380749826582585,0.5236651907814266,0.0,0.4249369614619531,0.3396336717132115,0.0,0.3561954513548267,0.3679744515933354,0.4632611885726675,0.0,0.0,0.0,0.0,0.0,0.528513699604551,0.0,0.0,0.0,0.414175712321356,0.0,0.3555559320761935,0.0,0.0,0.0,0.0,0.0,0.0,0.6622328083945351,0.0,0.0,0.0,0.0,0.883447436351467,0.666028691242569,0.8183258180820915,0.5718183306710123,0.0,0.0,0.5546927211956536,0.6182205710337055,0.4985881109251689,0.5778998945527457,0.0,0.540541956729725
0.7877257682166522,0.4959080285089408,0.0,0.0,0.0,0.5576319856626296,0.0,0.7520065657159166,0.0,0.0,0.0,0.0,0.6492665457591901,0.0373894916534375,0.6499639757325673,0.6196529825461079,0.0,0.3728383591732633,0.0,0.7297658720871008,0.0,0.6695221143416189,0.6817426388596874,0.4786136770595242,0.342927592255117,0.3872372961747027,0.660860912381993,0.6279446057462768,0.5300096482480761,0.6385800747816824,0.7230199718421689,0.5949212246538511,0.418296075889902,0.4773351403483944,0.0,0.5984483564434621,0.0,0.0,0.4145187433389478,0.3351447827189061,0.397725289727716,0.0,0.0,0.0,0.0,0.7232667908851372,0.5881446839212807,0.0,0.0,0.0,0.6731020861391149,0.0,0.6742093939237845,0.0,0.0,0.0,0.0,0.0,0.0,0.6812812990243351,0.3963929911109611,0.0,0.0,0.0,0.6285967937873421,0.9068063315083886,0.4755054788853399,0.693798389045528,0.0,0.523119852200646,0.5975846611939848,0.5917738088390329,0.7004832381674493,0.6091902765259384,0.0,0.5752468964443785
0.5581910194774492,0.5217989450664334,0.0,0.0,0.4114639019139908,0.4661561541537745,0.3376964829832429,0.4440136418126881,0.5147307883748764,0.0,0.0,0.0,0.5067966709253593,0.0,0.696916015671538,0.6032963063818584,0.3685905481645529,0.4064865281248761,0.0,0.9255156573824594,0.6695221143416189,0.0,0.5450631946389113,0.0,0.2036582798503653,0.4116010148201863,0.6989716732219304,0.4716974480805953,0.7399787105133537,0.6656900740144143,0.5894721188734182,0.3605592486430464,0.4828113792500604,0.534910170801042,0.0,0.3981920850589888,0.3042721028520738,0.0,0.4516012375444727,0.4644393573264503,0.4989741364988588,0.0,0.0,0.0,0.0,0.5795232410749513,0.5812305589133947,0.0,0.0,0.0,0.3971465788870747,0.0,0.0,0.0,0.0,0.0,0.0,0.0,0.0,0.6583619727946686,0.6029012305842066,0.0,0.4939610850718177,0.0,0.9028421514440308,0.603717351249436,0.8581883633773298,0.5294276146045573,0.0,0.4642423826044007,0.6001262732896081,0.6594571348269006,0.0,0.6585325420179267,0.0,0.5688824097493204
0.4609071582007988,0.5465407401691152,0.7200012290330191,0.0,0.6447434917545191,0.8322317419874642,0.4359169979555586,0.8792502685258027,0.7023891231696735,0.1567461704495233,0.4818612274463776,0.0,0.6267519440457612,0.1440171254492361,0.5814424045490729,0.4698836066355326,0.0,0.3005639722985482,0.7106987660035579,0.6015066900924461,0.6817426388596874,0.5450631946389113,0.0,0.3732472620915139,0.2890597729033281,0.542237739452329,0.7636801909329733,0.438072695920689,0.5228206810827779,0.4752788103819267,0.3147250242588898,0.3135757722120961,0.2807414890582343,0.196404226747486,0.0,0.3350348363438735,0.1718412649773867,0.0,0.139639765897557,0.2446790030110869,0.1971644310842979,0.0027860617689786,0.2240366755450938,0.0,0.0,0.0,0.462506017997974,0.6342442575248005,0.0,0.5767016604686678,0.7938738982260124,0.3977547821995545,0.6893259777902603,0.734444633217945,0.0,0.6725587825905927,0.0,0.5106205551495403,0.2231078995698107,0.5985097119740524,0.0,0.0,0.0,0.5828612723002601,0.6007521272858273,0.5727299203116434,0.3789214423381372,0.920921063517808,0.0,0.0,0.505716199340873,0.6765308907670905,0.3442410421294822,0.4307995146561711,0.3937228263814962,0.2865809855436165
0.4867433115651052,0.0,0.0,0.0,0.0,0.0,0.2322660621893969,0.5577988140392862,0.0,0.3188096860504703,0.0,0.5894338967487974,0.5368424872201841,0.0,0.0807791047636694,0.5107390455417051,0.6198583971521212,0.5167034442402194,0.0,0.0,0.4786136770595242,0.0,0.3732472620915139,0.0,0.5210940736362687,0.6765904333771214,0.1161386487615367,0.5483444747522812,0.0,0.0,0.4653304434392961,0.4614681308811199,0.4661824657103122,0.2698537766136513,0.0,0.5475337078156424,0.0,0.5270059669177464,0.4821384421938958,0.4510097380920124,0.3857388397687967,0.0,0.0,0.0,0.4190561045921246,0.4426521619734074,0.0,0.0,0.0,0.0,0.0,0.0,0.0,0.0,0.4693089091946686,0.0,0.5417757207502291,0.0,0.0,0.0,0.2106381160406286,0.6572171468963192,0.5929063263321808,0.0,0.0,0.0,0.0,0.0,0.8224264020893873,0.5264426732150467,0.6590035260548299,0.0,0.0,0.0,0.0,0.5395796611814773
0.4034855505823204,0.6828972895065667,0.0,0.0,0.4375411544559003,0.3601027805143727,0.490838267888623,0.372894190318643,0.0,0.7008968797592838,0.0,0.5498208155009346,0.5291614491719722,0.0,0.0531414454825989,0.6448835762303108,0.8413057290014597,0.767987001819731,0.0,0.1901453263202265,0.342927592255117,0.2036582798503653,0.2890597729033281,0.5210940736362687,0.0,0.6557440086367393,0.3017272460715204,0.5149614075924837,0.1127307849529101,0.0,0.3691158562652913,0.4913362963167278,0.2553894068724933,0.0084221838879723,0.0,0.0,0.0,0.1933117122265388,0.2424551320970624,0.1164724018959668,0.0345675430034136,0.0256249832748701,0.0,0.0,0.0,0.2114963266793108,0.3107010290713995,0.0,0.0,0.0,0.0,0.0,0.0,0.0,0.6988877215331741,0.0,0.5798584309548076,0.0,0.0,0.0,0.0,0.6857680449438545,0.3670824915611825,0.0,0.0965762955307753,0.2917885815406156,0.0,0.0,0.2714777021851726,0.5137465226246704,0.4582292647885203,0.0,0.0,0.0,0.0,0.2905858955722391
0.3703779423600639,0.8044032636762295,0.0,0.0,0.0,0.5889591527486298,0.3602819426847698,0.5612224202769132,0.0,0.3983900496570776,0.0,0.5443763404143211,0.5852835109777784,0.0,0.1343222419787934,0.569793959146062,0.595471142243089,0.5898358235078167,0.0,0.3365404280592449,0.3872372961747027,0.4116010148201863,0.542237739452329,0.6765904333771214,0.6557440086367393,0.0,0.3726806144031228,0.4767894164422496,0.227356336649009,0.0,0.2613245337672449,0.459079903671003,0.4833309999464329,0.1694064240504843,0.0,0.3787842462150277,0.0,0.2290002940369298,0.3728121643625564,0.4333334125074762,0.2378981342829263,0.0,0.0,0.0,0.1970742753408321,0.2614537692890475,0.5064973572921123,0.0,0.0,0.0,0.0,0.0,0.0,0.0,0.4024182863479169,0.0,0.5198028577127501,0.0,0.0,0.1640249887640883,0.169303500640368,0.4427796677816207,0.3639484513931437,0.0,0.4083161624971334,0.2998212360029929,0.2698271397506497,0.5293427982511905,0.4796553054776978,0.4516159047361759,0.7438543728253222,0.3776586503340878,0.0,0.2354470913748395,0.0,0.3028236194178207
0.3620412735622452,0.4356339908352687,0.7954054259168978,0.0187810377783804,0.654172011375067,0.7716058778552608,0.5635467967072789,0.5726123700011243,0.7860799058845624,0.1078563801278553,0.4534485079418242,0.0,0.5803922300120539,0.0,0.6262862782871889,0.5001286904947823,0.0,0.392026027321565,0.6728089016730956,0.6972939230276399,0.660860912381993,0.6989716732219304,0.7636801909329733,0.1161386487615367,0.3017272460715204,0.3726806144031228,0.0,0.4476770263402105,0.7579800663777426,0.5197584736361427,0.3758445775120643,0.3353441839796603,0.3008061013814367,0.2886464129415733,0.0,0.3326769880034296,0.1014358959152124,0.0,0.1305986212738334,0.0,0.2514088249729803,0.0419036593610548,0.1003007407848417,0.0,0.0,0.0,0.4254934491023577,0.7853020580877015,0.0,0.0,0.6374139031560501,0.4261385408633906,0.460222976382283,0.8252790236785993,0.0,0.6109711851954919,0.0,0.4023160281556783,0.1224129485940417,0.6167279504583268,0.0,0.0,0.0,0.6195430431281781,0.7321481324664685,0.5072588071586932,0.4942882106135102,0.6884369276624608,0.0,0.0,0.4015417547456095,0.913882744138752,0.3122623989333435,0.6316074537322016,0.4552929782142467,0.2809061828482226
0.5066044241521789,0.4242720354222822,0.5159597064455946,0.208007919308284,0.5526037779458691,0.4510136054534024,0.3700963759816674,0.4850035143927412,0.6079827750493066,0.4719064528695378,0.1215531808656337,0.4222300137351715,0.7478486790697934,0.1691644836971759,0.283086558740534,0.6679809413678528,0.5994631882552165,0.505140632914899,0.3370483327490887,0.5459113635522932,0.6279446057462768,0.4716974480805953,0.438072695920689,0.5483444747522812,0.5149614075924837,0.4767894164422496,0.4476770263402105,0.0,0.2983344160549616,0.6479285069017574,0.6843789378304034,0.5338431160633054,0.3523026746791995,0.3007056752266629,0.0138438230766615,0.6651025848373937,0.5052614579537267,0.2875967695326129,0.3648174224197132,0.0,0.3412304663207234,0.0689592550338995,0.4297136794436494,0.0,0.0,0.0,0.0,0.0,0.0,0.0,0.4607657246888029,0.0,0.5500918982352219,0.0,0.0,0.0,0.0,0.0,0.0,0.3274530096235098,0.0,0.0,0.0,0.0,0.4937737639013707,0.5670741550708094,0.0,0.4985742087994167,0.0,0.0,0.0,0.3876946101055882,0.7912541417728951,0.4162864089161175,0.0,0.5571982464586414
0.4201595302040802,0.3150365834769211,0.0,0.0,0.4238629038421818,0.4495833544076362,0.3662897633946085,0.2929688601926354,0.5461284573628781,0.0,0.0,0.0,0.4380566341640715,0.0,0.6442141469004147,0.4167344552241223,0.0,0.2434984878053546,0.0,0.642173428808821,0.5300096482480761,0.7399787105133537,0.5228206810827779,0.0,0.1127307849529101,0.227356336649009,0.7579800663777426,0.2983344160549616,0.0,0.486959553326319,0.3932063623868784,0.1498879456168878,0.2595518199263001,0.2978609180446996,0.0,0.2609895660881758,0.0669044405865706,0.0,0.2398975921860268,0.0,0.2255335031552358,0.0,0.0,0.0,0.0,0.0,0.3733610481713514,0.0,0.0,0.0,0.3044536052032026,0.0,0.0497013858489449,0.0,0.0,0.0,0.0,0.2828127695216593,0.0,0.6031218537229485,0.0,0.0,0.0,0.0,0.7087020696632474,0.5013934913297896,0.665142854969668,0.4413866134076919,0.0,0.0,0.3960733479895454,0.6983275869634219,0.2152091229081885,0.8098113836858318,0.0,0.4335936638402352
0.0,0.0,0.4284356289720123,0.0,0.0,0.4331078240436134,0.0,0.4429946755143482,0.5831884042643839,0.0,0.0,0.0,0.5943207412330124,0.0,0.0,0.6206383091054716,0.0,0.0,0.0,0.7631025721320217,0.6385800747816824,0.6656900740144143,0.4752788103819267,0.0,0.0,0.0,0.5197584736361427,0.6479285069017574,0.486959553326319,0.0,0.5996593680073677,0.4465895043468688,0.0,0.4155474136457962,0.0,0.0,0.0,0.0,0.2867959063014187,0.0,0.0,0.0,0.0,0.0,0.0,0.0,0.0,0.0,0.0,0.0,0.0,0.0,0.0,0.0,0.0,0.0,0.0,0.0,0.0,0.0,0.0,0.0,0.0,0.0,0.672759604292901,0.0,0.0,0.453339074301069,0.0,0.0,0.0,0.4793832552340664,0.0,0.0,0.0,0.0
0.7618537206745306,0.3337044900607467,0.2928449971409293,0.0,0.4165108228965565,0.2168344400110879,0.1674771412742743,0.3817866731774393,0.435541432631523,0.1582699866432035,0.0,0.0781259110768277,0.4820902123827199,0.067424376429234,0.4303439130871156,0.7031418094134065,0.491016187880537,0.3996653625010008,0.2241252003028153,0.604049628406863,0.7230199718421689,0.5894721188734182,0.3147250242588898,0.4653304434392961,0.3691158562652913,0.2613245337672449,0.3758445775120643,0.6843789378304034,0.3932063623868784,0.5996593680073677,0.0,0.5614996526274771,0.3582113916450557,0.5456800542234057,0.146072227782946,0.6130965710118517,0.4580992411443774,0.491058225402995,0.4949148769987537,0.3154242326422519,0.4423339772327176,0.0,0.0,0.0,0.0,0.7066244962001198,0.3804507115680032,0.0,0.0,0.0,0.3358078017694417,0.0,0.3757694962118433,0.0,0.4669008740622199,0.0,0.1374724644620832,0.0,0.0,0.5269138245242386,0.4726683909804758,0.0,0.6045851166737958,0.0,0.5090935470822872,0.7481907658030214,0.4550871637845029,0.4195370278075787,0.4837961720063263,0.5182386927498178,0.4916948660319807,0.3233102047382138,0.7225559996629439,0.5063010600687531,0.0,0.7342389121833284
0.4250246711552055,0.4267652951459988,0.3143913146452622,0.1657028111501361,0.4206870428570327,0.3858422328766372,0.3658426752508943,0.478663334058133,0.413224091172406,0.3498327080710436,0.0,0.3201500055412064,0.5478129839098029,0.0,0.1901921130212917,0.6224245438157777,0.531671979982677,0.5360405116839048,0.1957668912017579,0.3842990656385822,0.5949212246538511,0.3605592486430464,0.3135757722120961,0.4614681308811199,0.4913362963167278,0.459079903671003,0.3353441839796603,0.5338431160633054,0.1498879456168878,0.4465895043468688,0.5614996526274771,0.0,0.5401758428029209,0.3902215809405172,0.1321245709780747,0.5363231332660963,0.4381676860124785,0.3044679999833569,0.6142473806897163,0.3538125747543247,0.3930419361922701,0.1544830772692409,0.3754492089502498,0.371069430373423,0.0452164093545285,0.2980662882345801,0.2733103936815126,0.4165783029677226,0.0,0.0,0.4393933314131671,0.0,0.608447862167448,0.420354010271288,0.3169755751678474,0.3021616974542516,0.3236685981050503,0.4837534185233073,0.0,0.2354289292019103,0.0960872538850654,0.0,0.2214419480351778,0.4085002268396981,0.2811994256061941,0.4756222730799229,0.2103349495206229,0.3238606118631016,0.3047770586165955,0.2423950851417231,0.355564585642993,0.258843382803433,0.5984831833800903,0.2779726205505165,0.0,0.3875188765093589
0.2915058169887737,0.3549803106537904,0.0,0.0,0.0969146220300221,0.429961174401099,0.2125157697247801,0.3095120458791702,0.2128140144617415,0.0,0.0,0.2157906314227327,0.3638380819738788,0.0,0.2063958412451255,0.4424353661831458,0.2924612627966432,0.3934002263222343,0.0,0.3380749826582585,0.418296075889902,0.4828113792500604,0.2807414890582343,0.4661824657103122,0.2553894068724933,0.4833309999464329,0.3008061013814367,0.3523026746791995,0.2595518199263001,0.0,0.3582113916450557,0.5401758428029209,0.0,0.5558220380624805,0.1827063950790428,0.3707609408848917,0.2672884607737151,0.3777391714417619,0.5721816402184402,0.7322667792489471,0.6606190607901831,0.1046766644953284,0.0,0.0,0.1740816559632451,0.2481380139587073,0.3715412997363315,0.0,0.0,0.0,0.0,0.0,0.0,0.0,0.0446954013073003,0.0,0.1243699415767797,0.0,0.0,0.1960616704143937,0.2383349016346909,0.2413807003863005,0.30496576033859,0.0,0.415649625078981,0.2668546173822451,0.3331450354578468,0.2918321849084736,0.4691252543207613,0.2433411065407048,0.4316064251419654,0.2545394380983411,0.0,0.2903496041079943,0.0,0.310112889981993
0.325725979918689,0.2848761803072407,0.0590622149657159,0.0,0.1137537997898976,0.2334020801993669,0.0902998244841485,0.2595655452980803,0.1284359925322164,0.0,0.0,0.0236599317215268,0.2743014495166831,0.049287892421259,0.2989382206073518,0.3740264399218608,0.1807695566236228,0.2257896849431643,0.0151261103299798,0.5236651907814266,0.4773351403483944,0.534910170801042,0.196404226747486,0.2698537766136513,0.0084221838879723,0.1694064240504843,0.2886464129415733,0.3007056752266629,0.2978609180446996,0.4155474136457962,0.5456800542234057,0.3902215809405172,0.5558220380624805,0.0,0.1889314429658068,0.312706821222472,0.2678879704034682,0.4539075231186113,0.5635046690973325,0.5799100495738546,0.7345957159212468,0.0,0.308153773226421,0.0,0.2460149311801902,0.3687767729539771,0.4205964731486408,0.0,0.0,0.0,0.2049062896987987,0.0,0.1779882585360019,0.0,0.0771442661304307,0.0,0.0164857710851485,0.0,0.0,0.3263209864280124,0.3640616126384866,0.0,0.3074455628446278,0.0,0.4097077247066493,0.4171225901286688,0.4531934048973697,0.2202786651167855,0.3343814503834418,0.2940906267675829,0.3407529853751911,0.1923541341127288,0.2742015161191851,0.2554009277848748,0.0,0.3130764193667633
0.0,0.0,0.0,0.0476944029013887,0.0,0.0,0.0,0.0,0.0,0.0,0.0,0.0,0.0,0.0,0.0,0.0328649456500407,0.0238894605302437,0.0623530522445401,0.0,0.0,0.0,0.0,0.0,0.0,0.0,0.0,0.0,0.0138438230766615,0.0,0.0,0.146072227782946,0.1321245709780747,0.1827063950790428,0.1889314429658068,0.0,0.0353113215588993,0.0468957241561033,0.0,0.2374880520308956,0.0506131016016392,0.1443932087916443,0.2192206641144974,0.0,0.1087106133522117,0.0135207379228804,0.0,0.0,0.0,0.0,0.0,0.0,0.0,0.0,0.0,0.0,0.0,0.0,0.0,0.0,0.0,0.0,0.0,0.0,0.0,0.0,0.0,0.0,0.0,0.0,0.0,0.0,0.0,0.0,0.0,0.0,0.0
0.0,0.0,0.4507976414097671,0.0,0.3564721658799167,0.3548205550482023,0.1339752357162348,0.435122713644499,0.4478976646660211,0.125610005283856,0.0,0.1814492703623267,0.578206838491747,0.0,0.2438135613334154,0.0,0.0,0.0,0.2707437254585666,0.4249369614619531,0.5984483564434621,0.3981920850589888,0.3350348363438735,0.5475337078156424,0.0,0.3787842462150277,0.3326769880034296,0.6651025848373937,0.2609895660881758,0.0,0.6130965710118517,0.5363231332660963,0.3707609408848917,0.312706821222472,0.0353113215588993,0.0,0.7023780664336143,0.4335544638690078,0.4413741581763321,0.2815782908249139,0.390271628456553,0.0572062638012148,0.6380754816661895,0.5395744472196777,0.0,0.0,0.0,0.482732938201164,0.0,0.0,0.4886642878835561,0.3324080566010157,0.5079051776760285,0.4526142752499221,0.0,0.3559129798816147,0.1639868961940122,0.5768691286099541,0.4067092282799911,0.0,0.0,0.0,0.0,0.3387958749124493,0.0,0.0,0.0,0.4198529193828598,0.0,0.0,0.0,0.346783681204128,0.6559174349173561,0.4002907750207354,0.0,0.0
0.0,0.0,0.2046944700236911,0.0,0.3070647159529938,0.1550268665442458,0.1547510829850029,0.3378002650008148,0.2969658760079135,0.235192808817917,0.0,0.2642574586231423,0.4550741080197364,0.1550177702759574,0.0,0.0,0.0,0.0,0.1682982018506944,0.3396336717132115,0.0,0.3042721028520738,0.1718412649773867,0.0,0.0,0.0,0.1014358959152124,0.5052614579537267,0.0669044405865706,0.0,0.4580992411443774,0.4381676860124785,0.2672884607737151,0.2678879704034682,0.0468957241561033,0.7023780664336143,0.0,0.3406495277362333,0.3973097548156698,0.0,0.2928631969760309,0.0597111291638652,0.0,0.0,0.0,0.0,0.0,0.0,0.0,0.0,0.0,0.0,0.0,0.0,0.0,0.0,0.0,0.0,0.0,0.0,0.0,0.0,0.0,0.0,0.0,0.0,0.0,0.0,0.0,0.0,0.0,0.0,0.0,0.0,0.0,0.0
0.0,0.0,0.0,0.0,0.1840134208518698,0.0,0.0,0.0,0.1982122070041102,0.0,0.0,0.0,0.2423210378531319,0.0,0.0,0.0,0.2825756613150803,0.0,0.0,0.0,0.0,0.0,0.0,0.5270059669177464,0.1933117122265388,0.2290002940369298,0.0,0.2875967695326129,0.0,0.0,0.491058225402995,0.3044679999833569,0.3777391714417619,0.4539075231186113,0.0,0.4335544638690078,0.3406495277362333,0.0,0.4347282120297554,0.4513714970667779,0.4130450533677076,0.0,0.0,0.0,0.5075357811674118,0.0,0.0,0.0,0.0,0.0,0.0,0.0,0.0,0.0,0.1488658486782801,0.0,0.0136218121424195,0.0,0.0,0.0,0.0,0.0,0.0,0.0,0.0,0.0,0.0,0.0,0.5230537770348017,0.0,0.4089261557995788,0.0,0.0,0.0,0.0,0.0
0.4030019431294755,0.3751192303999076,0.1262186574171665,0.0,0.0,0.2018401671064475,0.0,0.2940836136744278,0.1495328937278982,0.0,0.0,0.1637490108067981,0.3664817527314444,0.0,0.1067235622839691,0.3814154389061137,0.0,0.3245067458443789,0.1444332221010599,0.3561954513548267,0.4145187433389478,0.4516012375444727,0.139639765897557,0.4821384421938958,0.2424551320970624,0.3728121643625564,0.1305986212738334,0.3648174224197132,0.2398975921860268,0.2867959063014187,0.4949148769987537,0.6142473806897163,0.5721816402184402,0.5635046690973325,0.2374880520308956,0.4413741581763321,0.3973097548156698,0.4347282120297554,0.0,0.5777050132724898,0.533394084460018,0.0,0.4628089549010432,0.2935200787075389,0.2600723418359323,0.4040975363899147,0.4439524270732504,0.2466238426969463,0.0,0.1783185702641225,0.3190027243281521,0.1546878679063542,0.207018506922378,0.197865194511502,0.1451555267724729,0.1068498810697155,0.0767454745788517,0.4118109612526443,0.1572243588526046,0.2191568041162026,0.482847629854195,0.3943182514799904,0.5287747068942587,0.2133828853663706,0.391643513882089,0.4124373997816787,0.4313131659379944,0.2196168198581354,0.5374342999075706,0.4226905163255958,0.5020487263759391,0.1760332597511926,0.4537326579783067,0.3943211165691274,0.5938928086418378,0.5049732395794527
0.284739461889007,0.3670388009738904,0.0,0.0,0.0,0.0,0.0,0.0,0.0,0.0,0.0,0.1618638918144402,0.0,0.0,0.2564355053246664,0.3473171818812544,0.2340931786395735,0.3284277776949532,0.0,0.3679744515933354,0.3351447827189061,0.4644393573264503,0.2446790030110869,0.4510097380920124,0.1164724018959668,0.4333334125074762,0.0,0.0,0.0,0.0,0.3154242326422519,0.3538125747543247,0.7322667792489471,0.5799100495738546,0.0506131016016392,0.2815782908249139,0.0,0.4513714970667779,0.5777050132724898,0.0,0.6673401458203242,0.0,0.2275399163009732,0.1748065275053487,0.2046402419216371,0.3761782553364931,0.4967596640221676,0.0,0.0,0.2452346238718253,0.3456465154751804,0.1187684565572235,0.2052838096975337,0.285860612420809,0.1613345890948727,0.2406621110412883,0.14302500168173,0.3135039606110341,0.0,0.2321573045363432,0.4695732492857287,0.3029047994955441,0.4749356047009828,0.0,0.4724510901719134,0.2827823629843157,0.5189775047214358,0.2602207682070754,0.5376126703781207,0.4001803249553453,0.5442702037333889,0.2768780989385375,0.3063748823227364,0.3374453317822147,0.5289068678357411,0.42386589362694
0.3017556454156239,0.2302011517714962,0.0,0.0,0.0,0.2757849809922905,0.0,0.2164346029877594,0.0,0.0,0.0,0.0092470536006895,0.0,0.0,0.2576737660209288,0.3043380148798332,0.1649764867854159,0.2143438163228031,0.0,0.4632611885726675,0.397725289727716,0.4989741364988588,0.1971644310842979,0.3857388397687967,0.0345675430034136,0.2378981342829263,0.2514088249729803,0.3412304663207234,0.2255335031552358,0.0,0.4423339772327176,0.3930419361922701,0.6606190607901831,0.7345957159212468,0.1443932087916443,0.390271628456553,0.2928631969760309,0.4130450533677076,0.533394084460018,0.6673401458203242,0.0,0.0835043024483882,0.2008008861796269,0.1285242187066379,0.1616783601218794,0.3463623033889222,0.3461138488952471,0.3647451376749025,0.0,0.2467124166055567,0.3043237633839123,0.0540584972232491,0.1988169120401421,0.2832361668943818,0.0,0.1666326938554963,0.0,0.2038182656823908,0.0920447794486829,0.2796760165182107,0.3524633863303612,0.1805872690015617,0.3272045843172158,0.1773892959361916,0.5094637048666076,0.3145249327355,0.4699567275700631,0.2144392037154352,0.4598124658175203,0.2672203569903041,0.3659055163414582,0.2399405627352079,0.3003895169660651,0.301542851019604,0.4705148155148935,0.3928529410806222
0.0,0.0,0.0,0.0,0.0,0.1576781803811793,0.0,0.0,0.0,0.0,0.0,0.0,0.0,0.0,0.0,0.0877842654460584,0.0,0.0816498867845715,0.0,0.0,0.0,0.0,0.0027860617689786,0.0,0.0256249832748701,0.0,0.0419036593610548,0.0689592550338995,0.0,0.0,0.0,0.1544830772692409,0.1046766644953284,0.0,0.2192206641144974,0.0572062638012148,0.0597111291638652,0.0,0.0,0.0,0.0835043024483882,0.0,0.0,0.0356581786934666,0.0,0.0,0.0,0.0352404939387115,0.3217466820739404,0.1801805065071667,0.0752796400352878,0.0,0.17997207136127,0.0750238398028362,0.009857416313414,0.0189324321217561,0.2263239965275665,0.0,0.0,0.0,0.0,0.0,0.0,0.0034862692285239,0.0,0.0,0.0,0.0,0.0,0.0,0.0,0.0,0.0070432810993794,0.0,0.0,0.0400940442684766
0.0,0.0,0.1512343106743056,0.0,0.2033103075027296,0.1976962164298026,0.0,0.4743787067662868,0.2100259809539727,0.0,0.0,0.0,0.4730502027754146,0.2228806762276137,0.0,0.0,0.0,0.0,0.1898055441056513,0.0,0.0,0.0,0.2240366755450938,0.0,0.0,0.0,0.1003007407848417,0.4297136794436494,0.0,0.0,0.0,0.3754492089502498,0.0,0.308153773226421,0.0,0.6380754816661895,0.0,0.0,0.4628089549010432,0.2275399163009732,0.2008008861796269,0.0,0.0,0.5852890557278393,0.3522430885003967,0.0,0.0,0.2202741908108869,0.1545400211141734,0.3048578686683163,0.4289653517603307,0.4327396117802682,0.4028947025158605,0.2637528623091643,0.2482339369972576,0.250925463231226,0.1429323658734582,0.6327577748344889,0.4423080065165971,0.2441302631598584,0.0,0.6423379109894319,0.0,0.2381148542733788,0.2428614190214226,0.5141338879901047,0.2090560777755628,0.3644773002548534,0.4960695233505267,0.5473089830560354,0.4618455366823964,0.1570197148569794,0.6404068113220885,0.2614781706970226,0.0,0.4525463427115253
0.0,0.0,0.0,0.0,0.0,0.0,0.0,0.0,0.0,0.0,0.0,0.0,0.0,0.0,0.0,0.0,0.0,0.0,0.0,0.0,0.0,0.0,0.0,0.0,0.0,0.0,0.0,0.0,0.0,0.0,0.0,0.371069430373423,0.0,0.0,0.1087106133522117,0.5395744472196777,0.0,0.0,0.2935200787075389,0.1748065275053487,0.1285242187066379,0.0356581786934666,0.5852890557278393,0.0,0.2096504756540552,0.0,0.0,0.1342537638691478,0.3565730621462902,0.3114881607893451,0.2524997791148409,0.3244489818433991,0.3075431989028923,0.1945023093099322,0.3646468767805613,0.2131017063115507,0.2143031555510528,0.453289013391625,0.403089622944787,0.0,0.0,0.0,0.0,0.241868167462077,0.0,0.0,0.0,0.224584797474235,0.0,0.0,0.0,0.0626883002260783,0.5522478731232108,0.1955998586036905,0.0,0.5173206346119923
