0.0,0.2722265990829319,0.0,0.0,0.0,0.0266181344669684,0.0,0.2640937309172366,0.0,0.243928344867108,0.0,0.0619125254247101,0.0,0.0,0.2142947994622467,0.3515475250291799,0.3452508360356318,0.4096824871532326,0.0,0.3137527774992072,0.2881835236084817,0.3478560102203999,0.1979263122842803,0.2903468029342025,0.4426467942433468,0.4561921057802455,0.3260329460106089,0.3502088748103729,0.2395969477071299,0.0,0.3522213428206061,0.3306032191681806,0.2250982937857081,0.1975300034948183,0.0,0.0,0.0,0.0,0.4777871071293199,0.3197620928476676,0.3631735402472802,0.0,0.0,0.0,0.0,0.8234690727892718,0.3136346903880397,0.0,0.0,0.0,0.0,0.0,0.0,0.0,0.3558065396590442,0.0,0.0,0.0,0.0,0.0,0.5082901405320656,0.0,0.4339745889905412,0.0,0.0,0.2562483559526679,0.629816670426053,0.0,0.2773131694558302,0.3189979663358079,0.488101543501015,0.0,0.0,0.0,0.0,0.0
0.2722265990829319,0.0,0.0,0.0,0.4831521622056322,0.782915959016276,0.6524226881929616,0.4832460259460293,0.4507604535909261,0.0,0.0,0.0,0.5415824813811264,0.0,0.568481698886009,0.5249197536695175,0.0,0.7594560727140579,0.0,0.6191249122836738,0.4081542355042484,0.6481804275409969,0.6177403321181347,0.0,0.9412235909575014,0.900456596158841,0.6605912474100472,0.5743076255372791,0.4948701759478116,0.0,0.2348823863104435,0.0969315121374645,0.224047084024217,0.2323722537376252,0.0,0.0,0.0,0.0,0.1871836245641898,0.3257203900277695,0.1533895562026722,0.0,0.0,0.0,0.0,0.2281717112489916,0.8183602832302388,0.0,0.0,0.0,0.0,0.0,0.0,0.0,0.0,0.0,0.0,0.0,0.0,0.5495869870544585,0.3016740013671184,0.0,0.4679136195101471,0.0,0.4711715205759374,0.3758458731297919,0.561083511923453,0.5648556227692221,0.0,0.8256275372562007,0.7715369198475471,0.6543725330837141,0.0,0.3323912829921593,0.0,0.2968564952549433
0.0,0.0,0.0,0.0,0.694530198219429,0.5300951916130107,0.4433335166387071,0.5659177686048569,0.8245043033117023,0.6802886044137019,0.7364522354998919,0.0,0.4875084271612958,0.1802181717854038,0.0,0.0,0.0,0.0,0.7829549608398058,0.0,0.0,0.0,0.6492952812122985,0.0,0.0,0.0,0.7398289752939987,0.6091520225501508,0.0,0.6449683816439759,0.4393686645198364,0.3020762146087267,0.0,0.4695608141993516,0.0937661440826869,0.0,0.0,0.0,0.2533732738315459,0.0,0.0,0.0,0.0,0.0,0.0,0.0,0.0,0.8872242162136103,0.0,0.3515134540240571,0.3467390790141831,0.0,0.4634924046676698,0.8115662642804697,0.0,0.7492047988852574,0.0,0.0,0.0,0.0,0.0,0.0,0.0,0.6814710603413333,0.0,0.0,0.0,0.590895296107171,0.0,0.0,0.0,0.5092515994775388,0.0,0.0,0.0,0.0
0.0,0.0,0.0,0.0,0.4217945246793024,0.2296255395243517,0.3851759071671792,0.2830167719798273,0.3269052377857826,0.2460569779823011,0.2034542274607148,0.0,0.344066158168459,0.0627093847558681,0.0,0.0,0.0,0.0,0.2608545970903988,0.0,0.0,0.0,0.2847291808761015,0.0,0.0,0.0,0.2677317117222851,0.4144330711182706,0.0,0.0,0.0,0.2555434336885204,0.0,0.2370390979608259,0.1362491346417325,0.0,0.0,0.0,0.0,0.0,0.0,0.0,0.0,0.0,0.0,0.0,0.0,0.0,0.0,0.0,0.0,0.0,0.0,0.0,0.0,0.0,0.0,0.0,0.0,0.0,0.0,0.0,0.0,0.0,0.0,0.0,0.0,0.0,0.0,0.0,0.0,0.0,0.0,0.0,0.0,0.0
0.0,0.4831521622056322,0.694530198219429,0.4217945246793024,0.0,0.5047935270424891,0.6652404101935852,0.5573288243601928,0.8260949788316827,0.6409136423128036,0.6642472748030362,0.4038438872246346,0.5734960411614047,0.1858953381229425,0.0,0.0,0.0,0.0,0.5387838466705679,0.6399386301303494,0.0,0.5955524018487582,0.5347790484013741,0.0,0.5736547103193597,0.0,0.718733502940256,0.5824768718555315,0.4943309514289693,0.0,0.4667277462478529,0.4014030351327846,0.4649516343992161,0.4316606533269856,0.0,0.0,0.0,0.530696326359961,0.0,0.0,0.0,0.0,0.0,0.0,0.0,0.0,0.0,0.6783500189406434,0.0,0.0,0.0,0.0,0.4115159018917417,0.7876615917610716,0.0,0.6439386270799468,0.0,0.0,0.0,0.0,0.0,0.0,0.0,0.0,0.0,0.0,0.0,0.4332352956799072,0.0,0.0,0.0,0.5104605032519037,0.0,0.0,0.0,0.0
0.0266181344669684,0.782915959016276,0.5300951916130107,0.2296255395243517,0.5047935270424891,0.0,0.6482819421476144,0.6832104014641683,0.4978575201029884,0.678503563908057,0.2299699678491902,0.0,0.6869754322251448,0.2974722259331562,0.5650536299571111,0.4304829591464534,0.0,0.5185722707526277,0.2622829304988014,0.514338756813163,0.4428845851397871,0.487951096483752,0.8380096236556129,0.0,0.6754085469992647,0.7119322277578592,0.6304173048358468,0.4680006434776195,0.5165780836259257,0.2333427030202482,0.2089512808768093,0.1340956355830229,0.2370554238556167,0.2195568683572522,0.0,0.1438940097251867,0.0,0.0,0.105081930363801,0.0,0.0369499476663454,0.0,0.0,0.0,0.0,0.0,0.0,0.4211937138314123,0.0,0.0,0.7032084329302346,0.3387834981167043,0.5972457757730967,0.476974196497086,0.0,0.2818433760526309,0.0,0.1916087314391924,0.0,0.4749185009728667,0.0,0.0,0.0,0.1871794163168936,0.23394356125013,0.3878730306243936,0.2633061037106979,0.6713625211922134,0.0,0.0,0.0,0.4901819814322875,0.0,0.1159524387763985,0.0,0.0802665403766585
0.0,0.6524226881929616,0.4433335166387071,0.3851759071671792,0.6652404101935852,0.6482819421476144,0.0,0.3275977000031596,0.6362242353475749,0.7575238168290302,0.208928867975574,0.2733029759207281,0.6572294524647895,0.0776652435115328,0.0,0.6407608074221307,0.7672119172767248,0.660155587085001,0.3363227474858127,0.6907789044507401,0.0,0.6891898013443882,0.5028510225571383,0.0725361885217906,0.7068160503189638,0.5631600588527186,0.751045412630304,0.7232187672961713,0.7552294115597862,0.0,0.5238584251461968,0.1429661994976983,0.1531035324498465,0.3992888641523857,0.0,0.0,0.0,0.4244552743211905,0.0,0.0,0.0,0.0,0.0,0.0,0.0,0.0,0.0,0.0,0.0,0.0,0.5498555864802993,0.0,0.0,0.0,0.0,0.0,0.0,0.0,0.0,0.0,0.0,0.0,0.0,0.0,0.0,0.0,0.0,0.5489110665815237,0.0,0.0,0.0,0.7523704412528396,0.0,0.0,0.0,0.0
0.2640937309172366,0.4832460259460293,0.5659177686048569,0.2830167719798273,0.5573288243601928,0.6832104014641683,0.3275977000031596,0.0,0.492671035783209,0.4605401852909711,0.493334324183619,0.0,0.5169862669750345,0.3088442586389834,0.4224674792538486,0.2303082173757908,0.0,0.327727223574802,0.3292246885894856,0.321072017204397,0.4245369164141271,0.2666868168336334,0.8251443713099939,0.6475424155017627,0.4223256622635852,0.5952426519891056,0.3928554281363791,0.367680856876115,0.1312230298650039,0.24875181041792,0.1332007071465939,0.3305066867115105,0.3286044623159157,0.1299388143122657,0.0,0.2596546532540287,0.0,0.0,0.2701973574238974,0.0,0.0380358169489076,0.0,0.1882202501405268,0.0,0.0,0.0,0.0,0.5437858658831161,0.0,0.3928031038948721,0.4300122533926483,0.2941752104930838,0.771371997742106,0.480300910319911,0.0,0.525344050486708,0.0,0.2778478210495909,0.2273552747564917,0.3662071849809727,0.0,0.0,0.0,0.2346517391202151,0.3758343792395726,0.3322582032227018,0.0,0.5568028348308203,0.0,0.0,0.0,0.1912343151632348,0.1074749134481511,0.0,0.0,0.0988314894388396
0.0,0.4507604535909261,0.8245043033117023,0.3269052377857826,0.8260949788316827,0.4978575201029884,0.6362242353475749,0.492671035783209,0.0,0.6656423889772155,0.6707865015241412,0.4008919335342221,0.5801424097773665,0.0944556320536097,0.0,0.551961221955154,0.0,0.0,0.6268723744833619,0.7115964374504391,0.0,0.6709790467937742,0.5734409306112657,0.0,0.0,0.0,0.7600394148208341,0.6800460352162425,0.479024766929816,0.6307951462212834,0.4796569457429633,0.3278101999767674,0.3476059206916551,0.4380746522312166,0.0312566729424202,0.0,0.0,0.5042870935583175,0.2711371518568775,0.0,0.0,0.0,0.0,0.0,0.0,0.0,0.0,0.839792135057284,0.0,0.0,0.3187909926066885,0.0,0.4430918011659368,0.9441964386331788,0.0,0.7224985965452047,0.0,0.0,0.0,0.0,0.0,0.0,0.0,0.5143516923256302,0.0,0.0,0.0,0.5393118783899542,0.0,0.0,0.0,0.5793283260455989,0.0,0.0,0.0,0.0
0.243928344867108,0.0,0.6802886044137019,0.2460569779823011,0.6409136423128036,0.678503563908057,0.7575238168290302,0.4605401852909711,0.6656423889772155,0.0,0.4020323246629115,0.5353232296608763,0.6531742038059175,0.1543968393564036,0.0,0.7357352273556493,0.9032028551927878,0.7448745879026286,0.5156040154723016,0.0,0.0,0.7903655657028954,0.6350478848264809,0.2425095364022367,0.8879854310399752,0.7698593135926668,0.7775204121972515,0.6954165203472034,0.0,0.0,0.5292004753240841,0.2285295135697787,0.2939705821422994,0.4818071536479888,0.0,0.0,0.0,0.5556964452877521,0.1849361883789327,0.4013072104603953,0.2683160972356511,0.0,0.0,0.0,0.5726901501888686,0.0,0.0,0.0,0.0,0.0,0.0,0.0,0.0,0.0,0.9104987127559157,0.0,0.7231300503334169,0.0,0.0,0.0,0.0,0.8443779086455115,0.4771127991308918,0.0,0.0,0.0,0.0,0.0,0.2658899959556546,0.8099132851328745,0.8260283228757626,0.0,0.1965449300442831,0.0,0.0,0.4453829785296483
0.0,0.0,0.7364522354998919,0.2034542274607148,0.6642472748030362,0.2299699678491902,0.208928867975574,0.493334324183619,0.6707865015241412,0.4020323246629115,0.0,0.27250259617515,0.259330682467861,0.1616653322702331,0.0,0.0,0.0,0.0,0.6797214090968983,0.0,0.0,0.0,0.3578993947231952,0.0,0.0,0.0,0.5007279357292641,0.3416149424669241,0.0,0.0,0.2887688254466966,0.3896147077394127,0.3198026108226094,0.2366080034884538,0.0774602462852942,0.0,0.0,0.3405178463723387,0.2855441559380095,0.0,0.0,0.0,0.0,0.0,0.0,0.0,0.0,0.866060954132715,0.0,0.4605494045817732,0.1086218803108144,0.2049017265707762,0.3427712536190325,0.6012818291082426,0.0,0.9274894240780016,0.0,0.1680119124014073,0.0160879617830242,0.0,0.0,0.0,0.0,0.6415973534172735,0.0,0.0,0.0,0.2736202441184379,0.0,0.0,0.0,0.2832752972338946,0.0,0.0,0.0,0.0
0.0619125254247101,0.0,0.0,0.0,0.4038438872246346,0.0,0.2733029759207281,0.0,0.4008919335342221,0.5353232296608763,0.27250259617515,0.0,0.5918741945152439,0.0,0.0,0.0,0.4516098908956067,0.4444511845223488,0.0,0.0,0.0,0.0,0.0,0.773140406029656,0.4601700956312697,0.7078391389031724,0.0,0.3680793699006777,0.0,0.0,0.0,0.0694339457733991,0.4896673205250551,0.056789315004546,0.0,0.3698265783672531,0.1015714895512927,0.3059987985138233,0.234611977535193,0.4980581536597637,0.0185932025831142,0.0,0.0,0.0,0.428380087827763,0.0,0.0,0.0,0.0,0.0,0.0,0.0,0.0,0.0,0.3843179699783416,0.0,0.8279433320844694,0.0,0.0,0.0,0.0,0.3579563900300263,0.1593329952758821,0.0,0.0,0.0,0.0,0.0,0.6481048074536512,0.2567080090842343,0.4847205408577322,0.0,0.0,0.0,0.0,0.0619148238760051
0.0,0.5415824813811264,0.4875084271612958,0.344066158168459,0.5734960411614047,0.6869754322251448,0.6572294524647895,0.5169862669750345,0.5801424097773665,0.6531742038059175,0.259330682467861,0.5918741945152439,0.0,0.0993734345077023,0.5921175682121674,0.5586184280184713,0.665582734136042,0.7000716795632429,0.2658336479447359,0.5534748127744757,0.6247609498063191,0.5062800346252738,0.6150135973989534,0.4196972753129874,0.5405614225933719,0.6415639168393036,0.5184874547905436,0.6947419498922291,0.6536420150228689,0.3182894213902419,0.3720067512629531,0.2932856547698013,0.3787890298074732,0.3332555424271597,0.0,0.0801586363877668,0.0188761525220902,0.4398073734881094,0.2779850648137928,0.0,0.0,0.0,0.0142432817802659,0.0,0.0,0.0,0.0,0.3978909602697352,0.0,0.0,0.4916794300331701,0.0,0.564983174868057,0.0,0.0,0.0,0.0,0.0,0.0,0.0,0.0,0.0,0.0,0.0,0.0,0.0,0.0,0.5698064507141491,0.0,0.0,0.0,0.4037824594460117,0.0,0.3310468163534554,0.0,0.0
0.0,0.0,0.1802181717854038,0.0627093847558681,0.1858953381229425,0.2974722259331562,0.0776652435115328,0.3088442586389834,0.0944556320536097,0.1543968393564036,0.1616653322702331,0.0,0.0993734345077023,0.0,0.0,0.0,0.0,0.0,0.0250131733956254,0.0,0.0398582609094696,0.0,0.3222214731265381,0.0,0.0,0.0,0.1444369695487352,0.1157286303884814,0.0,0.0,0.0,0.1019593879471005,0.0,0.0,0.0,0.4270681158598541,0.1480160689425375,0.0,0.0,0.0,0.0,0.0,0.3513672506912952,0.0,0.0,0.0,0.0,0.2023672242625266,0.0,0.0,0.0,0.0,0.0,0.0711311301250493,0.0,0.1868928868253846,0.0,0.0,0.0,0.0,0.0,0.0,0.0,0.0,0.0,0.0,0.0,0.287665693689774,0.0,0.0,0.0,0.0,0.0,0.0,0.0,0.0
0.2142947994622467,0.568481698886009,0.0,0.0,0.0,0.5650536299571111,0.0,0.4224674792538486,0.0,0.0,0.0,0.0,0.5921175682121674,0.0,0.0,0.744934238146238,0.0,0.5883474471229874,0.0,0.8858576596277363,0.8541602515237232,0.864982417394002,0.6340771924016697,0.1613983593463742,0.6329749079473256,0.597656164023257,0.7977712593249088,0.7552768305186857,0.6945595364190551,0.0,0.6286722350305151,0.2389274776328257,0.206855054164954,0.5959030318184779,0.0,0.0,0.0,0.0,0.1216459456476455,0.1808217306536841,0.3415544203165387,0.0,0.0,0.0,0.0,0.0,0.5642258129121103,0.0,0.0,0.0,0.431737945268325,0.0,0.4265224199456329,0.0,0.0,0.0,0.0,0.0,0.0,0.9296891052374194,0.5311882750362575,0.0,0.0,0.0,0.5156715027064938,0.7894326752567142,0.6679414174973177,0.6863217307383633,0.0,0.0,0.7167088012885874,0.6215959616603388,0.2155734621302855,0.3363262560529912,0.0,0.4346091010245419
0.3515475250291799,0.5249197536695175,0.0,0.0,0.0,0.4304829591464534,0.6407608074221307,0.2303082173757908,0.551961221955154,0.7357352273556493,0.0,0.0,0.5586184280184713,0.0,0.744934238146238,0.0,0.7637747141419323,0.7603872036260778,0.0,0.813755752931965,0.7370981672549731,0.8582630019992408,0.4765371961380178,0.0,0.6456297073163081,0.554820178863928,0.6728834123748557,0.7597450235008604,0.7746618455924716,0.556657398430199,0.8179403646850129,0.2575512421596141,0.0643642619310044,0.644795512711976,0.0053843829905435,0.0,0.0,0.0,0.0368362430275908,0.0732380848040229,0.3771870002237685,0.0,0.0,0.0,0.0,0.5024277306786298,0.5543361240070345,0.0,0.0,0.0,0.0,0.0,0.0,0.0,0.0,0.0,0.0,0.0,0.0,0.7384486608529641,0.7477704567379628,0.0,0.5808555035001656,0.0,0.4538759907671212,0.6926743327046878,0.6884503854460409,0.0,0.0,0.6592150650495422,0.6962373896196965,0.0,0.0,0.0,0.0,0.5105224523897302
0.3452508360356318,0.0,0.0,0.0,0.0,0.0,0.7672119172767248,0.0,0.0,0.9032028551927878,0.0,0.4516098908956067,0.665582734136042,0.0,0.0,0.7637747141419323,0.0,0.866846001225283,0.0,0.7412401369014224,0.0,0.7854538468809077,0.0,0.2238809885648033,0.8618047204983649,0.8107731357370167,0.0,0.7611382715777777,0.0,0.0,0.5453485275488756,0.2105202443408096,0.1920609164137069,0.4455925538370401,0.0,0.0,0.0,0.5004704879372945,0.0,0.3427537180437838,0.2945180129510858,0.0,0.0,0.0,0.0,0.0,0.0,0.0,0.0,0.0,0.0,0.0,0.0,0.0,0.8478427490123516,0.0,0.6191190374832897,0.0,0.0,0.0,0.0,0.9166295977828356,0.6621025911739693,0.0,0.0,0.0,0.0,0.0,0.2811245906931262,0.8226572957687344,0.8754873584078675,0.0,0.0,0.0,0.0,0.0
0.4096824871532326,0.7594560727140579,0.0,0.0,0.0,0.5185722707526277,0.660155587085001,0.327727223574802,0.0,0.7448745879026286,0.0,0.4444511845223488,0.7000716795632429,0.0,0.5883474471229874,0.7603872036260778,0.866846001225283,0.0,0.0,0.6698205946728286,0.5908653823916155,0.6938565014668313,0.443667893649546,0.3266145015014985,0.7985418621764483,0.7832763916713674,0.6352639865191848,0.7067121363270885,0.6868635480286205,0.0,0.4890374911268806,0.2453825221807144,0.3555734264775194,0.4050038584724743,0.0,0.0,0.0,0.0,0.2735851762813976,0.3878699079533546,0.2951893548623608,0.0,0.0,0.0,0.0,0.4239587010645684,0.6524334705961873,0.0,0.0,0.0,0.0,0.0,0.0,0.0,0.6958526439611393,0.0,0.5417271268268605,0.0,0.0,0.0,0.6564813568698601,0.7886608485422613,0.7595536986464428,0.0,0.0,0.0,0.6314197289026656,0.0,0.303888975541711,0.7302463180136742,0.7722024934581708,0.0,0.0,0.0,0.0,0.5261326828496311
0.0,0.0,0.7829549608398058,0.2608545970903988,0.5387838466705679,0.2622829304988014,0.3363227474858127,0.3292246885894856,0.6268723744833619,0.5156040154723016,0.6797214090968983,0.0,0.2658336479447359,0.0250131733956254,0.0,0.0,0.0,0.0,0.0,0.0,0.0,0.0,0.3594523253841732,0.0,0.0,0.0,0.5710479688411555,0.4536920351048879,0.0,0.0,0.5639218390848972,0.3847671597422616,0.0,0.5382326307496506,0.2461979310246715,0.0,0.0,0.0,0.1390460185538401,0.0,0.0,0.0,0.0,0.0,0.0,0.0,0.0,0.747130101299372,0.0,0.0,0.1479308405231749,0.0,0.19139602530191,0.6110158371526445,0.0,0.7003924282936222,0.0,0.0,0.0,0.0,0.0,0.0,0.0,0.92563756811005,0.0,0.0,0.0,0.4248026334767762,0.0,0.0,0.0,0.3786596486180654,0.0,0.0,0.0,0.0
0.3137527774992072,0.6191249122836738,0.0,0.0,0.6399386301303494,0.514338756813163,0.6907789044507401,0.321072017204397,0.7115964374504391,0.0,0.0,0.0,0.5534748127744757,0.0,0.8858576596277363,0.813755752931965,0.7412401369014224,0.6698205946728286,0.0,0.0,0.7807917875504702,1.0,0.5302636650758368,0.0,0.6858352395517616,0.5876844377095792,0.831638187461457,0.8141514161629952,0.7669269167431207,0.6621555599553807,0.7124796028965473,0.2412018632682669,0.0943345231155879,0.5956751814123261,0.0,0.0,0.0,0.0,0.121139250976085,0.112124799625844,0.4181468431606367,0.0,0.0,0.0,0.0,0.0,0.641330729445123,0.0,0.0,0.0,0.4091238026547778,0.0,0.2729371959463141,0.0,0.0,0.0,0.0,0.0,0.0,0.8645727582513335,0.0,0.0,0.0,0.0,0.583071999057262,0.7380237335046042,0.7909591010455219,0.6215096279848413,0.0,0.0,0.719135264693904,0.6789973905467369,0.2309264878626272,0.4424468698167584,0.0,0.4848188509182776
0.2881835236084817,0.4081542355042484,0.0,0.0,0.0,0.4428845851397871,0.0,0.4245369164141271,0.0,0.0,0.0,0.0,0.6247609498063191,0.0398582609094696,0.8541602515237232,0.7370981672549731,0.0,0.5908653823916155,0.0,0.7807917875504702,0.0,0.7563086005768901,0.601123762463179,0.1284846556046163,0.5472926673393073,0.5010904413126193,0.6882468613538072,0.722387785047208,0.7727681485472021,0.5943903519107382,0.7107265513119684,0.3612080080816492,0.1114830378047612,0.619481738760257,0.0351563270265378,0.0,0.0,0.0,0.1519073326042414,0.113311132365853,0.3335890592030791,0.0,0.0,0.0,0.0,0.5011949218678232,0.4615341766176036,0.0,0.0,0.0,0.3372285690653747,0.0,0.4511315167110251,0.0,0.0,0.0,0.0,0.0,0.0,0.8284909791157339,0.6484528788171756,0.0,0.0,0.0,0.4627198434595471,0.8900462147440965,0.6115706128306323,0.6545322568026718,0.0,0.5554927665537404,0.6854847215684299,0.5240764077858384,0.2951750655747127,0.4406754381886499,0.0,0.5180208954546752
0.3478560102203999,0.6481804275409969,0.0,0.0,0.5955524018487582,0.487951096483752,0.6891898013443882,0.2666868168336334,0.6709790467937742,0.7903655657028954,0.0,0.0,0.5062800346252738,0.0,0.864982417394002,0.8582630019992408,0.7854538468809077,0.6938565014668313,0.0,1.0,0.7563086005768901,0.0,0.4873613176494478,0.0,0.7455038567917243,0.6082120763272499,0.8517030162074473,0.7984661319395538,0.7707668995005471,0.6319441155953728,0.7390961842073391,0.2194983017226599,0.0853880708435445,0.6057044368474555,0.0,0.0,0.0,0.0,0.0955338383482878,0.1018460083993692,0.4100406542745834,0.0,0.0,0.0,0.0,0.4916560730323069,0.6642580868843402,0.0,0.0,0.0,0.4055012172386099,0.0,0.0,0.0,0.0,0.0,0.0,0.0,0.0,0.85661460031353,0.6458376676913071,0.0,0.5002000485454199,0.0,0.566934362932095,0.7258103970067122,0.8236949858147072,0.6017456834042892,0.0,0.7589033343304887,0.7328450099633902,0.7370410949033395,0.0,0.4756678783480321,0.0,0.5038065226015314
0.1979263122842803,0.6177403321181347,0.6492952812122985,0.2847291808761015,0.5347790484013741,0.8380096236556129,0.5028510225571383,0.8251443713099939,0.5734409306112657,0.6350478848264809,0.3578993947231952,0.0,0.6150135973989534,0.3222214731265381,0.6340771924016697,0.4765371961380178,0.0,0.443667893649546,0.3594523253841732,0.5302636650758368,0.601123762463179,0.4873613176494478,0.0,0.4618632685927378,0.5945018131907484,0.7085943990256548,0.6006465954476297,0.5035211250017457,0.4134606974917742,0.3186408945456105,0.3180255724290418,0.2568442185916283,0.2348638935202321,0.2773858460312066,0.0,0.1226325757229084,0.0,0.0,0.1049534651980041,0.255681072223463,0.1056932034796001,0.0,0.0,0.0,0.0,0.0,0.4728662851334684,0.5523329499227626,0.0,0.247218945877088,0.5946560696223435,0.3239133728311289,0.7590180761970681,0.5505849464380295,0.0,0.406592717970894,0.0,0.2690517475246994,0.0862662104440773,0.551428922499173,0.0,0.0,0.0,0.2859444128066287,0.3063164348685172,0.5167968564092987,0.3219639953696949,0.808020540813868,0.0,0.0,0.6310122116295748,0.3893169457048583,0.0,0.0679491485453671,0.0237102067783066,0.1303718669300295
0.2903468029342025,0.0,0.0,0.0,0.0,0.0,0.0725361885217906,0.6475424155017627,0.0,0.2425095364022367,0.0,0.773140406029656,0.4196972753129874,0.0,0.1613983593463742,0.0,0.2238809885648033,0.3266145015014985,0.0,0.0,0.1284846556046163,0.0,0.4618632685927378,0.0,0.3030394259719597,0.5819381791232086,0.0838955150493933,0.1940605455444837,0.0,0.0,0.0,0.1472768568359518,0.5419104249802966,0.0,0.0,0.5439177651171836,0.0,0.2505244841480294,0.4117167916749134,0.5610435382466169,0.0,0.0,0.0,0.0,0.2956305813463304,0.1683464595821048,0.0,0.0,0.0,0.0,0.0,0.0,0.0,0.0,0.1610348644104695,0.0,0.6003899900612742,0.0,0.0,0.0,0.0,0.1790115221402617,0.1775042242339209,0.0,0.0,0.0,0.0,0.0,0.8514140752252036,0.0971358594232165,0.3808948249183905,0.0,0.0,0.0,0.0,0.1532765898300853
0.4426467942433468,0.9412235909575014,0.0,0.0,0.5736547103193597,0.6754085469992647,0.7068160503189638,0.4223256622635852,0.0,0.8879854310399752,0.0,0.4601700956312697,0.5405614225933719,0.0,0.6329749079473256,0.6456297073163081,0.8618047204983649,0.7985418621764483,0.0,0.6858352395517616,0.5472926673393073,0.7455038567917243,0.5945018131907484,0.3030394259719597,0.0,0.8914033390896141,0.7854041858923425,0.6168134304796533,0.5987675876820351,0.0,0.3751833404584645,0.1712163897547749,0.2814826244082535,0.3316758618161337,0.0,0.0,0.0,0.4816756525487879,0.2793259379949089,0.4280371141424885,0.2599010480807922,0.0,0.0,0.0,0.0,0.4229783616022688,0.8581409545833568,0.0,0.0,0.0,0.0,0.0,0.0,0.0,0.8085990528951744,0.0,0.5980615242128463,0.0,0.0,0.0,0.4543673971532803,0.7656806863767596,0.5173574921981959,0.0,0.5919990773360738,0.5089404248474099,0.6941911909063466,0.0,0.290278753819668,0.8948980107294486,0.8465897032932298,0.0,0.0,0.0,0.0,0.4432477203275805
0.4561921057802455,0.900456596158841,0.0,0.0,0.0,0.7119322277578592,0.5631600588527186,0.5952426519891056,0.0,0.7698593135926668,0.0,0.7078391389031724,0.6415639168393036,0.0,0.597656164023257,0.554820178863928,0.8107731357370167,0.7832763916713674,0.0,0.5876844377095792,0.5010904413126193,0.6082120763272499,0.7085943990256548,0.5819381791232086,0.8914033390896141,0.0,0.6192138714954136,0.6097552520390608,0.4584581752268527,0.0,0.2475263059639371,0.1712279041877449,0.3582601269044616,0.2095427444268279,0.0,0.2320419220676563,0.0,0.4628901482512847,0.2861131503019731,0.4619427585773086,0.2124885631859026,0.0,0.0,0.0,0.5180582907466278,0.3631531318587748,0.6492691143488761,0.0,0.0,0.0,0.0,0.0,0.0,0.0,0.6665690372845778,0.0,0.6965804926434214,0.0,0.0,0.6034336150164346,0.3574901594376637,0.692130510244276,0.4904404009025929,0.0,0.5447875915164252,0.4103174720291742,0.5858949956546401,0.5773972556865354,0.5123338443698743,0.6697301883038717,0.8538713788016765,0.550968923642993,0.0,0.3107342824099004,0.0,0.3687899460204201
0.3260329460106089,0.6605912474100472,0.7398289752939987,0.2677317117222851,0.718733502940256,0.6304173048358468,0.751045412630304,0.3928554281363791,0.7600394148208341,0.7775204121972515,0.5007279357292641,0.0,0.5184874547905436,0.1444369695487352,0.7977712593249088,0.6728834123748557,0.0,0.6352639865191848,0.5710479688411555,0.831638187461457,0.6882468613538072,0.8517030162074473,0.6006465954476297,0.0838955150493933,0.7854041858923425,0.6192138714954136,0.0,0.6713721783001414,0.7315189908042152,0.5610732967067138,0.5690453774800885,0.2750228718665877,0.2012835343933066,0.5031310097322234,0.0,0.0,0.0,0.0,0.2306797867802393,0.0,0.2913321844537726,0.0,0.0,0.0,0.0,0.0,0.7556685035664005,0.6864367426275974,0.0,0.0,0.5065222771296909,0.528528662242701,0.3226279875380392,0.7946122114733299,0.0,0.5261919342800848,0.0,0.2323064734082183,0.0,0.7853676727105123,0.0,0.0,0.0,0.5049460045692563,0.6288070492481732,0.6597633804725309,0.6991649913228843,0.6304123592056634,0.0,0.0,0.7015550676663056,0.85533121209027,0.2525672471547218,0.5425168818539323,0.1355475688201788,0.422303739641482
0.3502088748103729,0.5743076255372791,0.6091520225501508,0.4144330711182706,0.5824768718555315,0.4680006434776195,0.7232187672961713,0.367680856876115,0.6800460352162425,0.6954165203472034,0.3416149424669241,0.3680793699006777,0.6947419498922291,0.1157286303884814,0.7552768305186857,0.7597450235008604,0.7611382715777777,0.7067121363270885,0.4536920351048879,0.8141514161629952,0.722387785047208,0.7984661319395538,0.5035211250017457,0.1940605455444837,0.6168134304796533,0.6097552520390608,0.6713721783001414,0.0,0.6635812558207497,0.5917011507279711,0.6124997329403358,0.1837332906546096,0.1496682806510328,0.5006655537210573,0.0,0.0,0.0377989754725418,0.4994138499435913,0.2386979772651516,0.0,0.3979740692976887,0.0,0.0,0.0,0.0,0.0,0.0,0.0,0.0,0.0,0.4591186079514958,0.0,0.3816570691464895,0.0,0.0,0.0,0.0,0.0,0.0,0.7992259520018524,0.0,0.0,0.0,0.0,0.5212105247967552,0.6857671542826996,0.0,0.6098182757317232,0.0,0.0,0.0,0.617603315100835,0.4115106805660424,0.4456093634115569,0.0,0.5541275338527814
0.2395969477071299,0.4948701759478116,0.0,0.0,0.4943309514289693,0.5165780836259257,0.7552294115597862,0.1312230298650039,0.479024766929816,0.0,0.0,0.0,0.6536420150228689,0.0,0.6945595364190551,0.7746618455924716,0.0,0.6868635480286205,0.0,0.7669269167431207,0.7727681485472021,0.7707668995005471,0.4134606974917742,0.0,0.5987675876820351,0.4584581752268527,0.7315189908042152,0.6635812558207497,0.0,0.4637511331069107,0.6996786432178672,0.2257261417140133,0.0826535877511531,0.5575982272699335,0.0,0.0,0.0,0.0,0.1336788046153381,0.0,0.2915493059195889,0.0,0.0,0.0,0.0,0.0,0.5519736602580564,0.0,0.0,0.0,0.3830343844950125,0.0,0.1624613467335677,0.0,0.0,0.0,0.0,0.3644074355137175,0.0,0.7058158297884882,0.0,0.0,0.0,0.0,0.3749678895379639,0.7412094386851724,0.5443613149501085,0.5244147327937749,0.0,0.0,0.5853973986501391,0.6438965965777262,0.2412837190149075,0.6165831645199195,0.0,0.5242675376454574
0.0,0.0,0.6449683816439759,0.0,0.0,0.2333427030202482,0.0,0.24875181041792,0.6307951462212834,0.0,0.0,0.0,0.3182894213902419,0.0,0.0,0.556657398430199,0.0,0.0,0.0,0.6621555599553807,0.5943903519107382,0.6319441155953728,0.3186408945456105,0.0,0.0,0.0,0.5610732967067138,0.5917011507279711,0.4637511331069107,0.0,0.7260378425262985,0.3699185385226815,0.0,0.6355164957533797,0.1620494462839755,0.0,0.0,0.0,0.1031557482783658,0.0,0.0,0.0,0.0,0.0,0.0,0.0,0.0,0.0,0.0,0.0,0.0,0.0,0.0,0.0,0.0,0.0,0.0,0.0,0.0,0.0,0.0,0.0,0.0,0.0,0.4320768335208488,0.0,0.0,0.3679671901412545,0.0,0.0,0.0,0.3637447463605819,0.0,0.0,0.0,0.0
0.3522213428206061,0.2348823863104435,0.4393686645198364,0.0,0.4667277462478529,0.2089512808768093,0.5238584251461968,0.1332007071465939,0.4796569457429633,0.5292004753240841,0.2887688254466966,0.0,0.3720067512629531,0.0,0.6286722350305151,0.8179403646850129,0.5453485275488756,0.4890374911268806,0.5639218390848972,0.7124796028965473,0.7107265513119684,0.7390961842073391,0.3180255724290418,0.0,0.3751833404584645,0.2475263059639371,0.5690453774800885,0.6124997329403358,0.6996786432178672,0.7260378425262985,0.0,0.4373029718025998,0.0,0.7070876690883379,0.1237840641614653,0.0,0.0,0.4298232706083593,0.0626622262741142,0.0,0.4279686836753331,0.0,0.0,0.0,0.0,0.5552483837637043,0.3474132916421428,0.0,0.0,0.0,0.1117015350911918,0.0,0.1159840592852037,0.0,0.5479937822722453,0.0,0.1265022149620148,0.0,0.0,0.6380376697903185,0.7034898746263166,0.0,0.4108171514376904,0.0,0.404372300906098,0.6601432954301101,0.6261864017899857,0.4238167308557651,0.0,0.4597537584505246,0.463766800750825,0.400723661718668,0.2170747315033135,0.4414590776628213,0.0,0.5703580275997282
0.3306032191681806,0.0969315121374645,0.3020762146087267,0.2555434336885204,0.4014030351327846,0.1340956355830229,0.1429661994976983,0.3305066867115105,0.3278101999767674,0.2285295135697787,0.3896147077394127,0.0694339457733991,0.2932856547698013,0.1019593879471005,0.2389274776328257,0.2575512421596141,0.2105202443408096,0.2453825221807144,0.3847671597422616,0.2412018632682669,0.3612080080816492,0.2194983017226599,0.2568442185916283,0.1472768568359518,0.1712163897547749,0.1712279041877449,0.2750228718665877,0.1837332906546096,0.2257261417140133,0.3699185385226815,0.4373029718025998,0.0,0.3961887553722634,0.4328989815094025,0.2569827441016857,0.0,0.0,0.326670051702516,0.4708995685668012,0.2924805802572829,0.2784630597457998,0.061165669715786,0.0380414486948347,0.0352448071099335,0.2540479301017563,0.3745105924973581,0.119142633249056,0.2791180218790089,0.0,0.0,0.0462273313533039,0.0,0.2884872480494414,0.2705834864134503,0.2211673954823176,0.3225961343321946,0.0970012211035949,0.3527192226715425,0.0,0.2286549038916114,0.1920631773364042,0.0,0.075963677747276,0.3087401323585559,0.3327475445064847,0.3055750910333987,0.2780797727086248,0.207082833493453,0.1416750501692948,0.0896623687547056,0.2214866783599353,0.037767706638915,0.2869106710688346,0.2104847659229686,0.0,0.3416848603114905
0.2250982937857081,0.224047084024217,0.0,0.0,0.4649516343992161,0.2370554238556167,0.1531035324498465,0.3286044623159157,0.3476059206916551,0.2939705821422994,0.3198026108226094,0.4896673205250551,0.3787890298074732,0.0,0.206855054164954,0.0643642619310044,0.1920609164137069,0.3555734264775194,0.0,0.0943345231155879,0.1114830378047612,0.0853880708435445,0.2348638935202321,0.5419104249802966,0.2814826244082535,0.3582601269044616,0.2012835343933066,0.1496682806510328,0.0826535877511531,0.0,0.0,0.3961887553722634,0.0,0.1403743089524962,0.1154737569670889,0.2522482492850961,0.089603074148692,0.342132199856927,0.4827507302929381,0.7426825603762168,0.240860193734673,0.0889330052734878,0.0,0.0,0.2898022549728848,0.227201507271702,0.1219349395586119,0.0,0.0,0.0,0.0,0.0,0.0,0.0,0.2261041493031813,0.0,0.4079216863119033,0.0,0.0,0.1879688739748669,0.0906603478984221,0.1190949184517389,0.1280532588496997,0.0,0.2928247680707521,0.0604286648277858,0.1660363413789926,0.1221831615320289,0.4904903011545804,0.129173283349793,0.2466431264884903,0.0894557615718375,0.0,0.0945839246284211,0.0,0.2791852132661205
0.1975300034948183,0.2323722537376252,0.4695608141993516,0.2370390979608259,0.4316606533269856,0.2195568683572522,0.3992888641523857,0.1299388143122657,0.4380746522312166,0.4818071536479888,0.2366080034884538,0.056789315004546,0.3332555424271597,0.0,0.5959030318184779,0.644795512711976,0.4455925538370401,0.4050038584724743,0.5382326307496506,0.5956751814123261,0.619481738760257,0.6057044368474555,0.2773858460312066,0.0,0.3316758618161337,0.2095427444268279,0.5031310097322234,0.5006655537210573,0.5575982272699335,0.6355164957533797,0.7070876690883379,0.4328989815094025,0.1403743089524962,0.0,0.3211650153505031,0.0,0.0,0.4215228758190809,0.0784099613194138,0.0580531828287071,0.5993756926659035,0.0,0.0,0.0,0.3769166370679114,0.3762636984846007,0.3360218332639124,0.0,0.0,0.0,0.1721387999506424,0.0,0.088851773607831,0.0,0.510034449724617,0.0,0.2544908725885817,0.0,0.0,0.5375076462453667,0.5214248425277296,0.0,0.2702689557774927,0.0,0.2834614083783758,0.6017977405490634,0.490181567427619,0.3427339176441904,0.0,0.4111464728243644,0.4021990552649785,0.3052817685051447,0.1494155169774405,0.295936686812891,0.0,0.4121495086317424
0.0,0.0,0.0937661440826869,0.1362491346417325,0.0,0.0,0.0,0.0,0.0312566729424202,0.0,0.0774602462852942,0.0,0.0,0.0,0.0,0.0053843829905435,0.0,0.0,0.2461979310246715,0.0,0.0351563270265378,0.0,0.0,0.0,0.0,0.0,0.0,0.0,0.0,0.1620494462839755,0.1237840641614653,0.2569827441016857,0.1154737569670889,0.3211650153505031,0.0,0.0,0.0,0.0,0.0,0.0,0.1880709323879006,0.0438089744831644,0.0,0.0,0.0,0.0,0.0,0.0,0.0,0.0,0.0,0.0,0.0,0.0,0.0,0.0,0.0,0.0,0.0,0.0,0.0,0.0,0.0,0.0,0.0,0.0180104301197355,0.0,0.0,0.0,0.0,0.0,0.0,0.0,0.0,0.0,0.0
0.0,0.0,0.0,0.0,0.0,0.1438940097251867,0.0,0.2596546532540287,0.0,0.0,0.0,0.3698265783672531,0.0801586363877668,0.4270681158598541,0.0,0.0,0.0,0.0,0.0,0.0,0.0,0.0,0.1226325757229084,0.5439177651171836,0.0,0.2320419220676563,0.0,0.0,0.0,0.0,0.0,0.0,0.2522482492850961,0.0,0.0,0.0,0.4868365090470171,0.0471015682372491,0.2300822588253808,0.3484048788187515,0.0,0.2114896402688028,0.7306991001526477,0.3421884733003665,0.0,0.0,0.0,0.0,0.0,0.0,0.1820560542037339,0.0904537617099757,0.2664320155834846,0.0,0.0,0.0,0.1775712800577779,0.0614846284926379,0.5588045075671726,0.0,0.0,0.0,0.0,0.0,0.0,0.0,0.0,0.0,0.0,0.0,0.0,0.0,0.0734127922775867,0.0,0.0,0.0
0.0,0.0,0.0,0.0,0.0,0.0,0.0,0.0,0.0,0.0,0.0,0.1015714895512927,0.0188761525220902,0.1480160689425375,0.0,0.0,0.0,0.0,0.0,0.0,0.0,0.0,0.0,0.0,0.0,0.0,0.0,0.0377989754725418,0.0,0.0,0.0,0.0,0.089603074148692,0.0,0.0,0.4868365090470171,0.0,0.0176806900409878,0.1680951650466221,0.0,0.0,0.1193450163864641,0.0,0.0,0.0,0.0,0.0,0.0,0.0,0.0,0.0,0.0,0.0,0.0,0.0,0.0,0.0,0.0,0.0,0.0,0.0,0.0,0.0,0.0,0.0,0.0,0.0,0.0,0.0,0.0,0.0,0.0,0.0,0.0,0.0,0.0
0.0,0.0,0.0,0.0,0.530696326359961,0.0,0.4244552743211905,0.0,0.5042870935583175,0.5556964452877521,0.3405178463723387,0.3059987985138233,0.4398073734881094,0.0,0.0,0.0,0.5004704879372945,0.0,0.0,0.0,0.0,0.0,0.0,0.2505244841480294,0.4816756525487879,0.4628901482512847,0.0,0.4994138499435913,0.0,0.0,0.4298232706083593,0.326670051702516,0.342132199856927,0.4215228758190809,0.0,0.0471015682372491,0.0176806900409878,0.0,0.2010223874680956,0.3274984202098497,0.3053172199520977,0.0,0.0,0.0,0.4408569811725298,0.0,0.0,0.0,0.0,0.0,0.0,0.0,0.0,0.0,0.5108631816574801,0.0,0.4136040868609145,0.0,0.0,0.0,0.0,0.0,0.0,0.0,0.0,0.0,0.0,0.0,0.2863655619016643,0.0,0.5481960302886087,0.0,0.0,0.0,0.0,0.0
0.4777871071293199,0.1871836245641898,0.2533732738315459,0.0,0.0,0.105081930363801,0.0,0.2701973574238974,0.2711371518568775,0.1849361883789327,0.2855441559380095,0.234611977535193,0.2779850648137928,0.0,0.1216459456476455,0.0368362430275908,0.0,0.2735851762813976,0.1390460185538401,0.121139250976085,0.1519073326042414,0.0955338383482878,0.1049534651980041,0.4117167916749134,0.2793259379949089,0.2861131503019731,0.2306797867802393,0.2386979772651516,0.1336788046153381,0.1031557482783658,0.0626622262741142,0.4708995685668012,0.4827507302929381,0.0784099613194138,0.0,0.2300822588253808,0.1680951650466221,0.2010223874680956,0.0,0.5598424421917569,0.2998962982804006,0.1693525479596368,0.4116715228217926,0.2964360069426316,0.3693795178384283,0.51022922944142,0.2795591118077387,0.2164203749884545,0.2367869765161491,0.5017665884354056,0.1805809062447918,0.3921404827530625,0.3191474911229451,0.2564049131775677,0.271732975900863,0.2996192664806652,0.2303964076492537,0.346736630551379,0.2409674397814909,0.1853252088706049,0.2332003295475241,0.1744942386526188,0.2296929875935462,0.0564647062043877,0.4487167715835244,0.1865720373128392,0.3114402205294799,0.1409576294509066,0.4452134875770419,0.2272154537656737,0.2957222157704935,0.2233476626526578,0.5773072660820123,0.3784396949429704,0.4262231621621829,0.5117378685055581
0.3197620928476676,0.3257203900277695,0.0,0.0,0.0,0.0,0.0,0.0,0.0,0.4013072104603953,0.0,0.4980581536597637,0.0,0.0,0.1808217306536841,0.0732380848040229,0.3427537180437838,0.3878699079533546,0.0,0.112124799625844,0.113311132365853,0.1018460083993692,0.255681072223463,0.5610435382466169,0.4280371141424885,0.4619427585773086,0.0,0.0,0.0,0.0,0.0,0.2924805802572829,0.7426825603762168,0.0580531828287071,0.0,0.3484048788187515,0.0,0.3274984202098497,0.5598424421917569,0.0,0.2026379584935719,0.0714401485085571,0.4371972345417866,0.1650279303146382,0.4046050545266084,0.2946167348704561,0.3073046527947357,0.0,0.0,0.5754503869399824,0.300662847594063,0.4193740244726948,0.3790881836881741,0.3767506063391504,0.4392509272399682,0.464329036633105,0.4970525456339334,0.3515180724831437,0.0,0.2186970154566169,0.1510119602815976,0.2898421457855372,0.2641540242928949,0.0,0.4279609845859926,0.1271783819453855,0.2637719458058411,0.2094457868679475,0.5872938212496068,0.3245702673555792,0.4235969601114553,0.2306596917192423,0.3601817010516316,0.2357225716762303,0.3014470271621871,0.3131423399268791
0.3631735402472802,0.1533895562026722,0.0,0.0,0.0,0.0369499476663454,0.0,0.0380358169489076,0.0,0.2683160972356511,0.0,0.0185932025831142,0.0,0.0,0.3415544203165387,0.3771870002237685,0.2945180129510858,0.2951893548623608,0.0,0.4181468431606367,0.3335890592030791,0.4100406542745834,0.1056932034796001,0.0,0.2599010480807922,0.2124885631859026,0.2913321844537726,0.3979740692976887,0.2915493059195889,0.0,0.4279686836753331,0.2784630597457998,0.240860193734673,0.5993756926659035,0.1880709323879006,0.0,0.0,0.3053172199520977,0.2998962982804006,0.2026379584935719,0.0,0.1637926975882917,0.0,0.0,0.4519692259601685,0.4876713302665005,0.1880857796077528,0.229850603962493,0.0445221318381085,0.1686488986157619,0.1019884071813307,0.2190344390646145,0.1213692499800495,0.3272993540264697,0.3413877033696156,0.1709016640854353,0.1426127834170318,0.1778159258009426,0.0,0.3643686273515656,0.4924547436918927,0.2756774260710795,0.2443200517832775,0.2510539903662778,0.3562227279087862,0.3902874335611684,0.4418454340076806,0.2228703463265764,0.1661778550348879,0.2574845166287223,0.3443110603947295,0.2327166664316149,0.3359005678630868,0.3027453286695318,0.2900935364651427,0.5059407326580876
0.0,0.0,0.0,0.0,0.0,0.0,0.0,0.0,0.0,0.0,0.0,0.0,0.0,0.0,0.0,0.0,0.0,0.0,0.0,0.0,0.0,0.0,0.0,0.0,0.0,0.0,0.0,0.0,0.0,0.0,0.0,0.061165669715786,0.0889330052734878,0.0,0.0438089744831644,0.2114896402688028,0.1193450163864641,0.0,0.1693525479596368,0.0714401485085571,0.1637926975882917,0.0,0.2410157675672222,0.1396856015260807,0.0,0.1204385062022195,0.0,0.0,0.1193299677205018,0.0,0.0,0.0,0.0,0.0,0.0,0.0,0.0,0.0831547713498421,0.0,0.0,0.0,0.0,0.0,0.0,0.0,0.0,0.0,0.0,0.0747936589195863,0.0,0.0,0.0,0.1034581228379428,0.0080300676730274,0.1079222160919741,0.1148225453636723
0.0,0.0,0.0,0.0,0.0,0.0,0.0,0.1882202501405268,0.0,0.0,0.0,0.0,0.0142432817802659,0.3513672506912952,0.0,0.0,0.0,0.0,0.0,0.0,0.0,0.0,0.0,0.0,0.0,0.0,0.0,0.0,0.0,0.0,0.0,0.0380414486948347,0.0,0.0,0.0,0.7306991001526477,0.0,0.0,0.4116715228217926,0.4371972345417866,0.0,0.2410157675672222,0.0,0.3796633996723906,0.0417772183250859,0.0,0.0,0.0,0.4354322365486852,0.4103481016435575,0.1717104241884322,0.2173452666249676,0.2557537883216955,0.0,0.0,0.0593575507268113,0.1405818481142819,0.1922950273871348,0.5666194873751476,0.0,0.0,0.0,0.0,0.0,0.1083452728926117,0.0,0.0,0.0,0.440535155239302,0.0,0.0250205215880598,0.0,0.2341224992875318,0.0017335196592502,0.0,0.0554090979695162
0.0,0.0,0.0,0.0,0.0,0.0,0.0,0.0,0.0,0.0,0.0,0.0,0.0,0.0,0.0,0.0,0.0,0.0,0.0,0.0,0.0,0.0,0.0,0.0,0.0,0.0,0.0,0.0,0.0,0.0,0.0,0.0352448071099335,0.0,0.0,0.0,0.3421884733003665,0.0,0.0,0.2964360069426316,0.1650279303146382,0.0,0.1396856015260807,0.3796633996723906,0.0,0.0,0.0,0.0,0.0,0.3631587583187105,0.2325918025712532,0.0,0.1057146940763216,0.0660848223695018,0.0,0.0,0.0,0.0,0.2682879094270238,0.1184681562239972,0.0,0.0,0.0,0.0,0.0,0.0,0.0,0.0,0.0,0.0,0.0,0.0,0.0,0.3576207518707995,0.1244652777052339,0.0,0.1724980852498704
0.0,0.0,0.0,0.0,0.0,0.0,0.0,0.0,0.0,0.5726901501888686,0.0,0.428380087827763,0.0,0.0,0.0,0.0,0.0,0.0,0.0,0.0,0.0,0.0,0.0,0.2956305813463304,0.0,0.5180582907466278,0.0,0.0,0.0,0.0,0.0,0.2540479301017563,0.2898022549728848,0.3769166370679114,0.0,0.0,0.0,0.4408569811725298,0.3693795178384283,0.4046050545266084,0.4519692259601685,0.0,0.0417772183250859,0.0,0.0,0.3835333790442467,0.0,0.0,0.0,0.0,0.0,0.3838588201408813,0.0,0.5549428815679014,0.5775896852853483,0.4034586625461896,0.5003310224390091,0.2539558345448691,0.0,0.0,0.0,0.4716277616158421,0.0,0.0,0.0,0.0,0.0,0.0,0.4281908619924364,0.5066499562318558,0.6040123955410419,0.0,0.3000275090266451,0.0,0.0,0.4021124567968346
0.8234690727892718,0.2281717112489916,0.0,0.0,0.0,0.0,0.0,0.0,0.0,0.0,0.0,0.0,0.0,0.0,0.0,0.5024277306786298,0.0,0.4239587010645684,0.0,0.0,0.5011949218678232,0.4916560730323069,0.0,0.1683464595821048,0.4229783616022688,0.3631531318587748,0.0,0.0,0.0,0.0,0.5552483837637043,0.3745105924973581,0.227201507271702,0.3762636984846007,0.0,0.0,0.0,0.0,0.51022922944142,0.2946167348704561,0.4876713302665005,0.1204385062022195,0.0,0.0,0.3835333790442467,0.0,0.417032289903085,0.0,0.0,0.0,0.1716618377229261,0.0,0.2295299226223013,0.0,0.5362942035788699,0.0,0.167215104431297,0.4603861542096488,0.0,0.5226346906118339,0.6974254672438588,0.0,0.55077452850966,0.0,0.6575285793125947,0.5770106884990985,0.6887021254883077,0.3627426080813235,0.2859424334294349,0.468549655166431,0.5954564004887792,0.4272896631252483,0.5733226375163033,0.6431595559347852,0.0,0.7341502164512245
