0.0,0.3521092547711114,0.0,0.0,0.0,0.1986441809368645,0.0,0.260890389150491,0.0,0.3783948499309342,0.0,0.2147198945329349,0.0,0.1938860001448147,0.4674374163727148,0.421024827758421,0.3669925518834499,0.2430717454852597,0.0,0.4111324309187263,0.5361593862212529,0.4641287979545979,0.3003321258474727,0.2574858758450729,0.3380532168666242,0.3796993626999896,0.3086743957151788,0.3140063975864109,0.4990073171123309,0.0,0.4161052112114708,0.3755922302365326,0.3370845434441725,0.3325493759429749,0.1115333170520394,0.0,0.0,0.1769232966228304,0.3420606229794134,0.2240876206036975,0.2776918887841049,0.0,0.0,0.0,0.0,0.6153816814746098,0.271756242568773,0.0,0.0,0.0,0.0,0.0,0.0,0.0,0.4036897355861417,0.0,0.0,0.0,0.0,0.0,0.440962546043425,0.0,0.2999054495980343,0.0,0.0,0.5082177053623084,0.4570690943435694,0.2452703612808949,0.2263055116557592,0.293903749125912,0.3726640994265995,0.0,0.0,0.0,0.0,0.4394212143321511
0.3521092547711114,0.0,0.0,0.0,0.3797616728927729,0.4144601895265531,0.4613022426009632,0.443519366046641,0.273320857742897,0.0,0.0,0.0,0.5278690068018747,0.0,0.2806199762274715,0.4329437634704862,0.0,0.4161798843163096,0.0,0.3079289671648736,0.3683836086457003,0.4194343624479314,0.4218326433822719,0.0,0.4604271170832978,0.5496978426812295,0.2535053292912509,0.3919610118331145,0.4095583154984049,0.0,0.3103595393447315,0.4279965158294262,0.3092004953981628,0.172961907414002,0.0692739432665248,0.0,0.0,0.0,0.3333691988772181,0.3088838192800403,0.2097754844551582,0.1929102235731367,0.0,0.0,0.0,0.2955899691266735,0.4704973765260999,0.0,0.0,0.0,0.4274531853784718,0.0,0.0,0.0,0.0,0.0,0.0,0.0,0.0,0.1452830282652726,0.3908691117508311,0.0,0.2357346843865541,0.0,0.2630747998757774,0.3943404998249439,0.2622330401589463,0.3500186545504093,0.0,0.3070509838658055,0.4837381189905607,0.2010269482887111,0.0,0.3492156454885687,0.0,0.3387747873276781
0.0,0.0,0.0,0.0148722772936906,0.4956716286071191,0.4480838694137149,0.4002732842336299,0.3971882558901237,0.4747384511439911,0.3842468820168082,0.5453298438914181,0.0,0.3366744423910867,0.2420210126182667,0.0,0.0,0.0,0.0,0.5806938813282883,0.0,0.0,0.0,0.4712535297073831,0.0,0.0,0.0,0.5587301076352398,0.4106880178270043,0.4056088648813796,0.4849364201972451,0.3902290842261872,0.3087467873225947,0.0,0.2001616470810973,0.0,0.1957717847369575,0.1044942591173256,0.0,0.1883323975975752,0.0,0.0,0.0,0.1796059862626856,0.0,0.0,0.0,0.0,0.6037120812814207,0.0,0.5199538981438284,0.3862536429718484,0.4698983860549642,0.3760594640401244,0.4150920904538876,0.0,0.5016902881523669,0.0,0.3321473578705927,-0.005661896587559,0.0,0.0,0.0,0.0,0.5034632903155022,0.0,0.0,0.0,0.410026816680089,0.0,0.0,0.0,0.5055338336171785,0.0,0.0,0.0,0.0
0.0,0.0,0.0148722772936906,0.0,0.0204771325895335,0.0165357332112695,0.0306740791676155,0.0480189820185577,0.0,0.0,0.0,0.0,0.0,0.0049069295359769,0.0,0.0,0.0,0.0,0.0738619321243595,0.0697581947836389,0.0,0.0417651737809963,0.0563934328780133,0.0,0.0,0.0,0.0,0.022292814332344,0.0,0.0,0.0437681494948368,0.086578718517809,0.0,0.2247380517243218,0.0,0.112531602779978,0.0673712397101505,0.0,0.0,0.0,0.0,0.0,0.0,0.0,0.0,0.0,0.0,0.0,0.0,0.0,0.0,0.0,0.0,0.0,0.0,0.0,0.0,0.0,0.0,0.0,0.0,0.0,0.0,0.0,0.0,0.0,0.0,0.0,0.0,0.0,0.0,0.0,0.0,0.0,0.0,0.0
0.0,0.3797616728927729,0.4956716286071191,0.0204771325895335,0.0,0.4470173635044136,0.5668100201626848,0.4803633079980545,0.5411188558181761,0.4740062150502123,0.5873460001332117,0.3262742503869203,0.4383952915651015,0.4055638375320855,0.0,0.3237400904502794,0.0,0.0,0.4747757035429738,0.4748929178583405,0.0,0.496185553053125,0.4525232229626139,0.0,0.2013568194250546,0.2306807929633,0.4971295395316699,0.3745409074374883,0.4995623225469751,0.0,0.387799717671367,0.3441328497535445,0.2250830916262046,0.2086072483181584,0.0,0.2142654223017105,0.0593406243535853,0.084620054716345,0.2676380641713263,0.0,0.0,0.0,0.1621672280015124,0.0,0.0,0.0,0.0,0.5307621407540102,0.0,0.0,0.3833602732550335,0.0,0.4107963586856336,0.5206474831334028,0.0,0.5420674083521778,0.0,0.0,0.0,0.0,0.0,0.0,0.0,0.4056974597540995,0.0,0.0,0.0,0.3876648624485315,0.0,0.0,0.0,0.3541361134511603,0.0,0.0,0.0,0.0
0.1986441809368645,0.4144601895265531,0.4480838694137149,0.0165357332112695,0.4470173635044136,0.0,0.4341157112943721,0.5705499466622764,0.4782543272066029,0.4171539754197598,0.4723538905740341,0.381517663330743,0.4329796187475371,0.3293529122573207,0.3917639753731147,0.1908513742525821,0.0,0.1843580698067832,0.450485222118982,0.4102498360670169,0.4128142573559434,0.3868634929680863,0.5875184213080252,0.0,0.183453398843733,0.3068484766163785,0.4743088000344709,0.354531895877142,0.4340478587490047,0.4342510944230319,0.3235710803600517,0.389839362917255,0.2343087425662619,0.1325932958344398,0.0,0.245821838829784,0.0709003724310877,0.1641552479629788,0.3032169076582588,0.0,0.0305477499006873,0.0725323148839597,0.1917462959837324,0.0,0.0,0.0,0.0,0.4798795895107988,0.0,0.3260201318404853,0.5220302679429664,0.4245035933768687,0.5198403551883656,0.432159302549239,0.0,0.4264922322372242,0.0,0.3574090474199997,0.0,0.213785713161378,0.0,0.0,0.0,0.3776164137015988,0.2593984103040071,0.4241269346597698,0.231918702431982,0.5136993465981383,0.0,0.0,0.3688561607118709,0.3413045546299653,0.1690065427727076,0.2323222506214124,0.0,0.1316068833550361
0.0,0.4613022426009632,0.4002732842336299,0.0306740791676155,0.5668100201626848,0.4341157112943721,0.0,0.4549979326434625,0.4477451412619699,0.5597648088280336,0.472484615956198,0.3665376210541435,0.532063869793995,0.3661262535144739,0.0,0.40666416373306,0.3836011333680301,0.3007059518015905,0.3674054526922764,0.3932869587540574,0.0,0.5004176575955285,0.403230951945199,0.1589086716675623,0.3101569049069042,0.2737092738661754,0.4313630025555298,0.4489210746958875,0.5301741468194026,0.0,0.4681782071427549,0.4851883184837007,0.2926936312036731,0.2459526009129409,0.0599942453754027,0.1039233445594657,0.0954498602163787,0.1411304544637715,0.0,0.0,0.0,0.0,0.1373934675395398,0.0,0.0,0.0,0.0,0.0,0.0,0.0,0.3946595953233144,0.0,0.0,0.0,0.0,0.0,0.0,0.0,0.0,0.0,0.0,0.0,0.0,0.0,0.0,0.0,0.0,0.321539678775289,0.0,0.0,0.0,0.2929161687341006,0.0,0.0,0.0,0.0
0.260890389150491,0.443519366046641,0.3971882558901237,0.0480189820185577,0.4803633079980545,0.5705499466622764,0.4549979326434625,0.0,0.4212132122912621,0.4896526597390842,0.4607128002925884,0.0,0.4706466785966505,0.4084861454426626,0.3610132350285089,0.2325350101461224,0.0,0.2171048460023846,0.3931075118408201,0.4085635267538467,0.4482095697724937,0.3976907064513509,0.5993388750518276,0.2295153849762369,0.2306800518156664,0.3058055447786014,0.377808415621669,0.4160561213852325,0.3971353293950784,0.4407107194698331,0.3616804182912503,0.4762945865083637,0.2195886978955966,0.1247149008673555,-0.0007163362049106,0.2956687926463286,0.0600992433107268,0.0,0.3801918273093457,0.0,0.0728360869744917,0.0,0.1890271757287869,0.0,0.0,0.0,0.0,0.4443181860521524,0.0,0.3342104730845337,0.5191210100517929,0.4607343965822519,0.5919803369156863,0.4466712462644912,0.0,0.4602898135433272,0.0,0.4051190392994788,0.0,0.1723912145128646,0.0,0.0,0.0,0.3057993032624143,0.2611756197770141,0.4733482436987902,0.2265515736307797,0.5470274232325668,0.0,0.0,0.0,0.2637541655413698,0.1726265573878206,0.2687779059807808,0.0,0.1651204893491772
0.0,0.273320857742897,0.4747384511439911,0.0,0.5411188558181761,0.4782543272066029,0.4477451412619699,0.4212132122912621,0.0,0.3834604307996809,0.5999331003923895,0.3104772952378224,0.3370396663022629,0.2625454718612574,0.0,0.1513845945425876,0.0,0.0,0.4589251738867655,0.4176506758940048,0.0,0.361381893455544,0.4168074206872577,0.0,0.1570609969130788,0.1994267072489223,0.547155977449936,0.250021696395166,0.4081083721741013,0.3765258784910308,0.240577282378011,0.2642702224385785,0.1303434961541509,0.0338813277836383,0.0,0.159083280758096,0.0,0.0796253080654886,0.1706332324037314,0.0,0.0,0.0,0.1279811818735017,0.0,0.0,0.0,0.0,0.5438093279117588,0.0,0.434403015548326,0.3756443727111969,0.4571701074274553,0.3656854017385619,0.5891193023613231,0.0,0.5345404761188195,0.0,0.2693138784776459,0.0,0.0,0.0,0.0,0.0,0.3856050558898725,0.0,0.0,0.0,0.3395572072400872,0.0,0.0,0.0,0.4417819861881666,0.0,0.0,0.0,0.0
0.3783948499309342,0.0,0.3842468820168082,0.0,0.4740062150502123,0.4171539754197598,0.5597648088280336,0.4896526597390842,0.3834604307996809,0.0,0.3882768725552351,0.5098823942974269,0.5144510361241226,0.3071739544222283,0.0,0.4315848174138472,0.4966400687286075,0.3608129644542794,0.3421169172485371,0.0,0.4519931017233128,0.4756710938090127,0.4493385863178291,0.3133453726408289,0.3860822026702067,0.415329049857283,0.3531120232103751,0.4851515086957703,0.0,0.0,0.5138952365538499,0.5302807018747575,0.2880325715976694,0.2297840806336506,0.1696231547957819,0.1088723823164511,0.1159583509881366,0.233457741008372,0.3836888490597032,0.2153293642968215,0.2043068602486727,0.2785032284446945,0.0,0.0,0.2080419041151881,0.3478823831912505,0.0,0.0,0.0,0.0,0.0,0.0,0.0,0.0,0.587777106680191,0.0,0.1307433695794346,0.5246587470328968,0.0,0.0,0.336179198136026,0.4811582556446519,0.267113922477508,0.0,0.0,0.0,0.0,0.0,0.235039533619986,0.2733326103481782,0.3763394080784227,0.0,0.3652145758027639,0.0,0.0,0.3953103005170864
0.0,0.0,0.5453298438914181,0.0,0.5873460001332117,0.4723538905740341,0.472484615956198,0.4607128002925884,0.5999331003923895,0.3882768725552351,0.0,0.2711756548608699,0.3285255549109518,0.3617296108257383,0.0,0.0,0.0,0.0,0.5426750653631078,0.0,0.0,0.0,0.4425030996585308,0.0391733356142379,0.0,0.0,0.555888501881482,0.3278369206549675,0.0,0.0,0.2816291349103386,0.264543618530416,0.1593569514094003,0.0936671681001205,0.0,0.2154182664110166,0.0,0.0862788580986153,0.1907326817838343,0.0,0.0,0.0,0.1312515157090804,0.0,0.0,0.0,0.0,0.5842366385574832,0.0,0.4785968236795115,0.3792288654275612,0.475515464743151,0.391862795435033,0.5432498844833199,0.0,0.6374684382169982,0.0,0.262140345425894,0.0,0.0,0.0,0.0,0.0,0.4515723039150684,0.0,0.0,0.0,0.3659495195037038,0.0,0.0,0.0,0.4091074722910425,0.0,0.0,0.0,0.0
0.2147198945329349,0.0,0.0,0.0,0.3262742503869203,0.381517663330743,0.3665376210541435,0.0,0.3104772952378224,0.5098823942974269,0.2711756548608699,0.0,0.3805741423408701,0.0,0.0,0.0,0.4193330801531351,0.318565086185974,0.0,0.0,0.2714486053454923,0.0,0.4029549721136495,0.4658997505051833,0.3395257872729437,0.4677460140835761,0.0,0.3736610028123256,0.0,0.0,0.298958161312866,0.3698089798648792,0.1125939664683611,0.0636830540506772,0.1083762823578972,0.1448199636364805,0.0933839890216834,0.1284422661052364,0.2846624939856362,0.1373209133347385,0.1681046964245063,0.2708707634120754,0.0,0.0,0.084547054974568,0.0,0.0,0.0,0.0,0.0,0.0,0.0,0.0,0.0,0.469952102592535,0.0,0.4157043079005995,0.0,0.0,0.0,0.0,0.5192643691036339,0.292199217122118,0.0,0.0,0.0,0.0,0.0,0.4002903443870996,0.307658664974568,0.4423281961979746,0.0,0.35717838597425,0.0,0.0,0.3085392045621993
0.0,0.5278690068018747,0.3366744423910867,0.0,0.4383952915651015,0.4329796187475371,0.532063869793995,0.4706466785966505,0.3370396663022629,0.5144510361241226,0.3285255549109518,0.3805741423408701,0.0,0.3297993662848639,0.3549135820570511,0.4771909950449414,0.473594558639563,0.4336511280641558,0.3273544160159113,0.4046546081469229,0.4543317443135319,0.4741417981763289,0.4134354329173733,0.2355327357762977,0.3678440186973519,0.4075685711520371,0.3385987569750335,0.486675122869903,0.495413934613187,0.4315202796293105,0.4753031036957799,0.4552671112466464,0.3374934766513853,0.3085542692845665,0.0671306752844976,0.165232754573981,0.0925150460963313,0.1525384131920067,0.3418729741365864,0.0,0.1727378537317285,0.0,0.1943738319514132,0.0,0.0,0.0,0.0,0.3249489221208276,0.0,0.0,0.3823898769139917,0.0,0.3501895052082233,0.0,0.0,0.0,0.0,0.0,0.0,0.0,0.0,0.0,0.0,0.0,0.3283980764326418,0.0,0.0,0.316590595777825,0.0,0.0,0.0,0.2372754756446818,0.0,0.4116541704385968,0.0,0.0
0.1938860001448147,0.0,0.2420210126182667,0.0049069295359769,0.4055638375320855,0.3293529122573207,0.3661262535144739,0.4084861454426626,0.2625454718612574,0.3071739544222283,0.3617296108257383,0.0,0.3297993662848639,0.0,0.0,0.0,0.0,0.0,0.2814420565909858,0.0,0.2729895181678285,0.0,0.3565180319540456,0.0,0.0,0.0,0.2272608380303774,0.2611997730149417,0.0,0.0,0.2272924984583993,0.2480125287565467,0.0,0.1281238259009586,0.0,0.2903943491047513,0.0646579906641308,0.0,0.2290065731320037,0.0,0.0,0.0,0.1081373402137838,0.0,0.0,0.0,0.0,0.3082192493669111,0.0,0.0,0.0,0.0,0.0,0.2877695616315485,0.0,0.3690473286701738,0.0,0.0,0.0,0.0,0.0,0.0,0.0,0.192754018787298,0.0,0.0,0.0,0.3662581937153354,0.0,0.0,0.0,0.1032002811667537,0.0,0.0,0.0,0.0
0.4674374163727148,0.2806199762274715,0.0,0.0,0.0,0.3917639753731147,0.0,0.3610132350285089,0.0,0.0,0.0,0.0,0.3549135820570511,0.0,0.0,0.2668026384283666,0.0,0.1616574839216854,0.0,0.599873074871186,0.5716265698795148,0.5284757942073893,0.4494050489473037,0.1599426124259586,0.1973227070993497,0.2708291725181149,0.5311493849829222,0.3456057765820463,0.4906543181517654,0.4213475689286276,0.424918434262397,0.3497464126671792,0.267268553494293,0.3065645827795376,0.0426987420704081,0.1792658003014693,0.0,0.0,0.2781595262280937,0.0965379726820393,0.1308204539170565,0.0830069354220967,0.2644226268939503,0.0,0.0,0.4891481691580289,0.3240108195047749,0.0,0.0,0.0,0.383062612746533,0.0,0.350243035677073,0.0,0.0,0.0,0.0,0.0,0.0,0.5754259144179757,0.3152848582246384,0.0,0.0,0.0,0.580331209839895,0.5441702278965341,0.5545192815951665,0.3845490101469801,0.0,0.2702736513595368,0.3259110785584829,0.5066312352681439,0.4015906298545471,0.5063009495517631,0.0,0.3168791741345081
0.421024827758421,0.4329437634704862,0.0,0.0,0.3237400904502794,0.1908513742525821,0.40666416373306,0.2325350101461224,0.1513845945425876,0.4315848174138472,0.0,0.0,0.4771909950449414,0.0,0.2668026384283666,0.0,0.4919308122213501,0.5222830384933131,0.0,0.3217572510615343,0.3756563358348282,0.4633426355400112,0.2376135847203247,0.2451228264266923,0.4376388146641342,0.3827670421390129,0.2415529331166858,0.3811341566358559,0.420875694573154,0.2335708039130518,0.4156018969283568,0.3655370211736828,0.3398082044454679,0.3479435788714188,0.1680209225928623,0.0,0.0,0.0,0.2801097364787655,0.1945266722417235,0.1968718088112586,0.1895813790684515,0.0,0.0,0.0,0.3982488961129131,0.2723194588753285,0.0,0.0,0.0,0.0,0.0,0.0,0.0,0.0,0.0,0.0,0.0,0.0,0.1459451362047972,0.4493456395852042,0.0,0.2552007013352603,0.0,0.2853340181854339,0.3444285710124259,0.3102352871765571,0.0,0.0,0.2571984352896872,0.3211971772343571,0.1790712933564524,0.0,0.0,0.0,0.394250939257543
0.3669925518834499,0.0,0.0,0.0,0.0,0.0,0.3836011333680301,0.0,0.0,0.4966400687286075,0.0,0.4193330801531351,0.473594558639563,0.0,0.0,0.4919308122213501,0.0,0.5102586390495323,0.0,0.2803019403999265,0.0,0.4091442098851428,0.0,0.3510691509738526,0.4259189205591671,0.4736846157519017,0.0,0.4470430730122918,0.3464021800156769,0.0,0.3856797985061492,0.3946211245439492,0.3039154288519285,0.2147472729528702,0.1505339022070565,0.0,0.0,0.1233063193097192,0.3018000609363014,0.1617736759193465,0.2121300938177745,0.0,0.0,0.0,0.0,0.0,0.0,0.0,0.0,0.0,0.0,0.0,0.0,0.0,0.4239042239095836,0.0,0.184058102428878,0.0,0.0,0.0,0.0,0.4475177291567157,0.2743003949483834,0.0,0.0,0.0,0.0,0.0,0.2723960768103071,0.2250012009893008,0.3548746566438747,0.0,0.0,0.0,0.0,0.3964982296685918
0.2430717454852597,0.4161798843163096,0.0,0.0,0.0,0.1843580698067832,0.3007059518015905,0.2171048460023846,0.0,0.3608129644542794,0.0,0.318565086185974,0.4336511280641558,0.0,0.1616574839216854,0.5222830384933131,0.5102586390495323,0.0,0.0,0.2176261411887544,0.2514944956999631,0.3511235317421877,0.190202972226166,0.3039315402703011,0.4766020795389323,0.4138911064142061,0.175299866785203,0.355550293941242,0.2866293477477162,0.1971898931154126,0.3123244296343567,0.2695714776358155,0.1841750547576462,0.1615611679161983,0.1235902973117319,0.0,0.0,0.0,0.1372467977702497,0.0546531739624244,0.0934572899022861,0.1128247233181863,0.0,0.0,0.0,0.1919647908922708,0.2848393634427633,0.0,0.0,0.0,0.0,0.0,0.0,0.0,0.2934648814399429,0.0,0.1829869542411671,0.0,0.0,0.0,0.3593621703194464,0.3425865444843061,0.2023484535906989,0.0,0.0,0.0,0.2360790334517758,0.0,0.1748352685675253,0.2227808461870912,0.2827625409680214,0.0,0.0,0.0,0.0,0.3153838237332099
0.0,0.0,0.5806938813282883,0.0738619321243595,0.4747757035429738,0.450485222118982,0.3674054526922764,0.3931075118408201,0.4589251738867655,0.3421169172485371,0.5426750653631078,0.0,0.3273544160159113,0.2814420565909858,0.0,0.0,0.0,0.0,0.0,0.0,0.0,0.0,0.4459013827270619,0.0,0.0,0.0,0.5346473925477334,0.3244018783919573,0.0,0.0,0.3291281341400421,0.2661305536107103,0.0,0.2227865816955375,0.0,0.2778654519055292,0.05989500782339,0.1397580154879323,0.2248862934297518,0.0,0.0,0.0,0.2627117887210357,0.0,0.0,0.0,0.0,0.6066134886484514,0.0,0.4522140045927913,0.3537459482729889,0.4064664314429617,0.3979037954469546,0.4019903724639133,0.0,0.5081855026470828,0.0,0.0,0.0,0.0,0.0,0.0,0.0,0.6080959460839812,0.0,0.0,0.0,0.3959194543405822,0.0,0.0,0.0,0.4456076300240153,0.0,0.0,0.0,0.0
0.4111324309187263,0.3079289671648736,0.0,0.0697581947836389,0.4748929178583405,0.4102498360670169,0.3932869587540574,0.4085635267538467,0.4176506758940048,0.0,0.0,0.0,0.4046546081469229,0.0,0.599873074871186,0.3217572510615343,0.2803019403999265,0.2176261411887544,0.0,0.0,0.5405598302323574,0.6022573485609181,0.4673759436588316,0.0,0.1828641493398826,0.2314058828512714,0.5524223890683225,0.3987158361512343,0.5191456417553482,0.4700796978825601,0.4336409120931048,0.3590367122589425,0.2416126631258182,0.3104083642569326,0.0221862213089928,0.251525012935645,0.1274769302061699,0.0,0.2647225436575072,0.1027420909615167,0.1158011787821045,0.1043426256858124,0.0,0.0,0.0,0.0,0.2871831973774543,0.0,0.0,0.0,0.367075738014896,0.0,0.3661891150792514,0.0,0.0,0.0,0.0,0.3503920188255518,0.0,0.4648599969995175,0.0,0.0,0.0,0.0,0.5751316450900542,0.5130766150106509,0.5279374351115707,0.4112836454137965,0.0,0.0,0.3176001409190324,0.484500784626527,0.3281191814238322,0.4540828620874045,0.0,0.3258734567854446
0.5361593862212529,0.3683836086457003,0.0,0.0,0.0,0.4128142573559434,0.0,0.4482095697724937,0.0,0.4519931017233128,0.0,0.2714486053454923,0.4543317443135319,0.2729895181678285,0.5716265698795148,0.3756563358348282,0.0,0.2514944956999631,0.0,0.5405598302323574,0.0,0.5412275809262143,0.4839845009055402,0.1909704600828301,0.2912196199501878,0.3047010011470629,0.4716090571906078,0.4046017156044642,0.5569585607040798,0.4449109304271821,0.4995415169448641,0.4606536050361288,0.3518981439661456,0.3441919413312262,0.0569467415733857,0.1916396512602075,0.0,0.0,0.3659294293962788,0.1864434468200819,0.1609018057125711,0.1438199576591969,0.0,0.0,0.0,0.5251946286727599,0.3588290141105619,0.0,0.0,0.0,0.4097408656636417,0.0,0.397084784514092,0.0,0.0,0.0,0.0,0.0,0.0,0.4001951857134518,0.387658035809867,0.0,0.0,0.0,0.4989116045686141,0.6209818908902093,0.5016741332019179,0.4179508123538373,0.0,0.2578738184812499,0.3621657166351704,0.3910137629218587,0.3533479094182882,0.5155390973492767,0.0,0.3702488477605277
0.4641287979545979,0.4194343624479314,0.0,0.0417651737809963,0.496185553053125,0.3868634929680863,0.5004176575955285,0.3976907064513509,0.361381893455544,0.4756710938090127,0.0,0.0,0.4741417981763289,0.0,0.5284757942073893,0.4633426355400112,0.4091442098851428,0.3511235317421877,0.0,0.6022573485609181,0.5412275809262143,0.0,0.4406634581885796,0.0,0.2913339155097703,0.3105649308289878,0.502386360874507,0.4777841052629691,0.5334096481109301,0.4561940879984709,0.4962590324886088,0.4277409151285818,0.3169999143580451,0.3315960698476318,0.1045076454424287,0.1919854772805008,0.1824285596266263,0.0,0.3022651543838622,0.1479893227274589,0.1888796462620462,0.2034784202452388,0.0,0.0,0.0,0.450548759168272,0.3536515561150576,0.0,0.0,0.0,0.3696749022158663,0.0,0.0,0.0,0.0,0.0,0.0,0.0,0.0,0.3518068124431605,0.3699241566125842,0.0,0.2255300891042609,0.0,0.5027500784265112,0.5111360735709868,0.5134332658209131,0.3855121462089009,0.0,0.2105969985474373,0.3604261391450291,0.4161407184283113,0.3432146255863055,0.4943026718209302,0.0,0.3947756744028509
0.3003321258474727,0.4218326433822719,0.4712535297073831,0.0563934328780133,0.4525232229626139,0.5875184213080252,0.403230951945199,0.5993388750518276,0.4168074206872577,0.4493385863178291,0.4425030996585308,0.4029549721136495,0.4134354329173733,0.3565180319540456,0.4494050489473037,0.2376135847203247,0.0,0.190202972226166,0.4459013827270619,0.4673759436588316,0.4839845009055402,0.4406634581885796,0.0,0.2527882779989593,0.2374228103720746,0.3366635509622412,0.450850368909434,0.3844573551026749,0.4291516089651112,0.4087839716768614,0.3618477080477712,0.4354598680961812,0.2635736337965276,0.1500052661133099,0.0168326008277952,0.2745208938914673,0.1058846651497448,0.1508354261345121,0.3499178739893842,0.2042782636458592,0.0786412910696597,0.1281489733918516,0.1961065810906781,0.0,0.0,0.0,0.4705469094421028,0.4939002118730313,0.0,0.3633027911645194,0.5662622143486099,0.4518139633798372,0.5926249200456515,0.4333852836914655,0.0,0.4167999352579314,0.0,0.4042362778326958,0.0276062205420414,0.2958476567307062,0.0,0.0,0.0,0.3884809440946139,0.3492060149085796,0.5098778441510587,0.32262001375618,0.62764686244661,0.0,0.0,0.4250509562347873,0.3636046509612055,0.2271631432011003,0.3192488629564075,0.1618433864372912,0.2010254913926723
0.2574858758450729,0.0,0.0,0.0,0.0,0.0,0.1589086716675623,0.2295153849762369,0.0,0.3133453726408289,0.0391733356142379,0.4658997505051833,0.2355327357762977,0.0,0.1599426124259586,0.2451228264266923,0.3510691509738526,0.3039315402703011,0.0,0.0,0.1909704600828301,0.0,0.2527882779989593,0.0,0.3249101645029011,0.4596362752959506,0.0236296150387569,0.2561914981240425,0.0,0.0,0.2038205901270881,0.3002178535272721,0.0760879332821711,0.0945906163926609,0.2136939041491233,0.0863087166877159,0.16296291150812,0.083130103067071,0.2452651782195204,0.0905976669155844,0.2384275432633665,0.293868725839792,0.0,0.0,0.0497189403615727,0.2067922312602005,0.382201642815812,0.0,0.0,0.0,0.0,0.0,0.0,0.0,0.2665701420995711,0.0,0.3780744709190322,0.0,0.0,0.0,0.3468349974288798,0.4156173002288988,0.355236113081367,0.0,0.0,0.0,0.0,0.0,0.5135066237749314,0.2686231478792355,0.4141802754694435,0.0,0.3693691438145423,0.0,0.0,0.3873881267213333
0.3380532168666242,0.4604271170832978,0.0,0.0,0.2013568194250546,0.183453398843733,0.3101569049069042,0.2306800518156664,0.1570609969130788,0.3860822026702067,0.0,0.3395257872729437,0.3678440186973519,0.0,0.1973227070993497,0.4376388146641342,0.4259189205591671,0.4766020795389323,0.0,0.1828641493398826,0.2912196199501878,0.2913339155097703,0.2374228103720746,0.3249101645029011,0.0,0.5049366476675471,0.1545622087491497,0.2391161309567646,0.3251836495364155,0.0,0.2376382358383336,0.3020489747911361,0.155083060597568,0.0544330940145625,0.1623444525148385,0.0,0.0,0.0873758844380524,0.2224986585545763,0.1313716838240894,0.1547428491860183,0.1527112924448595,0.0,0.0,0.0594041516776259,0.3001872539036789,0.362908532255472,0.0,0.0,0.0,0.0,0.0,0.0,0.0,0.3684375751375219,0.0,0.1359331920281568,0.0,0.0,0.1819480747103544,0.4882970231076821,0.3886853834755366,0.3527079587091027,0.0,0.2832838804947277,0.2856322858841842,0.3031803029402341,0.0,0.2267453902371836,0.4368551966895922,0.3802104984443492,0.0,0.0,0.427378651242438,0.0,0.3825355128809716
0.3796993626999896,0.5496978426812295,0.0,0.0,0.2306807929633,0.3068484766163785,0.2737092738661754,0.3058055447786014,0.1994267072489223,0.415329049857283,0.0,0.4677460140835761,0.4075685711520371,0.0,0.2708291725181149,0.3827670421390129,0.4736846157519017,0.4138911064142061,0.0,0.2314058828512714,0.3047010011470629,0.3105649308289878,0.3366635509622412,0.4596362752959506,0.5049366476675471,0.0,0.1780407161356215,0.2934972752632377,0.2942456178836639,0.0,0.2403901063352538,0.3237040323849,0.2230794710531423,0.0891980930401409,0.0998918793089215,0.1048563433857419,0.0,0.1029085418305735,0.2491560640853192,0.2183087882918681,0.1869687974048235,0.1485351058634305,0.0,0.0,0.0909526522396439,0.3312407094379873,0.4577285057316499,0.0,0.0,0.0,0.3650860897168367,0.0,0.0,0.0,0.3903386670007214,0.0,0.2858842922567829,0.0,0.0,0.2545563189518725,0.4023024198291802,0.4513338628505743,0.3843961574941921,0.0,0.2976545596661093,0.3136458130067777,0.3052147695934691,0.2982077790711078,0.3421696916693271,0.3901986679381619,0.523811803590289,0.2211044951596267,0.0,0.3392960823400693,0.0,0.3543301546709567
0.3086743957151788,0.2535053292912509,0.5587301076352398,0.0,0.4971295395316699,0.4743088000344709,0.4313630025555298,0.377808415621669,0.547155977449936,0.3531120232103751,0.555888501881482,0.0,0.3385987569750335,0.2272608380303774,0.5311493849829222,0.2415529331166858,0.0,0.175299866785203,0.5346473925477334,0.5524223890683225,0.4716090571906078,0.502386360874507,0.450850368909434,0.0236296150387569,0.1545622087491497,0.1780407161356215,0.0,0.2939489510149005,0.5198857062969064,0.4023301654988936,0.3425507003295199,0.2931776868185565,0.1972761746762603,0.2057751798533588,0.0,0.1599797911005094,0.0,0.0,0.172916073033901,0.1143305443929415,0.0357622586622485,0.0088138490594278,0.1677654226053749,0.0,0.0,0.0,0.2756831995184738,0.574950483211443,0.0,0.4852587220947308,0.3737387033507676,0.4784737239822063,0.3330212665950766,0.5005035503343448,0.0,0.4884900264941325,0.0,0.2784204461519612,0.0,0.3894299102743184,0.0,0.0,0.0,0.4960230230638348,0.4304163355949186,0.4562012602133478,0.3706177199161956,0.3692754462237013,0.0,0.0,0.2710093841431909,0.565770608019765,0.2073821941732767,0.3739427026755688,0.2057641766743487,0.2092760944592025
0.3140063975864109,0.3919610118331145,0.4106880178270043,0.022292814332344,0.3745409074374883,0.354531895877142,0.4489210746958875,0.4160561213852325,0.250021696395166,0.4851515086957703,0.3278369206549675,0.3736610028123256,0.486675122869903,0.2611997730149417,0.3456057765820463,0.3811341566358559,0.4470430730122918,0.355550293941242,0.3244018783919573,0.3987158361512343,0.4046017156044642,0.4777841052629691,0.3844573551026749,0.2561914981240425,0.2391161309567646,0.2934972752632377,0.2939489510149005,0.0,0.375330850401097,0.4696834684053657,0.5207133326021636,0.4530895389532117,0.2431534611015349,0.263999705704284,0.1400828581528984,0.1934425235451392,0.2690658278544057,0.1911107571109763,0.2693558442686439,0.0619973509331254,0.1445209762050018,0.2124152228766091,0.0731571759174039,0.0,0.0,0.0,0.0,0.3125877720965381,0.0,0.0,0.3002638605450097,0.0,0.3350346156137239,0.0,0.0,0.0,0.107571836830724,0.0,0.0,0.1262575905082232,0.0,0.0,0.0,0.0,0.3107898033048116,0.3854865142746598,0.3244117023284608,0.3325446169552778,0.0,0.0,0.0,0.2272810302761584,0.36490538870909,0.3247985240408483,0.0,0.3126748251454897
0.4990073171123309,0.4095583154984049,0.4056088648813796,0.0,0.4995623225469751,0.4340478587490047,0.5301741468194026,0.3971353293950784,0.4081083721741013,0.0,0.0,0.0,0.495413934613187,0.0,0.4906543181517654,0.420875694573154,0.3464021800156769,0.2866293477477162,0.0,0.5191456417553482,0.5569585607040798,0.5334096481109301,0.4291516089651112,0.0,0.3251836495364155,0.2942456178836639,0.5198857062969064,0.375330850401097,0.0,0.4373843250531155,0.4799186087079515,0.4504480137090005,0.305552052348204,0.3492368214280866,0.0651071926739684,0.1105351238767544,0.0750962855050357,0.0,0.3508052673351462,0.0,0.2004132066841999,0.1583632845540359,0.1623168773097261,0.0,0.0,0.0,0.2977816330447432,0.0,0.0,0.0,0.3609052754411038,0.0,0.2881970890047741,0.0,0.0,0.0,0.0,0.3805422046631115,0.0,0.3143163128050506,0.0,0.0,0.0,0.0,0.4269423030154326,0.5420497253312142,0.4164300891330614,0.3183778303175654,0.0,0.0,0.3395596043715962,0.3816550225063282,0.2985125494548252,0.5218669814666346,0.1911048360572265,0.3869591632622871
0.0,0.0,0.4849364201972451,0.0,0.0,0.4342510944230319,0.0,0.4407107194698331,0.3765258784910308,0.0,0.0,0.0,0.4315202796293105,0.0,0.4213475689286276,0.2335708039130518,0.0,0.1971898931154126,0.0,0.4700796978825601,0.4449109304271821,0.4561940879984709,0.4087839716768614,0.0,0.0,0.0,0.4023301654988936,0.4696834684053657,0.4373843250531155,0.0,0.4525574594200939,0.3586244334429647,0.2413146734937364,0.27580721753487,0.0,0.0,0.0,0.0,0.2827182755386494,0.0,0.0,0.0,0.0,0.0,0.0,0.0,0.0,0.0,0.0,0.0,0.2853564275321334,0.0,0.0,0.0,0.0,0.0,0.0,0.0,0.0,0.0,0.0,0.0,0.0,0.0,0.301513275358358,0.0,0.0,0.3355947017930396,0.0,0.0,0.0,0.263010693278137,0.0,0.2720299475650566,0.0,0.0
0.4161052112114708,0.3103595393447315,0.3902290842261872,0.0437681494948368,0.387799717671367,0.3235710803600517,0.4681782071427549,0.3616804182912503,0.240577282378011,0.5138952365538499,0.2816291349103386,0.298958161312866,0.4753031036957799,0.2272924984583993,0.424918434262397,0.4156018969283568,0.3856797985061492,0.3123244296343567,0.3291281341400421,0.4336409120931048,0.4995415169448641,0.4962590324886088,0.3618477080477712,0.2038205901270881,0.2376382358383336,0.2403901063352538,0.3425507003295199,0.5207133326021636,0.4799186087079515,0.4525574594200939,0.0,0.5585732151819652,0.320636063826679,0.390310582307625,0.1547686057791278,0.152533306861169,0.2335362601272325,0.2738667411965631,0.3852174030408939,0.0843027595732764,0.1774889096752401,0.2941438025409899,0.0,0.0,0.0,0.3968100708077117,0.2423360129240031,0.0,0.0,0.0,0.2768404899659457,0.0,0.2735491581671427,0.0,0.4558119183626257,0.0,0.0025743407784209,0.0,0.0,0.2162260798727224,0.3177789426605182,0.3211146522786054,0.168655186633481,0.0,0.3836726431074866,0.4713054044236235,0.4030459376862396,0.2880416305534076,0.1633680116419593,0.0968302606578725,0.2097897212801729,0.2669357536168451,0.3564791510922686,0.4333281860718094,0.0,0.3833252331817692
0.3755922302365326,0.4279965158294262,0.3087467873225947,0.086578718517809,0.3441328497535445,0.389839362917255,0.4851883184837007,0.4762945865083637,0.2642702224385785,0.5302807018747575,0.264543618530416,0.3698089798648792,0.4552671112466464,0.2480125287565467,0.3497464126671792,0.3655370211736828,0.3946211245439492,0.2695714776358155,0.2661305536107103,0.3590367122589425,0.4606536050361288,0.4277409151285818,0.4354598680961812,0.3002178535272721,0.3020489747911361,0.3237040323849,0.2931776868185565,0.4530895389532117,0.4504480137090005,0.3586244334429647,0.5585732151819652,0.0,0.2909427989478976,0.3537927432788483,0.2509305317351754,0.1297749836275608,0.2089686228765436,0.2093871482955109,0.5166425336602884,0.1910179321009111,0.2576759922219995,0.3668010677295751,0.1609786469200266,0.2163120711806024,0.2192800941579184,0.3352415637689651,0.3525933464953702,0.2539426236685592,0.0,0.0,0.3592521476880746,0.4559336240603466,0.3795319545340448,0.2576766384216624,0.4740082322290606,0.210615213601736,0.0443863394957321,0.42265833364669,0.0,0.1822979911425866,0.3349624968688637,0.3836222051113227,0.1903871284234246,0.203878507291252,0.2836671526886473,0.4760798073437463,0.3403415777714896,0.3584567143464042,0.2501205913176043,0.2088522969278462,0.3266676865840982,0.2055412489087727,0.3292949800546706,0.3906549626423909,0.140779512937378,0.356177911006741
0.3370845434441725,0.3092004953981628,0.0,0.0,0.2250830916262046,0.2343087425662619,0.2926936312036731,0.2195886978955966,0.1303434961541509,0.2880325715976694,0.1593569514094003,0.1125939664683611,0.3374934766513853,0.0,0.267268553494293,0.3398082044454679,0.3039154288519285,0.1841750547576462,0.0,0.2416126631258182,0.3518981439661456,0.3169999143580451,0.2635736337965276,0.0760879332821711,0.155083060597568,0.2230794710531423,0.1972761746762603,0.2431534611015349,0.305552052348204,0.2413146734937364,0.320636063826679,0.2909427989478976,0.0,0.3474847632583673,0.0279988336060774,0.192478890632181,0.0764242080243363,0.2216658588376098,0.2826535718140048,0.4092047246359979,0.2384797487291338,0.0839026909222697,0.0,0.0,0.2243568687147471,0.319451440817171,0.2371316001781336,0.0,0.0,0.0,0.0,0.0,0.0,0.0,0.2375577231469507,0.0,0.0,0.0,0.0,0.1410199108492366,0.2016795036518182,0.1572926215725276,0.043103971031027,0.0,0.1518654136241204,0.349600917495235,0.1718749936087569,0.2084663713347206,0.0758477080740381,0.0639511465331849,0.2140089962556941,0.1162388857453628,0.0998111391530173,0.2091710065971214,0.0,0.1186120793563546
0.3325493759429749,0.172961907414002,0.2001616470810973,0.2247380517243218,0.2086072483181584,0.1325932958344398,0.2459526009129409,0.1247149008673555,0.0338813277836383,0.2297840806336506,0.0936671681001205,0.0636830540506772,0.3085542692845665,0.1281238259009586,0.3065645827795376,0.3479435788714188,0.2147472729528702,0.1615611679161983,0.2227865816955375,0.3104083642569326,0.3441919413312262,0.3315960698476318,0.1500052661133099,0.0945906163926609,0.0544330940145625,0.0891980930401409,0.2057751798533588,0.263999705704284,0.3492368214280866,0.27580721753487,0.390310582307625,0.3537927432788483,0.3474847632583673,0.0,0.1750761462437415,0.1534544131475396,0.1853007813452218,0.102340957779389,0.3137656784434476,0.1403590309284893,0.2807494342310794,0.1632202718175236,0.166372691955547,0.2264454797078542,0.1483702130687444,0.3278693749364232,0.0582247788443756,0.0,0.0,0.0,0.0805550408830949,0.0,0.067260571883201,0.0,0.1876652296123328,0.0,0.0,0.2013441172365931,0.0,0.1744181139292606,0.2157529426960489,0.1131736023000837,0.0805528402143088,0.0,0.222609881149644,0.3089011622624908,0.2463766707260949,0.0929674972284905,0.1081868107145229,0.0104867381214696,0.0873158189378573,0.0943916949572754,0.1660418986837607,0.2613652037595382,0.0,0.2576042804071235
0.1115333170520394,0.0692739432665248,0.0,0.0,0.0,0.0,0.0599942453754027,-0.0007163362049106,0.0,0.1696231547957819,0.0,0.1083762823578972,0.0671306752844976,0.0,0.0426987420704081,0.1680209225928623,0.1505339022070565,0.1235902973117319,0.0,0.0221862213089928,0.0569467415733857,0.1045076454424287,0.0168326008277952,0.2136939041491233,0.1623444525148385,0.0998918793089215,0.0,0.1400828581528984,0.0651071926739684,0.0,0.1547686057791278,0.2509305317351754,0.0279988336060774,0.1750761462437415,0.0,0.0,0.1919537584553162,0.0297650229747491,0.1832719649705123,0.0,0.2100531487937224,0.2948086404807309,0.0,0.086552990806045,0.0,0.0626729037417167,0.0871165235270897,0.0,0.0,0.0,0.0,0.0,0.0,0.0,0.0756223476233,0.0,0.0616634941455729,0.0,0.0,0.0385411764744811,0.2330235790204123,0.0,0.1805909530422347,0.0,0.1296889813004115,0.0679660386719072,0.1620884113012323,0.0297694173684085,0.0,0.0744376584563102,0.0721178111569517,0.0,0.2051064378533579,0.1837598395441278,0.0,0.0
0.0,0.0,0.1957717847369575,0.112531602779978,0.2142654223017105,0.245821838829784,0.1039233445594657,0.2956687926463286,0.159083280758096,0.1088723823164511,0.2154182664110166,0.1448199636364805,0.165232754573981,0.2903943491047513,0.1792658003014693,0.0,0.0,0.0,0.2778654519055292,0.251525012935645,0.1916396512602075,0.1919854772805008,0.2745208938914673,0.0863087166877159,0.0,0.1048563433857419,0.1599797911005094,0.1934425235451392,0.1105351238767544,0.0,0.152533306861169,0.1297749836275608,0.192478890632181,0.1534544131475396,0.0,0.0,0.1476795632878593,0.0424009738284727,0.1163818869868488,0.1540430337451107,0.0,0.0,0.2040629653835975,0.030782547539723,0.0,0.0,0.0,0.2469674224765392,0.0,0.1762368032525308,0.2066578204578581,0.1110204599223155,0.3542238034068418,0.1918694948370256,0.0,0.2181972571030519,0.0352288795300475,0.0881186719699786,0.0136729715837904,0.0,0.0,0.0,0.0,0.2389675439175052,0.1283842758544611,0.0,0.0736877400735141,0.2980815678557063,0.0,0.0,0.0,0.1177836585122948,0.0,0.0344833868111922,0.0,0.0
0.0,0.0,0.1044942591173256,0.0673712397101505,0.0593406243535853,0.0709003724310877,0.0954498602163787,0.0600992433107268,0.0,0.1159583509881366,0.0,0.0933839890216834,0.0925150460963313,0.0646579906641308,0.0,0.0,0.0,0.0,0.05989500782339,0.1274769302061699,0.0,0.1824285596266263,0.1058846651497448,0.16296291150812,0.0,0.0,0.0,0.2690658278544057,0.0750962855050357,0.0,0.2335362601272325,0.2089686228765436,0.0764242080243363,0.1853007813452218,0.1919537584553162,0.1476795632878593,0.0,0.0476691500188811,0.1337285123891936,0.0,0.0840860303570545,0.2714411017483332,0.0427321044010171,0.1486905886400122,0.0,0.0,0.0,0.0,0.0,0.0,0.0,0.0,0.0,0.0,0.0,0.0,0.0646368153711097,0.0,0.0,0.0,0.0,0.0,0.0,0.0,0.0,0.0,0.0,0.0,0.0,0.0,0.0,0.0,0.0,0.0,0.0,0.0
0.1769232966228304,0.0,0.0,0.0,0.084620054716345,0.1641552479629788,0.1411304544637715,0.0,0.0796253080654886,0.233457741008372,0.0862788580986153,0.1284422661052364,0.1525384131920067,0.0,0.0,0.0,0.1233063193097192,0.0,0.1397580154879323,0.0,0.0,0.0,0.1508354261345121,0.083130103067071,0.0873758844380524,0.1029085418305735,0.0,0.1911107571109763,0.0,0.0,0.2738667411965631,0.2093871482955109,0.2216658588376098,0.102340957779389,0.0297650229747491,0.0424009738284727,0.0476691500188811,0.0,0.1539079602905722,0.0702895102766092,0.0362550550398771,0.0298537017562141,0.0,0.0,0.1659671756883919,0.0,0.0,0.0,0.0,0.0,0.0,0.0,0.0,0.0,0.1841662685403416,0.0,0.0526282776411781,0.0,0.0,0.0,0.0,0.0,0.0,0.0,0.0,0.0,0.0,0.0,0.0020047692291437,0.0193490846805567,0.0352447533013225,0.0,0.0,0.0,0.0,0.0864517463860884
0.3420606229794134,0.3333691988772181,0.1883323975975752,0.0,0.2676380641713263,0.3032169076582588,0.0,0.3801918273093457,0.1706332324037314,0.3836888490597032,0.1907326817838343,0.2846624939856362,0.3418729741365864,0.2290065731320037,0.2781595262280937,0.2801097364787655,0.3018000609363014,0.1372467977702497,0.2248862934297518,0.2647225436575072,0.3659294293962788,0.3022651543838622,0.3499178739893842,0.2452651782195204,0.2224986585545763,0.2491560640853192,0.172916073033901,0.2693558442686439,0.3508052673351462,0.2827182755386494,0.3852174030408939,0.5166425336602884,0.2826535718140048,0.3137656784434476,0.1832719649705123,0.1163818869868488,0.1337285123891936,0.1539079602905722,0.0,0.2968316525367111,0.3029226206536806,0.320689405926912,0.2097173076242653,0.1067159569943351,0.2201524667407605,0.3333150083022572,0.3451999799577208,0.2004271105902827,0.0216794578652247,0.1511670094776623,0.3447229964603829,0.3492129271833692,0.3407409233859371,0.187282462451863,0.3824279383332912,0.1575185778223447,0.0,0.338619895527613,0.0417649523238697,0.1746910161502112,0.3258667764181939,0.3250739711810038,0.1903320805622346,0.2371842623567807,0.2085443988504008,0.4100353681141881,0.2567142833378102,0.324048668927667,0.2823706216390146,0.2276986339573649,0.3440528384542674,0.1278654885401521,0.242808693952031,0.3187255633784442,0.1366078882034202,0.3068424378936085
0.2240876206036975,0.3088838192800403,0.0,0.0,0.0,0.0,0.0,0.0,0.0,0.2153293642968215,0.0,0.1373209133347385,0.0,0.0,0.0965379726820393,0.1945266722417235,0.1617736759193465,0.0546531739624244,0.0,0.1027420909615167,0.1864434468200819,0.1479893227274589,0.2042782636458592,0.0905976669155844,0.1313716838240894,0.2183087882918681,0.1143305443929415,0.0619973509331254,0.0,0.0,0.0843027595732764,0.1910179321009111,0.4092047246359979,0.1403590309284893,0.0,0.1540430337451107,0.0,0.0702895102766092,0.2968316525367111,0.0,0.2391092566810001,0.0639962805371171,0.1707584413794437,0.0,0.2077473120780588,0.2030581657017773,0.2424409207946498,0.0,0.0,0.0906871277751725,0.2123682447801952,0.1971623595766778,0.2274878217939131,0.1917784524767263,0.2077701873665373,0.1717727743663492,0.0,0.1299589716475983,0.0,0.0155136680774424,0.1917040450637723,0.0906931999570814,0.0195670386115851,0.0,-0.0096159673076436,0.2181327755236903,-0.0047146887766961,0.1597286334345587,0.13210684040366,0.1811848361421396,0.2914574808293613,0.0128399365261809,0.0,0.1135349155201122,0.0,0.0581044331835143
