0.0,0.5642978651305527,0.0,0.0,0.0,0.3121689322802441,0.0,0.0,0.0,0.4724388179583328,0.0,0.0522597926803561,0.0,0.0,0.1474458061966351,0.5955010753601574,0.4319307582079576,0.6385518668811351,0.0,0.0204643049991059,0.5079565019453127,0.3050489824045063,0.0685456169728351,0.4415832139051343,0.7192366515538328,0.4973212207375557,0.1978153005237243,0.1146347931040535,0.3412694539132466,0.0,0.2293068460967023,0.0,0.0,0.0322636101267924,0.0,0.0,0.0,0.2135178416306666,0.0533256088713893,0.2290834717649503,0.0408049953042158,0.0,0.0,0.0,0.0,0.9160438612937278,0.5919539921618779,0.0,0.0,0.0,0.0,0.0,0.0,0.0,0.633279188272872,0.0,0.0,0.0,0.0,0.0,0.7057807276845695,0.0,0.719096014439193,0.0,0.0,0.4661536840944732,0.4388631587118555,0.0,0.4804132969073523,0.7008821272151986,0.6716632071550384,0.0,0.0,0.0,0.0,0.6025260103981209
0.5642978651305527,0.0,0.0,0.0,0.0513072325542968,0.3701225993432108,0.4917832044495597,0.0,0.0,0.0,0.0,0.0,0.4183628627181303,0.0,0.0,0.5881513980398948,0.6540622241409099,0.8094514183406446,0.0,0.0,0.3668159294252266,0.2357401613973539,0.0085601001139428,0.0,0.8424209579014279,0.642385979242682,0.0,0.274310094907193,0.3632349188661758,0.0,0.0075832471484248,0.0,0.0,0.0,0.0,0.0,0.0,0.0,0.0,0.1300866016879553,0.0,0.0,0.0,0.0,0.0,0.5479255364501499,0.7316312582028833,0.0,0.0,0.0,0.5308889147288973,0.0,0.0,0.0,0.0,0.0,0.0,0.0,0.0,0.0,0.5110071151643862,0.0,0.6302490533117886,0.0,0.0,0.2478989744185054,0.1068943099191769,0.3106067128622445,0.0,0.5833528117155349,0.6562214360941211,0.0,0.0,0.2945838192314414,0.0,0.2925077677976956
0.0,0.0,0.0,0.0,0.1104002552846879,0.2541397862278214,0.0,0.0854035795372286,0.8241318691751093,0.1313529275337439,0.8156405239436898,0.2652974831208836,0.0,0.0,0.0,0.0,0.0,0.0,0.7675830439166276,0.0,0.0,0.0,0.3327425527509438,0.0,0.0,0.0,0.7182596146888787,0.3389577153855602,0.0,0.0,0.4148806819749669,0.0,0.0,0.1783008125365227,0.0,0.0,0.175157298589103,0.0,0.0,0.0,0.0415080803808426,0.0,0.0,0.0,0.0,0.0,0.0,0.780959331816492,0.0,0.3786996693720639,0.1463782479084659,0.1054975971495282,0.0754865578420176,0.8332171353051446,0.0,0.8189965559129069,0.0,0.0,0.0,0.0,0.0,0.0,0.0,0.7666850930179377,0.0,0.0,0.0,0.2836058369137154,0.0,0.0,0.0,0.692071901378951,0.3999860577114881,0.0,0.0,0.0
0.0,0.0,0.0,0.0,0.1905147884049026,0.0,0.3428578938186274,0.0,0.0,0.0185980248190201,0.0,0.0,0.1256190088180303,0.1234996764966501,0.0,0.0,0.0,0.0,0.0,0.0,0.0,0.0,0.0,0.0,0.0,0.0,0.0,0.0,0.1176965436364366,0.0,0.0,0.1424897414521615,0.0,0.0,0.0,0.1721536004722087,0.0,0.0643052574063623,0.0,0.0,0.0,0.0,0.0,0.0,0.0,0.0,0.0,0.0,0.0,0.0,0.0,0.0,0.0,0.0,0.0,0.0,0.0,0.0,0.0,0.0,0.0,0.0,0.0,0.0,0.0,0.0,0.0,0.0,0.0,0.0,0.0,0.0,0.0,0.0,0.0,0.0
0.0,0.0513072325542968,0.1104002552846879,0.1905147884049026,0.0,0.0,0.6509767356242768,0.4420707756965809,0.3182615562764171,0.2429245147860375,0.4578708818854339,0.0278080518634727,0.2518990399913158,0.3214680396492669,0.0,0.1233414386983784,0.0,0.0,0.0,0.0,0.0,0.0,0.2744663367089964,0.0,0.0,0.0922691768868318,0.0,0.0,0.1820486217792409,0.0,0.0985115974491839,0.260512058050221,0.2584037151479261,0.0307768452180736,0.1595557193390111,0.0881582386707576,0.0,0.0047769408828087,0.2012379291112379,0.0,0.0,0.0,0.2730986187285494,0.0,0.0,0.0,0.0,0.0,0.0,0.0,0.0281443630582545,0.0,0.1073320017710362,0.2340439450045996,0.0,0.0,0.0,0.0,0.0,0.0,0.0,0.0,0.0,0.0,0.0,0.0,0.0,0.0291282820434451,0.0,0.0,0.0,0.0,0.0,0.0,0.0,0.0
0.3121689322802441,0.3701225993432108,0.2541397862278214,0.0,0.0,0.0,0.0,0.4657550443655118,0.4177527321350272,0.2529411477245651,0.1909607527084802,0.5656847504016286,0.3733656391228316,0.0,0.0966687227262965,0.0653484023261191,0.3377614248634232,0.300598944977295,0.2646701520530901,0.2416099629017806,0.3418598490523316,0.2467605082064853,0.7007000119337725,0.0,0.2357893752029137,0.5450243954763618,0.44078437235432,0.2576999178512586,0.4671948756299829,0.0851373039360026,0.0940325911399823,0.0,0.0434022741256923,0.1419861049233442,0.0,0.0848598252893669,0.1532506561979898,0.0,0.0,0.0,0.0,0.0,0.0832778480333438,0.0,0.0,0.0,0.5412410105050236,0.4232342880666304,0.0,0.4302372248444147,0.6496957424971034,0.3644488977613844,0.7340514765906038,0.4614022790795156,0.0,0.3950490897206398,0.0,0.5911815338381909,0.0,0.1671527416523203,0.0,0.0,0.0,0.2602779204057544,0.234892972809861,0.1316251804862501,0.3628101455166987,0.7021749289584504,0.0,0.0,0.5793541239409301,0.3850231895196076,0.3429861144685678,0.0243034521689436,0.1726007774762764,0.0134433551488543
0.0,0.4917832044495597,0.0,0.3428578938186274,0.6509767356242768,0.0,0.0,0.1534605497133844,0.0,0.5669331402222882,0.0,0.0,0.5449825492174408,0.0847492397011594,0.0,0.4220646682023934,0.4680582961861158,0.4851923004328196,0.0,0.0,0.0,0.020383863237705,0.0468510138294733,0.1229561760359389,0.4552807271010324,0.2546424799608148,0.0,0.1877204833645007,0.3375466980463892,0.0,0.0817302876692618,0.1763938897417653,0.0926759273346042,0.0,0.0359888651686732,0.0315995452287668,0.0,0.2735070025258549,0.1502230638000256,0.0,0.0882220875736602,0.0,0.1845710283575028,0.0,0.0,0.0,0.0,0.0,0.0,0.0,0.3207988895026811,0.0,0.0393153725500426,0.0,0.0,0.0,0.0,0.0,0.0,0.0,0.0,0.0,0.0,0.0,0.0,0.0,0.0,0.0632774728127076,0.0,0.0,0.0,0.0,0.0,0.0,0.0,0.0
0.0,0.0,0.0854035795372286,0.0,0.4420707756965809,0.4657550443655118,0.1534605497133844,0.0,0.2807500270919438,0.07130234468193,0.4152938169894017,0.5421614973412556,0.3246093165937374,0.2310949948196486,0.0,0.0,0.0,0.0,0.2031113136910056,0.0,0.3192044948935273,0.0,0.7793018153559463,0.4224766293671336,0.0,0.3098113203684204,0.0367935086578196,0.0,0.2943162873020941,0.1894682801174275,0.0556843987223258,0.152550069563166,0.4197222615652504,0.2872540470136755,0.2052405567573881,0.3261093476355977,0.1440966045151981,0.0,0.1778580084802748,0.0,0.1145220665652952,0.0,0.4550084587219931,0.0,0.0,0.0,0.0,0.0,0.0,0.3730941989035379,0.2343566304628986,0.2716049283683249,0.702086661523651,0.331565540702427,0.0,0.1213900927522519,0.0,0.5209268990365292,0.3230247969985768,0.0,0.0,0.0,0.0,0.0837694418285805,0.0,0.2732222252288147,0.0,0.460144554639425,0.0,0.0,0.0,0.0592029285480108,0.4186314595760793,0.0,0.0,0.0
0.0,0.0,0.8241318691751093,0.0,0.3182615562764171,0.4177527321350272,0.0,0.2807500270919438,0.0,0.1233457662002076,0.8328526903011246,0.39940299184341,0.0,0.0,0.0,0.0,0.0,0.0977043425025611,0.6790999843370299,0.6651665816416941,0.0,0.5623964182830797,0.4955534358752904,0.2237827101606616,0.0,0.1167000033928911,0.7055535577888531,0.329938475419737,0.1076725756439411,0.5411520457582203,0.3759141795661632,0.0,0.0461410761760439,0.1691241416129152,0.0,0.0,0.1439363032908042,0.0,0.0,0.0,0.0274005607374063,0.0,0.0,0.0,0.0,0.0,0.0,0.6607114233836693,0.0,0.6059953802441475,0.1548012837661252,0.2524678811087584,0.3088672686609107,0.9255753953160084,0.0,0.7959646341680352,0.0,0.0483437418442578,0.0,0.0,0.0,0.0,0.0,0.5999463699304611,0.0,0.0,0.0,0.4163711124194327,0.0,0.0,0.0,0.6524378989800862,0.4604786764749579,0.0,0.0,0.0
0.4724388179583328,0.0,0.1313529275337439,0.0185980248190201,0.2429245147860375,0.2529411477245651,0.5669331402222882,0.07130234468193,0.1233457662002076,0.0,0.0582986161827545,0.3066943985205251,0.1876216854776332,0.0,0.0,0.6243250258504475,0.710940203302761,0.6420153560017552,0.0,0.0,0.0,0.3891765539691268,0.1230968154728092,0.3832246096795986,0.7919009848421862,0.3497201883704202,0.1123745916148288,0.2030815778359912,0.3209650723353846,0.0,0.3354739277022148,0.0,0.0,0.0,0.0,0.0,0.0,0.294379034368343,0.0,0.1075955572138987,0.0543077530887282,0.0,0.0,0.0,0.2091876750856491,0.4863434773847011,0.0,0.0,0.0,0.0,0.0,0.0,0.0,0.0,0.7244792776462954,0.0,0.0,0.2665732492454627,0.0,0.0,0.0,0.4589629969384834,0.4921069989450621,0.0,0.0,0.0,0.0,0.0,0.4349904633195041,0.459673819417883,0.4266052151417017,0.0,0.300369298401474,0.0,0.0,0.5335464845364355
0.0,0.0,0.8156405239436898,0.0,0.4578708818854339,0.1909607527084802,0.0,0.4152938169894017,0.8328526903011246,0.0582986161827545,0.0,0.3438835369551747,0.0,0.1400071088508723,0.0,0.0,0.0,0.0,0.6623400518305921,0.0,0.0,0.0,0.4995081782541251,0.1242275176643048,0.0,0.0,0.5152474891794048,0.1530290801519814,0.0,0.0,0.3989219910987522,0.0943770928421244,0.1729429085716131,0.2668294232727372,0.0,0.0630042105836713,0.1607490214906878,0.0,0.0,0.0,0.0,0.0,0.0012553230330038,0.0,0.0,0.0,0.0,0.4103679760117658,0.0,0.4532391561309134,0.0292578574389633,0.0950557985336093,0.2332673143122205,0.8167272357571321,0.0,0.7092334862595429,0.0,0.0223709627943072,0.0,0.0,0.0,0.0,0.0,0.6022826522329212,0.0,0.0,0.0,0.2322012466133225,0.0,0.0,0.0,0.5090559252730484,0.4814569347756672,0.0,0.0,0.0
0.0522597926803561,0.0,0.2652974831208836,0.0,0.0278080518634727,0.5656847504016286,0.0,0.5421614973412556,0.39940299184341,0.3066943985205251,0.3438835369551747,0.0,0.3450481244542197,0.0,0.0,0.0,0.0,0.1208831010774047,0.3088636543130067,0.0,0.1834556736621178,0.0,0.5683643322836569,0.3532763035787248,0.0405880587187211,0.3169973999459193,0.3463885373013338,0.3878290134838564,0.0,0.0,0.3584655888577541,0.0,0.2543912264788413,0.3523117645503791,0.0,0.3245280054079792,0.3306644976334804,0.0,0.0,0.2659266377569236,0.0,0.0,0.1716999757329932,0.0,0.0,0.0,0.0,0.0,0.0,0.0,0.0,0.0,0.0,0.0,0.3726035576543856,0.0,0.7520953655055558,0.3488731244010149,0.0,0.0,0.0,0.0875165483393614,0.0,0.0,0.0,0.0,0.0,0.0,0.0677508176883008,0.0447409803437056,0.2718961519107891,0.0,0.2720650409312031,0.0,0.0,0.0
0.0,0.4183628627181303,0.0,0.1256190088180303,0.2518990399913158,0.3733656391228316,0.5449825492174408,0.3246093165937374,0.0,0.1876216854776332,0.0,0.3450481244542197,0.0,0.1681473083838235,0.0,0.080490514524392,0.2784900220634074,0.2991785466127657,0.0,0.0,0.2137021798439946,0.0271189569164836,0.3365285512744769,0.2645292824475541,0.2058663656567571,0.4973638884321885,0.0,0.4695802329681549,0.5216801779963002,0.0,0.0,0.1640690961981834,0.2532793840280994,0.0691223484266732,0.1195288818066188,0.4698315496705083,0.2937176784323476,0.0,0.0,0.2170076169934326,0.0,0.0002730720756463,0.3969281220191574,0.0,0.0,0.0,0.0,0.0,0.0,0.0,0.31745934463197,0.4049751911730243,0.2807303668317776,0.0,0.0,0.0,0.4928337024643358,0.0,0.0,0.0,0.0,0.0,0.0,0.0,0.0,0.0,0.0,0.1732352227278811,0.0,0.0,0.3673254265809962,0.0,0.0,0.1295957154112688,0.0,0.0
0.0,0.0,0.0,0.1234996764966501,0.3214680396492669,0.0,0.0847492397011594,0.2310949948196486,0.0,0.0,0.1400071088508723,0.0,0.1681473083838235,0.0,0.0,0.0,0.0,0.0,0.0,0.0,0.0,0.0,0.0,0.0,0.0,0.0,0.0,0.0,0.0,0.0,0.0,0.4044985874247797,0.0,0.1608951560378465,0.0,0.4353613725301856,0.1960641619405728,0.0,0.2987811035349378,0.0,0.0,0.0,0.3656532132417915,0.0,0.0,0.0,0.0,0.0,0.0,0.0,0.0,0.0,0.0,0.0,0.0,0.0,0.0,0.0,0.0,0.0,0.0,0.0,0.0,0.0,0.0,0.0,0.0,0.0,0.0,0.0,0.0,0.0,0.0,0.0,0.0,0.0
0.1474458061966351,0.0,0.0,0.0,0.0,0.0966687227262965,0.0,0.0,0.0,0.0,0.0,0.0,0.0,0.0,0.0,0.2753613105167138,0.0,0.2428663929467945,0.0,0.8232310028899341,0.1827662348392946,0.7941151386895607,0.0686355342747102,0.0,0.1698609225029668,0.0171318182257448,0.6610853048539534,0.4086581481421832,0.1181064145861402,0.0,0.5637717080149591,0.0,0.0,0.2132888191570348,0.0,0.0,0.0,0.0,0.021203717478197,0.0365485051295866,0.0,0.0,0.0,0.0,0.0,0.0,0.010967390777579,0.0,0.0,0.0,0.0,0.0,0.0135162270076051,0.0,0.0,0.0,0.0,0.0,0.0,0.8515582212856955,0.0556358084303496,0.0,0.0,0.0,0.7502552918722568,0.2292608057922968,0.6877361443227462,0.0774341337254145,0.0,0.053227148650445,0.0,0.5846096898807494,0.2470624279780241,0.0,0.0,0.1467473583379155
0.5955010753601574,0.5881513980398948,0.0,0.0,0.1233414386983784,0.0653484023261191,0.4220646682023934,0.0,0.0,0.6243250258504475,0.0,0.0,0.080490514524392,0.0,0.2753613105167138,0.0,0.3962565438450008,0.7854512717944158,0.0,0.0821367818826456,0.4241475002255117,0.4912898596707237,0.0,0.1436411230751605,0.7395834578809797,0.315599149724084,0.1781518892853749,0.316010721954255,0.4033412779856793,0.0,0.4526211683737144,0.0207698779608251,0.0,0.0572578881458425,0.0,0.0,0.0,0.0,0.1467568615106838,0.1069750332649554,0.0,0.0,0.0,0.0,0.0,0.6272660040829907,0.4631649546043992,0.0,0.0,0.0,0.0,0.0,0.0,0.0,0.0,0.0,0.0,0.0,0.0,0.1574301806920953,0.5386630695882432,0.0,0.4873062638484833,0.0,0.0151865695465037,0.4453628612816305,0.2998819530673626,0.2011705100499292,0.0,0.4095839996472259,0.3943451522588692,0.0770016156709716,0.0,0.4550226504835493,0.0,0.4647097922236789
0.4319307582079576,0.6540622241409099,0.0,0.0,0.0,0.3377614248634232,0.4680582961861158,0.0,0.0,0.710940203302761,0.0,0.0,0.2784900220634074,0.0,0.0,0.3962565438450008,0.0,0.7295116337220626,0.0,0.0,0.0,0.2647079556984011,0.0,0.4979254887333776,0.6685271452297613,0.5629541841865412,0.0,0.1003173259170093,0.2047468583120397,0.0,0.0,0.0,0.0,0.0,0.0,0.0,0.0,0.4157815678282718,0.0,0.0059167804250283,0.0,0.0,0.0,0.0,0.0,0.0,0.0,0.0,0.0,0.0,0.0,0.0,0.0,0.0,0.4888102515262271,0.0,0.0,0.0,0.0,0.0,0.0,0.6599579384007459,0.5322724771724523,0.0,0.0,0.0,0.0,0.0,0.6219133141852408,0.4915186723866328,0.5252361841236008,0.0,0.0,0.0,0.0,0.0
0.6385518668811351,0.8094514183406446,0.0,0.0,0.0,0.300598944977295,0.4851923004328196,0.0,0.0977043425025611,0.6420153560017552,0.0,0.1208831010774047,0.2991785466127657,0.0,0.2428663929467945,0.7854512717944158,0.7295116337220626,0.0,0.0,0.0345865828655301,0.4149137601257698,0.4687981845849494,0.0631894444795587,0.3656307915389687,0.8059544068339536,0.5735199367994311,0.1206822344003291,0.3716512239404329,0.3819862463088085,0.0,0.1900224295537196,0.0,0.0,0.0,0.0,0.0,0.0,0.0,0.0,0.0804131715940272,0.0321406965457935,0.0,0.0,0.0,0.0,0.6360857806997271,0.602208143136878,0.0,0.0,0.0,0.0,0.0,0.0,0.0,0.5158205601616461,0.0,0.0,0.0,0.0,0.0,0.6204113410697264,0.6188845686674559,0.670977288235869,0.0,0.0,0.0,0.3425079572746157,0.0,0.4276511390445272,0.5278331677655513,0.5576425120655664,0.0,0.0,0.0,0.0,0.4577131150322412
0.0,0.0,0.7675830439166276,0.0,0.0,0.2646701520530901,0.0,0.2031113136910056,0.6790999843370299,0.0,0.6623400518305921,0.3088636543130067,0.0,0.0,0.0,0.0,0.0,0.0,0.0,0.0,0.0,0.0,0.3641640094433872,0.0,0.0,0.0,0.6309971482035204,0.1818324640349467,0.0,0.0,0.3053737346914287,0.0,0.0,0.2113087544612091,0.0,0.0,0.1602480765399215,0.0,0.0,0.0,0.0,0.0,0.0,0.0,0.0,0.0,0.0,0.6545782209198303,0.0,0.572059703953959,0.0,0.172486022320881,0.1754499947583736,0.6229206971276996,0.0,0.8004240051216504,0.0,0.0,0.0,0.0,0.0,0.0,0.0,0.8266305966899532,0.0,0.0,0.0,0.2045561800559649,0.0,0.0,0.0,0.6516305264449387,0.0,0.0,0.0,0.0
0.0204643049991059,0.0,0.0,0.0,0.0,0.2416099629017806,0.0,0.0,0.6651665816416941,0.0,0.0,0.0,0.0,0.0,0.8232310028899341,0.0821367818826456,0.0,0.0345865828655301,0.0,0.0,0.0,0.779098407031192,0.2042706644997801,0.0,0.0,0.0,0.826531323359105,0.5069593946968707,0.1501664935415095,0.6259623221532971,0.5680673944881446,0.0,0.0,0.2915294336519419,0.0,0.0504356148141911,0.3021990021382162,0.0,0.0,0.0072139075006353,0.0,0.0,0.0,0.0,0.0,0.0,0.0,0.0,0.0,0.0,0.0,0.0,0.0332527169896279,0.0,0.0,0.0,0.0,0.0,0.0,0.7453832718838236,0.0,0.0,0.0,0.0,0.8902065267336259,0.0149893998572261,0.7266531350083363,0.1551076085529672,0.0,0.0025049750499916,0.0,0.7808733009717108,0.2361858604199041,0.0,0.0270081491801618,0.0446972282323253
0.5079565019453127,0.3668159294252266,0.0,0.0,0.0,0.3418598490523316,0.0,0.3192044948935273,0.0,0.0,0.0,0.1834556736621178,0.2137021798439946,0.0,0.1827662348392946,0.4241475002255117,0.0,0.4149137601257698,0.0,0.0,0.0,0.1799166504462998,0.329700949730347,0.2770949514283423,0.494974088183835,0.371662227504513,0.1845682149383793,0.1875697351771424,0.6108915550352525,0.0,0.2764911923317981,0.0218880767342351,0.1008034789082311,0.2063987688002715,0.0,0.0,0.0,0.0,0.3044837987341937,0.2442097013299964,0.1158651837816111,0.0734740204055303,0.0,0.0,0.0,0.4908776236942732,0.5149332609857515,0.0,0.0,0.0,0.4573234217766427,0.0,0.4723756584934566,0.0,0.0,0.0,0.0,0.4782527107227059,0.0,0.1441320647780048,0.3640551274320653,0.0,0.0,0.0,0.0,0.8019007220984588,0.1983690922042411,0.4820237798559703,0.0,0.5406070885065742,0.4945379603200836,0.0848959374506171,0.4529384167140524,0.5261888278951204,0.0,0.3229572063582175
0.3050489824045063,0.2357401613973539,0.0,0.0,0.0,0.2467605082064853,0.020383863237705,0.0,0.5623964182830797,0.3891765539691268,0.0,0.0,0.0271189569164836,0.0,0.7941151386895607,0.4912898596707237,0.2647079556984011,0.4687981845849494,0.0,0.779098407031192,0.1799166504462998,0.0,0.0652360700824191,0.0,0.4299921811598587,0.2307699415344311,0.7164310965400559,0.595341494842827,0.2107507707583967,0.3769864645935092,0.6040325378441577,0.0,0.0,0.1731795416609165,0.0,0.0,0.1008039947069799,0.0,0.0,0.0642491403864849,0.0,0.0,0.0,0.0,0.0,0.4411367031220839,0.2251965819449221,0.0,0.0,0.0,0.2018518486970436,0.0,0.0,0.0,0.0,0.0,0.0,0.0,0.0,0.713495836874516,0.2267560908738823,0.0,0.2466264946008512,0.0,0.7339372363050407,0.1916203883245143,0.7532435806435533,0.274446925346849,0.0,0.2691734128230326,0.2207088709117319,0.6455568938401388,0.3269419323279962,0.1402910998149151,0.0,0.3111588686102637
0.0685456169728351,0.0085601001139428,0.3327425527509438,0.0,0.2744663367089964,0.7007000119337725,0.0468510138294733,0.7793018153559463,0.4955534358752904,0.1230968154728092,0.4995081782541251,0.5683643322836569,0.3365285512744769,0.0,0.0686355342747102,0.0,0.0,0.0631894444795587,0.3641640094433872,0.2042706644997801,0.329700949730347,0.0652360700824191,0.0,0.5693839896088911,0.0,0.436362389839094,0.3822505268553042,0.1525452383836359,0.3908288199636806,0.2836434933412631,0.1210273375393587,0.0,0.2475431874591952,0.3037511176326953,0.1294382504509828,0.2022955895293413,0.1682774469882386,0.0,0.0,0.1804573952551409,0.1587472624090334,0.0,0.2166921335548589,0.0390863426234851,0.0,0.0,0.1270107106116748,0.2386787536253025,0.0,0.4226779384682104,0.4019763569391631,0.272129373330338,0.7430765342859719,0.5706367108813207,0.0,0.3849668365786475,0.0,0.5149221571083501,0.063105247386619,0.0746025697077939,0.0,0.0,0.0,0.272148721355468,0.1893579222237476,0.1874015606907717,0.2208153859530309,0.697590433733086,0.0,0.0303338265802891,0.3752726322381384,0.3414352294601245,0.4400655255782958,0.0,0.153635075523479,0.0
0.4415832139051343,0.0,0.0,0.0,0.0,0.0,0.1229561760359389,0.4224766293671336,0.2237827101606616,0.3832246096795986,0.1242275176643048,0.3532763035787248,0.2645292824475541,0.0,0.0,0.1436411230751605,0.4979254887333776,0.3656307915389687,0.0,0.0,0.2770949514283423,0.0,0.5693839896088911,0.0,0.3269043513297391,0.6839503820115018,0.1704045074963849,0.0547598966152043,0.0,0.0,0.007978332303412,0.0,0.0251158840814892,0.1439942227884141,0.0,0.0,0.0,0.1286145229009235,0.0,0.2056027020058386,0.1914543857178855,0.0,0.0,0.0,0.2312545353424295,0.3041041306396966,0.0,0.0,0.0,0.0,0.0,0.0,0.0,0.0,0.4088130470354065,0.0,0.267116678946742,0.0,0.0,0.0,0.2631084354159633,0.4371405324832083,0.2967988360715253,0.0,0.0,0.0,0.0,0.0,0.6876883421087561,0.3499284119311576,0.6149169986334444,0.0,0.3306156379379415,0.0,0.0,0.224574294104953
0.7192366515538328,0.8424209579014279,0.0,0.0,0.0,0.2357893752029137,0.4552807271010324,0.0,0.0,0.7919009848421862,0.0,0.0405880587187211,0.2058663656567571,0.0,0.1698609225029668,0.7395834578809797,0.6685271452297613,0.8059544068339536,0.0,0.0,0.494974088183835,0.4299921811598587,0.0,0.3269043513297391,0.0,0.5208190988677385,0.0635177701334732,0.2493929213457789,0.3987757536291833,0.0,0.2242363458951109,0.0,0.0,0.0,0.0,0.0,0.0,0.301991785593166,0.0189020661880498,0.1328142807720482,0.0,0.0,0.0,0.0,0.0,0.7490552808697015,0.7145948044627083,0.0,0.0,0.0,0.0,0.0,0.0,0.0,0.6842488988399477,0.0,0.0,0.241304435363328,0.0,0.1757091425415405,0.6742587376301821,0.6197727031743396,0.6992333987956826,0.0,0.0,0.4316793920633641,0.2924684001592291,0.3193678987557968,0.4317449070062529,0.7042751816613697,0.6317699500556359,0.0,0.0,0.4637364760995517,0.0,0.5389779074471914
0.4973212207375557,0.642385979242682,0.0,0.0,0.0922691768868318,0.5450243954763618,0.2546424799608148,0.3098113203684204,0.1167000033928911,0.3497201883704202,0.0,0.3169973999459193,0.4973638884321885,0.0,0.0171318182257448,0.315599149724084,0.5629541841865412,0.5735199367994311,0.0,0.0,0.371662227504513,0.2307699415344311,0.436362389839094,0.6839503820115018,0.5208190988677385,0.0,0.0633776304475883,0.0947024871612955,0.4117476857594487,0.0,0.0,0.0,0.1547342888927003,0.0333398724974385,0.0,0.0,0.0,0.0550719619814876,0.0,0.3419682415134558,0.1419557662502344,0.0,0.0,0.0,0.1817363398564764,0.3508195393722825,0.5157365290584072,0.0,0.0,0.0,0.5028886674477774,0.0,0.0,0.0,0.4768191491948378,0.0,0.1702870139393814,0.5460777057288732,0.0,0.0,0.241048273612262,0.5380142605308408,0.3451404795730329,0.0,0.0,0.160861073082471,0.1477651031972135,0.5071966602706236,0.5938128378472225,0.4483203321522205,0.869740859294966,0.1050397068328333,0.3200647782967639,0.1559037810035348,0.0,0.0919543071446001
0.1978153005237243,0.0,0.7182596146888787,0.0,0.0,0.44078437235432,0.0,0.0367935086578196,0.7055535577888531,0.1123745916148288,0.5152474891794048,0.3463885373013338,0.0,0.0,0.6610853048539534,0.1781518892853749,0.0,0.1206822344003291,0.6309971482035204,0.826531323359105,0.1845682149383793,0.7164310965400559,0.3822505268553042,0.1704045074963849,0.0635177701334732,0.0633776304475883,0.0,0.4726266638774489,0.3316783597438832,0.5587327338071485,0.6191583816284804,0.0,0.0,0.308196051079548,0.0,0.0,0.2245359973831904,0.0,0.0,0.0,0.0,0.0,0.0,0.2490633077742068,0.0,0.0,0.1531561839331733,0.7424142218959212,0.0,0.5235995497840494,0.1808129496465502,0.3160536951479452,0.2673978350578772,0.7435915029670479,0.0,0.777867918496417,0.0,0.0,0.0,0.628639284378066,0.0,0.0,0.0,0.55682252185267,0.8045080291661252,0.1627039644675775,0.7328438988920075,0.4383453912655753,0.0,0.0,0.1612214982419821,0.8880300409435318,0.3324957227327239,0.1729083029415072,0.1707586866808818,0.1845789994843688
0.1146347931040535,0.274310094907193,0.3389577153855602,0.0,0.0,0.2576999178512586,0.1877204833645007,0.0,0.329938475419737,0.2030815778359912,0.1530290801519814,0.3878290134838564,0.4695802329681549,0.0,0.4086581481421832,0.316010721954255,0.1003173259170093,0.3716512239404329,0.1818324640349467,0.5069593946968707,0.1875697351771424,0.595341494842827,0.1525452383836359,0.0547598966152043,0.2493929213457789,0.0947024871612955,0.4726266638774489,0.0,0.3676466446876907,0.39631677234558,0.5006639935560517,0.0,0.0237601316524825,0.2205451502065758,0.0,0.3121217106543332,0.4484639808639074,0.0,0.0,0.1540017641651982,0.0,0.0,0.1211032941795805,0.0,0.0,0.0,0.0,0.2716460148088947,0.0,0.0,0.2002206822212963,0.0,0.1518823787062323,0.4327811235025113,0.1689692973705554,0.0,0.1753779450776497,0.1511090351922584,0.0,0.2680606359316037,0.0,0.0,0.0,0.0,0.3690873693900009,0.1703209985910586,0.3194829279329115,0.2053949041891462,0.0,0.0928607286255611,0.1291847959163868,0.3819150655325515,0.330727426904081,0.1777893241828465,0.0,0.0193419133741265
0.3412694539132466,0.3632349188661758,0.0,0.1176965436364366,0.1820486217792409,0.4671948756299829,0.3375466980463892,0.2943162873020941,0.1076725756439411,0.3209650723353846,0.0,0.0,0.5216801779963002,0.0,0.1181064145861402,0.4033412779856793,0.2047468583120397,0.3819862463088085,0.0,0.1501664935415095,0.6108915550352525,0.2107507707583967,0.3908288199636806,0.0,0.3987757536291833,0.4117476857594487,0.3316783597438832,0.3676466446876907,0.0,0.0360734409609017,0.3277313706712069,0.0537088035825477,0.1138848188198889,0.2229530780265464,0.0,0.2306707978246377,0.1431794314525072,0.0,0.0435153978699736,0.1259386856538933,0.0,0.0,0.1678103090957229,0.0,0.0,0.0,0.3955943739814842,0.0,0.0,0.0,0.4262282942198999,0.463750528759793,0.4260914309673618,0.203287765845995,0.0,0.0,0.0,0.5187421215417803,0.0,0.0,0.0,0.0,0.0,0.0,0.0,0.4861676216769353,0.107160153814673,0.4256581349710973,0.0,0.0,0.4908318360267298,0.1797551224369569,0.3023091934874259,0.5487664476710361,0.1428506185616845,0.0826963277756208
0.0,0.0,0.0,0.0,0.0,0.0851373039360026,0.0,0.1894682801174275,0.5411520457582203,0.0,0.0,0.0,0.0,0.0,0.0,0.0,0.0,0.0,0.0,0.6259623221532971,0.0,0.3769864645935092,0.2836434933412631,0.0,0.0,0.0,0.5587327338071485,0.39631677234558,0.0360734409609017,0.0,0.5450017744698006,0.0951241556219481,0.0,0.4037129315996471,0.0,0.0,0.0,0.0,0.0,0.0,0.0,0.0,0.0,0.0,0.0,0.0,0.0,0.0,0.0,0.0,0.0,0.0,0.0,0.0,0.0,0.0,0.0,0.0,0.0,0.0,0.0,0.0,0.0,0.0,0.5310203179135919,0.0,0.0,0.0769874011758015,0.0,0.0,0.0,0.5139407298485624,0.0,0.0,0.0,0.0
0.2293068460967023,0.0075832471484248,0.4148806819749669,0.0,0.0985115974491839,0.0940325911399823,0.0817302876692618,0.0556843987223258,0.3759141795661632,0.3354739277022148,0.3989219910987522,0.3584655888577541,0.0,0.0,0.5637717080149591,0.4526211683737144,0.0,0.1900224295537196,0.3053737346914287,0.5680673944881446,0.2764911923317981,0.6040325378441577,0.1210273375393587,0.007978332303412,0.2242363458951109,0.0,0.6191583816284804,0.5006639935560517,0.3277313706712069,0.5450017744698006,0.0,0.1110612450041805,0.130338588924439,0.4848236406000839,0.0,0.0701182519020242,0.1766164596147191,0.0,0.0969357130885466,0.180325041966219,0.0,0.0,0.0,0.0,0.0,0.0,0.1000644900764225,0.0,0.0,0.0,0.0935999265013345,0.0,0.1179767408002029,0.0,0.3310386062857647,0.0,0.1381853831441389,0.0,0.0,0.4379915793095298,0.1131293996779409,0.0,0.1497900037836755,0.0,0.5236799208210678,0.4415390036900601,0.5171386045135493,0.1944646329198384,0.0,0.1300677428631513,0.0710285859663882,0.5408740400634431,0.3307236532599191,0.3846591292916031,0.0,0.2961834840848936
0.0,0.0,0.0,0.1424897414521615,0.260512058050221,0.0,0.1763938897417653,0.152550069563166,0.0,0.0,0.0943770928421244,0.0,0.1640690961981834,0.4044985874247797,0.0,0.0207698779608251,0.0,0.0,0.0,0.0,0.0218880767342351,0.0,0.0,0.0,0.0,0.0,0.0,0.0,0.0537088035825477,0.0951241556219481,0.1110612450041805,0.0,0.3579397724654956,0.1732525111316362,0.1346990174849753,0.2161467067191304,0.0424760870095989,0.0,0.6443187770071146,0.280979295236976,0.0684423237861821,0.2999602787491857,0.2797820404197327,0.147814476861114,0.0,0.0,0.0,0.0,0.0,0.1174310652152581,0.0,0.1204140144256555,0.0,0.0,0.0,0.0,0.1168457924000793,0.0,0.0,0.0,0.0,0.0,0.0,0.0,0.0,0.0992720370916829,0.0,0.0,0.0,0.0,0.0,0.0,0.0,0.0,0.0,0.0
0.0,0.0,0.0,0.0,0.2584037151479261,0.0434022741256923,0.0926759273346042,0.4197222615652504,0.0461410761760439,0.0,0.1729429085716131,0.2543912264788413,0.2532793840280994,0.0,0.0,0.0,0.0,0.0,0.0,0.0,0.1008034789082311,0.0,0.2475431874591952,0.0251158840814892,0.0,0.1547342888927003,0.0,0.0237601316524825,0.1138848188198889,0.0,0.130338588924439,0.3579397724654956,0.0,0.4331858521078946,0.2353313838170941,0.3892583122964861,0.1847012603551634,0.0,0.293018257189563,0.53263914562892,0.1370603771411279,0.2820543651043214,0.0,0.0,0.0,0.0,0.0,0.0,0.0,0.0,0.0,0.0,0.0,0.0,0.0,0.0,0.4548539732888111,0.0,0.0,0.0,0.0,0.0,0.0,0.0,0.0,0.0687881276931557,0.0,0.0,0.0,0.0,0.0117819854796319,0.0,0.059667877607489,0.0,0.0,0.0
0.0322636101267924,0.0,0.1783008125365227,0.0,0.0307768452180736,0.1419861049233442,0.0,0.2872540470136755,0.1691241416129152,0.0,0.2668294232727372,0.3523117645503791,0.0691223484266732,0.1608951560378465,0.2132888191570348,0.0572578881458425,0.0,0.0,0.2113087544612091,0.2915294336519419,0.2063987688002715,0.1731795416609165,0.3037511176326953,0.1439942227884141,0.0,0.0333398724974385,0.308196051079548,0.2205451502065758,0.2229530780265464,0.4037129315996471,0.4848236406000839,0.1732525111316362,0.4331858521078946,0.0,0.1973167317983074,0.2579524085881942,0.2988754726665144,0.0,0.1982339373826588,0.3596801940662226,0.3108505237628584,0.1105039368734265,0.2019608778144509,0.2302384878491516,0.0,0.0,0.0,0.0241020475939118,0.0,0.0,0.0235333641485885,0.4359758952936947,0.2803172986098275,0.3265078276071493,0.0815865699819972,0.0,0.4068829702987128,0.1424868046469184,0.0,0.1070585476912402,0.0,0.0,0.0,0.0,0.1985888866930165,0.2288553870251126,0.1457527276043021,0.1388365797260159,0.0,0.0,0.0410861102688287,0.2557218384561946,0.2658909620843911,0.1475959828128053,0.0,0.0224291937169809
0.0,0.0,0.0,0.0,0.1595557193390111,0.0,0.0359888651686732,0.2052405567573881,0.0,0.0,0.0,0.0,0.1195288818066188,0.0,0.0,0.0,0.0,0.0,0.0,0.0,0.0,0.0,0.1294382504509828,0.0,0.0,0.0,0.0,0.0,0.0,0.0,0.0,0.1346990174849753,0.2353313838170941,0.1973167317983074,0.0,0.1913016998988113,0.0311421006200773,0.0,0.0,0.019714699179155,0.2691052075584615,0.3175325324282873,0.052696303635478,0.0,0.0,0.0,0.0,0.0,0.0,0.0,0.0,0.0,0.0,0.0,0.0,0.0,0.3023260823630901,0.0251670566093921,0.0,0.0,0.0,0.0,0.0,0.0,0.0,0.0,0.0,0.0,0.0,0.0,0.0,0.0,0.0,0.0,0.0,0.0
0.0,0.0,0.0,0.1721536004722087,0.0881582386707576,0.0848598252893669,0.0315995452287668,0.3261093476355977,0.0,0.0,0.0630042105836713,0.3245280054079792,0.4698315496705083,0.4353613725301856,0.0,0.0,0.0,0.0,0.0,0.0504356148141911,0.0,0.0,0.2022955895293413,0.0,0.0,0.0,0.0,0.3121217106543332,0.2306707978246377,0.0,0.0701182519020242,0.2161467067191304,0.3892583122964861,0.2579524085881942,0.1913016998988113,0.0,0.5641817286979687,0.0,0.0474035166890947,0.1706770153765008,0.0,0.0939049163567514,0.4504162312059381,0.2121788915840681,0.0,0.0,0.0,0.0,0.0,0.2217187173211347,0.0,0.4454283101831367,0.2186896417068566,0.0570079627249094,0.0,0.0,0.554167914370336,0.2121220401841354,0.0,0.0,0.0,0.0,0.0,0.0,0.0,0.0,0.0,0.0,0.0,0.0,0.0,0.0,0.0,0.0,0.0,0.0
0.0,0.0,0.175157298589103,0.0,0.0,0.1532506561979898,0.0,0.1440966045151981,0.1439363032908042,0.0,0.1607490214906878,0.3306644976334804,0.2937176784323476,0.1960641619405728,0.0,0.0,0.0,0.0,0.1602480765399215,0.3021990021382162,0.0,0.1008039947069799,0.1682774469882386,0.0,0.0,0.0,0.2245359973831904,0.4484639808639074,0.1431794314525072,0.0,0.1766164596147191,0.0424760870095989,0.1847012603551634,0.2988754726665144,0.0311421006200773,0.5641817286979687,0.0,0.0,0.0,0.0,0.0,0.0,0.1847037719775375,0.0,0.0,0.0,0.0,0.0,0.0,0.0,0.0,0.0,0.0,0.0,0.0,0.0,0.0,0.0,0.0,0.0,0.0,0.0,0.0,0.0,0.0,0.0,0.0,0.0,0.0,0.0,0.0,0.0,0.0,0.0,0.0,0.0
0.2135178416306666,0.0,0.0,0.0643052574063623,0.0047769408828087,0.0,0.2735070025258549,0.0,0.0,0.294379034368343,0.0,0.0,0.0,0.0,0.0,0.0,0.4157815678282718,0.0,0.0,0.0,0.0,0.0,0.0,0.1286145229009235,0.301991785593166,0.0550719619814876,0.0,0.0,0.0,0.0,0.0,0.0,0.0,0.0,0.0,0.0,0.0,0.0,0.0,0.0,0.0467139612674823,0.0,0.0,0.0,0.2185813614519006,0.0,0.0,0.0,0.0,0.0,0.0,0.0,0.0,0.0,0.1081854898133437,0.0,0.0,0.0,0.0,0.0,0.0,0.0,0.0,0.0,0.0,0.0,0.0,0.0,0.3004803050537261,0.2640972644018854,0.1139870517094633,0.0,0.0,0.0,0.0,0.0
0.0533256088713893,0.0,0.0,0.0,0.2012379291112379,0.0,0.1502230638000256,0.1778580084802748,0.0,0.0,0.0,0.0,0.0,0.2987811035349378,0.021203717478197,0.1467568615106838,0.0,0.0,0.0,0.0,0.3044837987341937,0.0,0.0,0.0,0.0189020661880498,0.0,0.0,0.0,0.0435153978699736,0.0,0.0969357130885466,0.6443187770071146,0.293018257189563,0.1982339373826588,0.0,0.0474035166890947,0.0,0.0,0.0,0.2717163602499267,0.144029251502883,0.3818244968933008,0.2329265370839952,0.1260021578483383,0.0,0.0584151941953517,0.0,0.0,0.1463581182494078,0.0503121858821514,0.0,0.101875822634107,0.0,0.0,0.0967040773208048,0.0,0.0,0.0570213000786907,0.3346779420661289,0.0,0.0,0.0,0.0092386043823978,0.0,0.0,0.3999138399865833,0.0,0.0,0.0,0.0,0.0,0.0,0.0,0.1372683735344176,0.0997173629064898,0.0911798549358742
0.2290834717649503,0.1300866016879553,0.0,0.0,0.0,0.0,0.0,0.0,0.0,0.1075955572138987,0.0,0.2659266377569236,0.2170076169934326,0.0,0.0365485051295866,0.1069750332649554,0.0059167804250283,0.0804131715940272,0.0,0.0072139075006353,0.2442097013299964,0.0642491403864849,0.1804573952551409,0.2056027020058386,0.1328142807720482,0.3419682415134558,0.0,0.1540017641651982,0.1259386856538933,0.0,0.180325041966219,0.280979295236976,0.53263914562892,0.3596801940662226,0.019714699179155,0.1706770153765008,0.0,0.0,0.2717163602499267,0.0,0.2403454913872546,0.0903852421470775,0.3362595209066656,0.0947674875226879,0.0,0.142548605512821,0.2100989728379309,0.0,0.0,0.2092528026293031,0.0830707597089692,0.3434597486033695,0.1859735551570929,0.095928686485737,0.2519797151160957,0.0,0.2366458873244008,0.1742474793538887,0.0,0.0,0.0,0.1600019079589463,0.0812682749210455,0.0,0.0,0.191129547709754,0.0,0.0901511541824132,0.1170724754424783,0.1272572482497643,0.2940925147170286,0.0,0.1451636170364125,0.0296822798755607,0.0695814173569856,0.0201415630051384
0.0408049953042158,0.0,0.0415080803808426,0.0,0.0,0.0,0.0882220875736602,0.1145220665652952,0.0274005607374063,0.0543077530887282,0.0,0.0,0.0,0.0,0.0,0.0,0.0,0.0321406965457935,0.0,0.0,0.1158651837816111,0.0,0.1587472624090334,0.1914543857178855,0.0,0.1419557662502344,0.0,0.0,0.0,0.0,0.0,0.0684423237861821,0.1370603771411279,0.3108505237628584,0.2691052075584615,0.0,0.0,0.0467139612674823,0.144029251502883,0.2403454913872546,0.0,0.3236611473425378,0.0370866236049136,0.0,0.0525696708039332,0.0,0.0,0.0,0.1798096114080799,0.0,0.0834192183804377,0.0,0.0432643760710684,0.0959410909005385,0.0,0.0,0.0,0.0532613176326319,0.0998810635790708,0.0,0.1841953903861835,0.0116547686984143,0.0852952345914785,0.1252375824635458,0.0,0.1009565744024056,0.0720389205896299,0.062791549883789,0.1641933539622892,0.0,0.0292823669818376,0.0,0.3049192838316503,0.2203500860172227,0.2605077861453946,0.3837806899664379
0.0,0.0,0.0,0.0,0.0,0.0,0.0,0.0,0.0,0.0,0.0,0.0,0.0002730720756463,0.0,0.0,0.0,0.0,0.0,0.0,0.0,0.0734740204055303,0.0,0.0,0.0,0.0,0.0,0.0,0.0,0.0,0.0,0.0,0.2999602787491857,0.2820543651043214,0.1105039368734265,0.3175325324282873,0.0939049163567514,0.0,0.0,0.3818244968933008,0.0903852421470775,0.3236611473425378,0.0,0.2408820231920253,0.0,0.0,0.0,0.0,0.0,0.3574681040231798,0.0,0.0,0.0,0.0,0.0,0.0,0.0,0.1069920824157816,0.0569011213137987,0.0,0.0,0.0,0.0,0.0,0.0,0.0,0.077734675897441,0.0,0.0,0.0,0.0,0.0,0.0,0.0639581029659823,0.1834114299782373,0.0370498326425351,0.1204465093210298
0.0,0.0,0.0,0.0,0.2730986187285494,0.0832778480333438,0.1845710283575028,0.4550084587219931,0.0,0.0,0.0012553230330038,0.1716999757329932,0.3969281220191574,0.3656532132417915,0.0,0.0,0.0,0.0,0.0,0.0,0.0,0.0,0.2166921335548589,0.0,0.0,0.0,0.0,0.1211032941795805,0.1678103090957229,0.0,0.0,0.2797820404197327,0.0,0.2019608778144509,0.052696303635478,0.4504162312059381,0.1847037719775375,0.0,0.2329265370839952,0.3362595209066656,0.0370866236049136,0.2408820231920253,0.0,0.1599327094270204,0.0127622278288351,0.0,0.0,0.0,0.3320271896860227,0.1614127711115787,0.0568549279775761,0.3302124173470766,0.2896502005142793,0.0,0.0205719413822697,0.0,0.3612217125703655,0.3867454454355063,0.4449671885736926,0.0,0.0,0.0,0.0,0.0,0.0,0.1438708526284835,0.0,0.010789008311302,0.0,0.0,0.0997752515274393,0.0,0.2465837522038922,0.0,0.0,0.0
0.0,0.0,0.0,0.0,0.0,0.0,0.0,0.0,0.0,0.0,0.0,0.0,0.0,0.0,0.0,0.0,0.0,0.0,0.0,0.0,0.0,0.0,0.0390863426234851,0.0,0.0,0.0,0.2490633077742068,0.0,0.0,0.0,0.0,0.147814476861114,0.0,0.2302384878491516,0.0,0.2121788915840681,0.0,0.0,0.1260021578483383,0.0947674875226879,0.0,0.0,0.1599327094270204,0.0,0.0,0.0,0.0,0.1461150045441469,0.1220693447159037,0.2975348949144914,0.0551020684877223,0.3378503128341369,0.1053876689137315,0.166369957733355,0.0544043659486487,0.1311172406699227,0.083318690115269,0.0554326742878291,0.0,0.0,0.0,0.0,0.0,0.1350795959224674,0.0,0.0,0.0,0.033994517746292,0.0,0.0,0.0,0.1454018379847996,0.1390395488398382,0.0,0.0,0.0
0.0,0.0,0.0,0.0,0.0,0.0,0.0,0.0,0.0,0.2091876750856491,0.0,0.0,0.0,0.0,0.0,0.0,0.0,0.0,0.0,0.0,0.0,0.0,0.0,0.2312545353424295,0.0,0.1817363398564764,0.0,0.0,0.0,0.0,0.0,0.0,0.0,0.0,0.0,0.0,0.0,0.2185813614519006,0.0,0.0,0.0525696708039332,0.0,0.0127622278288351,0.0,0.0,0.296607817663548,0.0,0.0,0.0,0.0019737438757863,0.2153340148420316,0.0,0.0,0.0,0.2051575992768499,0.0670014555788766,0.0,0.0841999078635102,0.0,0.0,0.0,0.4549989877023737,0.3549650728920966,0.0927023657743839,0.0,0.0,0.0,0.1977363945748654,0.3151841076478315,0.3590949685464756,0.256167417854974,0.0020458157153991,0.1848870788978534,0.0,0.0,0.2384975928897313
0.9160438612937278,0.5479255364501499,0.0,0.0,0.0,0.0,0.0,0.0,0.0,0.4863434773847011,0.0,0.0,0.0,0.0,0.0,0.6272660040829907,0.0,0.6360857806997271,0.0,0.0,0.4908776236942732,0.4411367031220839,0.0,0.3041041306396966,0.7490552808697015,0.3508195393722825,0.0,0.0,0.0,0.0,0.0,0.0,0.0,0.0,0.0,0.0,0.0,0.0,0.0584151941953517,0.142548605512821,0.0,0.0,0.0,0.0,0.296607817663548,0.0,0.5944486519180158,0.0,0.0,0.0,0.349189000290432,0.0,0.1243667731910811,0.0,0.0,0.0,0.0,0.1461685483431893,0.0,0.3594311380982347,0.7523452421124687,0.0,0.7196404536681317,0.0,0.130832999310568,0.4555139600012272,0.4859359989371767,0.3009581758425977,0.3333183705307397,0.7211748067967721,0.5583389794403595,0.1823187439651681,0.3047786989037417,0.4000367966938569,0.0,0.6186555491503543
0.5919539921618779,0.7316312582028833,0.0,0.0,0.0,0.5412410105050236,0.0,0.0,0.0,0.0,0.0,0.0,0.0,0.0,0.010967390777579,0.4631649546043992,0.0,0.602208143136878,0.0,0.0,0.5149332609857515,0.2251965819449221,0.1270107106116748,0.0,0.7145948044627083,0.5157365290584072,0.1531561839331733,0.0,0.3955943739814842,0.0,0.1000644900764225,0.0,0.0,0.0,0.0,0.0,0.0,0.0,0.0,0.2100989728379309,0.0,0.0,0.0,0.0,0.0,0.5944486519180158,0.0,0.0,0.0,0.0,0.6237128418142167,0.2447243832097906,0.4331393157092665,0.0,0.6930978511809658,0.0,0.0,0.4339748117198889,0.0,0.1777138128649717,0.5629015511447598,0.7273301137171773,0.689334764633446,0.0,0.0,0.4283760539717992,0.2509914049980448,0.5123065961097665,0.0,0.8429418483396055,0.7578114712664772,0.1041708419525872,0.2005150624373001,0.2882006867611694,0.0,0.3014416776970691
0.0,0.0,0.780959331816492,0.0,0.0,0.4232342880666304,0.0,0.0,0.6607114233836693,0.0,0.4103679760117658,0.0,0.0,0.0,0.0,0.0,0.0,0.0,0.6545782209198303,0.0,0.0,0.0,0.2386787536253025,0.0,0.0,0.0,0.7424142218959212,0.2716460148088947,0.0,0.0,0.0,0.0,0.0,0.0241020475939118,0.0,0.0,0.0,0.0,0.0,0.0,0.0,0.0,0.0,0.1461150045441469,0.0,0.0,0.0,0.0,0.0,0.3792547089081716,0.2387072512772349,0.037768461438868,0.1531710439465823,0.649867167444187,0.1815607083548428,0.8882087019341197,0.0,0.0,0.0,0.0,0.0,0.0,0.0,0.7919245127913744,0.0,0.0,0.0,0.3991012759580396,0.0,0.2730826033129582,0.0732126170152737,0.7115329791505276,0.2886892057147447,0.0,0.2480214335701892,0.296703453593966
0.0,0.0,0.0,0.0,0.0,0.0,0.0,0.0,0.0,0.0,0.0,0.0,0.0,0.0,0.0,0.0,0.0,0.0,0.0,0.0,0.0,0.0,0.0,0.0,0.0,0.0,0.0,0.0,0.0,0.0,0.0,0.0,0.0,0.0,0.0,0.0,0.0,0.0,0.1463581182494078,0.0,0.1798096114080799,0.3574681040231798,0.3320271896860227,0.1220693447159037,0.0,0.0,0.0,0.0,0.0,0.1544974009997876,0.0,0.3515874502167123,0.0335206812994252,0.1811070916830262,0.0,0.0,0.0,0.1725980671814094,0.3715690759148367,0.0,0.0,0.0,0.0,0.0,0.0,0.0,0.0,0.0,0.0,0.0,0.0,0.0259600964657739,0.2476178522497407,0.0,0.0,0.0
0.0,0.0,0.3786996693720639,0.0,0.0,0.4302372248444147,0.0,0.3730941989035379,0.6059953802441475,0.0,0.4532391561309134,0.0,0.0,0.0,0.0,0.0,0.0,0.0,0.572059703953959,0.0,0.0,0.0,0.4226779384682104,0.0,0.0,0.0,0.5235995497840494,0.0,0.0,0.0,0.0,0.1174310652152581,0.0,0.0,0.0,0.2217187173211347,0.0,0.0,0.0503121858821514,0.2092528026293031,0.0,0.0,0.1614127711115787,0.2975348949144914,0.0019737438757863,0.0,0.0,0.3792547089081716,0.1544974009997876,0.0,0.0090222535831058,0.5883160320810987,0.4566700562411108,0.5993703844697685,0.2532981739123126,0.5618762168459952,0.4108990176538183,0.2429452320045997,0.0610891989564425,0.0,0.0,0.0,0.0,0.4354189926415276,0.0,0.0,0.0,0.2632772090083747,0.0,0.0,0.0,0.5139791002423635,0.4597402530229457,0.0,0.0,0.0
