0.0,0.4565309700915894,0.0,0.0,0.0,0.1954733534203603,0.0,0.538289072253862,0.0,0.1087004540040116,0.0,0.0,0.4283936588471378,0.0,0.5060041550505816,0.619595920135711,0.4318307805275469,0.2535913639163067,0.0,0.5577279833887816,0.8022273190051764,0.5684669755845801,0.4693921777762978,0.4957039589609823,0.4109134733954229,0.3771963743052867,0.3687062325212377,0.5159307025131952,0.4278944108089523,0.0,0.7758789828527627,0.4328491160366858,0.2968722612270817,0.3317223964782569,0.0,0.0,0.0,0.5517098905175535,0.4104209630244279,0.2899813416581919,0.3073107827416826,0.0,0.0,0.0,0.0,0.9250262990615452,0.5091334311081793,0.0,0.0,0.0,0.0,0.0,0.0,0.0,0.4216597144852669,0.0,0.0,0.0,0.0,0.0,0.4753199526214253,0.0,0.5554544785048813,0.0,0.0,0.8961581290387036,0.4315993727876387,0.0,0.472703559486465,0.6077264491385496,0.6445009655755792,0.0,0.0,0.0,0.0,0.6336743059545523
0.4565309700915894,0.0,0.0,0.0,0.4435556831388463,0.5901255791636344,0.561152880712237,0.6719318177090613,0.421223612384148,0.0,0.0,0.0,0.7023103845585414,0.0,0.2568582601915482,0.6327946680629842,0.7048612035138776,0.6870166881734373,0.0,0.4668921360875649,0.5050373927522106,0.5314049452870561,0.5566022217422053,0.0,0.6954690119596035,0.8192118369809523,0.44365374681914,0.4320826247391149,0.3208362147697712,0.0,0.3398477861242107,0.4346217838531666,0.361515281593647,0.2901205769790911,0.0,0.0,0.0,0.0,0.3820249465652067,0.3737957613634584,0.2344390145261305,0.0,0.0,0.0,0.0,0.3577146713727067,0.6743256537632877,0.0,0.0,0.0,0.565779183529429,0.0,0.0,0.0,0.0,0.0,0.0,0.0,0.0,0.3188011104106435,0.2207466911627087,0.0,0.4206577549517666,0.0,0.4202965649890836,0.4104320266630332,0.3284645666012825,0.5398378655214877,0.0,0.578962076858922,0.6481760379708351,0.4704480727914227,0.0,0.2815912532115913,0.0,0.29217753069306
0.0,0.0,0.0,0.0088030151506953,0.7243215316333371,0.7254064446270471,0.4808670462404248,0.6208558285391184,0.8904203092217553,0.2420975232212086,0.6865224238128443,0.1685605948242355,0.6183899812381017,0.0,0.0,0.0,0.0,0.0,0.7472298837331747,0.0,0.0,0.0,0.733256012375019,0.0,0.0,0.0,0.810048354518199,0.5254582098458224,0.0,0.0,0.2982360948687828,0.3201790669326105,0.2664845055970075,0.0601495143084137,0.0,0.4590965509491243,0.2084627703293912,0.0,0.1285422658921542,0.0,0.2110306509735794,0.0,0.1540184420632989,0.0,0.0,0.0,0.0,0.8629207505995206,0.0,0.6908836210893974,0.6802854019320672,0.4368937032036316,0.5281664024583205,0.9111823572232288,0.0,0.7594347578778826,0.0,0.5740579498014633,0.2118677349433372,0.0,0.0,0.0,0.0,0.6988028027130873,0.0,0.0,0.0,0.6194991158592101,0.0,0.0,0.0,0.7925660276192805,0.4434641283877718,0.0,0.0,0.0
0.0,0.0,0.0088030151506953,0.0,0.0733609260964125,0.0946156478244891,0.2665430332956842,0.0,0.0,0.4004136175475113,0.0,0.3986994835274591,0.1067933652596848,0.1311483033143847,0.0,0.0,0.0,0.0,0.0,0.0,0.0,0.0,0.0,0.0,0.0,0.0,0.0191267852252628,0.2118372181937239,0.0,0.0,0.0,0.1687532988054212,0.0,0.0,0.0485724277596698,0.0,0.0,0.0,0.0,0.0,0.0,0.0,0.0,0.0,0.0,0.0,0.0,0.0,0.0,0.0,0.0,0.0,0.0,0.0,0.0,0.0,0.0,0.0,0.0,0.0,0.0,0.0,0.0,0.0,0.0,0.0,0.0,0.0,0.0,0.0,0.0,0.0,0.0,0.0,0.0,0.0
0.0,0.4435556831388463,0.7243215316333371,0.0733609260964125,0.0,0.5429550951217865,0.6888511922457584,0.632296242982453,0.8792906225236461,0.4534639394078615,0.6168718190033629,0.2686737626307222,0.6774881607485389,0.1402508721304507,0.0,0.5851283028079262,0.0,0.0,0.6424583304192552,0.5557352962261037,0.0,0.4190387013073871,0.6566128260691952,0.0,0.4455960201584359,0.3393429362632575,0.6662149189834639,0.562776876345271,0.4316659612962426,0.0,0.4241785330260329,0.4284316346480015,0.0986987610924026,0.1158479378409803,0.0,0.3630346009642811,0.3127175900284949,0.1874009956601621,0.0692888365789781,0.0,0.0,0.0,0.2070531262209188,0.0,0.0,0.0,0.0,0.6983963860952064,0.0,0.772330328701829,0.5344065100999285,0.0,0.6580615084745474,0.8260035451201668,0.0,0.8065184969022019,0.0,0.0,0.0,0.0,0.0,0.0,0.0,0.7074737383654773,0.0,0.0,0.0,0.5789313324874539,0.0,0.0,0.0,0.6431003609525746,0.0,0.0,0.0,0.0
0.1954733534203603,0.5901255791636344,0.7254064446270471,0.0946156478244891,0.5429550951217865,0.0,0.5990670524261492,0.8234756374345349,0.6609395011231128,0.1770919572540863,0.3568792025780352,0.3982294495839297,0.750033431275272,0.1418985697398598,0.3908898641258166,0.453683412059624,0.4123046165229488,0.4627319422552705,0.5841764611179142,0.4762041643390947,0.5678976502983054,0.4747378045422697,0.8475526205992883,0.0,0.3667320529990602,0.599801531417143,0.7858106712972399,0.4593164907590398,0.4578599096641405,0.4410810748381059,0.2208262297574621,0.3929453529752542,0.4378764972954951,0.2376988700934198,0.0,0.3613525849848296,0.1578808165729045,0.1127035897446738,0.2055559214368978,0.0,0.2808620142314418,0.1605809394799662,0.2013356831565879,0.0,0.0,0.0,0.4077440356105606,0.6427037652806231,0.0,0.5665572509171466,0.8395464774452884,0.3471584532979408,0.678551588207697,0.72346843995145,0.0,0.5582552295946437,0.0,0.4563185159808916,0.0,0.4012214248932898,0.0,0.0,0.0,0.526071799959316,0.536621394352303,0.3290453058214451,0.2465526632690849,0.7401615933190915,0.0,0.0,0.4054629482807451,0.6589056059972407,0.286634705211557,0.3270606629875431,0.3035590907522917,0.186451408674118
0.0,0.561152880712237,0.4808670462404248,0.2665430332956842,0.6888511922457584,0.5990670524261492,0.0,0.4921208423309779,0.6419580578574829,0.5567399649340958,0.4424445772948192,0.5322290074646243,0.7020964413107227,0.2378477444028068,0.0,0.4195450074648867,0.5643723380535995,0.5370984833259609,0.5188604830701529,0.3636448222908681,0.0,0.3439132692008301,0.4439419639278472,0.2365419386849893,0.4998743009320164,0.3669145134357046,0.5739213494055639,0.3769096244616521,0.3730329344593419,0.0,0.1705602932645971,0.3725776156956777,0.2164280553860746,0.0919621891595054,0.0,0.1364416380652933,0.1575999560065961,0.0,0.1430680942694421,0.0,0.0400664705915035,0.0,0.0877940089908221,0.0,0.0,0.0,0.0,0.4930872721101389,0.0,0.0,0.4594844303912254,0.0,0.4808123363334963,0.5888075896680222,0.0,0.5336195043914713,0.0,0.0,0.0,0.0,0.0,0.0,0.0,0.5697891728334071,0.0,0.0,0.0,0.3554056634375703,0.0,0.0,0.0,0.5708646296663058,0.0,0.0,0.0,0.0
0.538289072253862,0.6719318177090613,0.6208558285391184,0.0,0.632296242982453,0.8234756374345349,0.4921208423309779,0.0,0.6400306895576674,0.1945107206629089,0.3753742956968278,0.2747333917216061,0.741357385374087,0.2223466815975026,0.4555035277846546,0.5028443320725443,0.0,0.3871640249174382,0.5955072366111497,0.5428475488560415,0.7658505477792705,0.452187662058492,0.8954367295244273,0.5680675498835915,0.3797589448535793,0.5715541826232552,0.5831538143726948,0.4939321331841537,0.2983622381636999,0.4511499372122876,0.3888151328963571,0.4874752339978329,0.3152099738054563,0.2643439886218435,0.0,0.4431330573272268,0.3440189617820263,0.0,0.2994975135769628,0.0,0.2204190319784813,0.0,0.4831117293316648,0.0,0.0,0.0,0.0,0.5606458368911378,0.0,0.6571222693772831,0.8684703250148509,0.530055822058349,0.8580892190743016,0.6823920044135304,0.0,0.7097041262192391,0.0,0.6829761951838671,0.4260786629687261,0.5243432807969074,0.0,0.0,0.0,0.5855515616903646,0.4665206100618223,0.6225911923865991,0.0,0.8383022964646706,0.0,0.0,0.0,0.5426042207778922,0.5442445376561598,0.310840922143351,0.0,0.3113595808753582
0.0,0.421223612384148,0.8904203092217553,0.0,0.8792906225236461,0.6609395011231128,0.6419580578574829,0.6400306895576674,0.0,0.3560366279139269,0.6584029115206944,0.1805687951485804,0.6863301197918089,0.0183879368753269,0.0,0.5466146987714497,0.0,0.3702568018394415,0.7438412309105218,0.6186877931205574,0.0,0.524206668143205,0.7153196783881625,0.3038554767031526,0.4113796109192847,0.3663224853572781,0.8005511573517203,0.619175366997753,0.5561823490610458,0.59392454697413,0.4435594846753347,0.4208312945761295,0.2167317906266795,0.1308004207938398,0.0,0.4561431874028491,0.3024328366014927,0.2018611728025542,0.1522857030689705,0.0,0.2182822714102403,0.0,0.2138924311230574,0.0,0.0,0.0,0.0,0.859551043236665,0.0,0.8107191656010927,0.6504629130912225,0.6398475958421254,0.5971772266525545,0.986366830822631,0.0,0.8757884280293462,0.0,0.6750804619365441,0.285614196661302,0.0,0.0,0.0,0.0,0.7520071461271802,0.0,0.0,0.0,0.6493685954041762,0.0,0.0,0.0,0.7674488800904773,0.5844996351894195,0.0,0.0,0.0
0.1087004540040116,0.0,0.2420975232212086,0.4004136175475113,0.4534639394078615,0.1770919572540863,0.5567399649340958,0.1945107206629089,0.3560366279139269,0.0,0.2681634195562873,0.7777054533014627,0.4827728522677039,0.0,0.0,0.4734521945960173,0.7459045717749179,0.5836974518193391,0.3514709768405842,0.0591056046832228,0.0,0.0,0.1596317718141028,0.324678777859668,0.7137999636870296,0.4057241674069946,0.1098419502810717,0.4805939627490391,0.0225313725117686,0.0,0.1611836405342035,0.3562729147879882,0.0,0.0,0.0,0.127922408844418,0.2395225649332846,0.0,0.0,0.0,0.0,0.1404374036300273,0.0,0.0,0.0,0.0057679420794759,0.0,0.0,0.0,0.0,0.0,0.0,0.0,0.0,0.8625171807228196,0.0,0.8101194569314366,0.3168842320736236,0.0,0.0,0.0,0.5146791930175199,0.171458683369715,0.0,0.0,0.0,0.0,0.0,0.0805593823894934,0.2134261551881187,0.1855699101212466,0.0,0.334820248608784,0.0,0.0,0.186140303972068
0.0,0.0,0.6865224238128443,0.0,0.6168718190033629,0.3568792025780352,0.4424445772948192,0.3753742956968278,0.6584029115206944,0.2681634195562873,0.0,0.1173865385962958,0.2920584413503757,0.081508073453824,0.0,0.0,0.2545642590165431,0.0,0.7426588370945029,0.0,0.0,0.0,0.4907319986522681,0.0583697211989878,0.0,0.1490522443090788,0.4617962183166997,0.123790900763791,0.0,0.0,0.0,0.0,0.0,0.0,0.0,0.0,0.0,0.0,0.0,0.0,0.0,0.0,0.0,0.0,0.0,0.0,0.0,0.504058312656556,0.0,0.3725846042096071,0.3069853483399354,0.3457624263125025,0.2347788276012532,0.5711670494287614,0.0,0.751577423524129,0.0,0.3119081842578487,0.0365867407044166,0.0,0.0,0.0,0.0,0.6495017535748856,0.0,0.0,0.0,0.3288969164842059,0.0,0.0,0.0,0.5419108520450073,0.0957132909900173,0.0,0.0,0.0
0.0,0.0,0.1685605948242355,0.3986994835274591,0.2686737626307222,0.3982294495839297,0.5322290074646243,0.2747333917216061,0.1805687951485804,0.7777054533014627,0.1173865385962958,0.0,0.5670466617988703,0.0,0.0,0.0,0.6667358726857068,0.6288175277055077,0.2260697204645157,0.0,0.0719552885436254,0.0,0.1862627761300187,0.6002850151647047,0.559942681259656,0.554397976708461,0.0715175172410739,0.4300030106786152,0.0,0.0,0.079564161433859,0.3260437718144777,0.21976320528984,0.0240954966292097,0.0,0.1847896407245366,0.2691222772086071,0.0,0.1667635301898079,0.1648437073069426,0.0094172862156999,0.1487209563304448,0.1701333536356143,0.0,0.0,0.0,0.0,0.0,0.0,0.0,0.0,0.0,0.0,0.0,0.617605899210281,0.0,0.8841189269682364,0.2125018623050544,0.0,0.0,0.0,0.3983213617344244,0.218446510604598,0.0,0.0,0.0,0.0,0.0,0.3005058544027659,0.1811163110781051,0.2601647059250143,0.0,0.1894713752161447,0.0,0.0,0.2024257795316489
0.4283936588471378,0.7023103845585414,0.6183899812381017,0.1067933652596848,0.6774881607485389,0.750033431275272,0.7020964413107227,0.741357385374087,0.6863301197918089,0.4827728522677039,0.2920584413503757,0.5670466617988703,0.0,0.2179873961108457,0.3566112765192794,0.6812866180130118,0.6222647597890292,0.6332768150049016,0.551308758141447,0.5527237183232864,0.6612191467385032,0.5161264884321769,0.638290064944056,0.5467254298735467,0.5389029886011938,0.5960582233238594,0.5910768968598061,0.7616161169767867,0.4461209895335318,0.6052618234743304,0.490965199061581,0.5578978867139424,0.3705361190794674,0.2793511718464952,0.0,0.5888512736149535,0.4634517447002411,0.2467820203159889,0.3732284582027332,0.297408673900962,0.2388749096220988,0.0792453625324872,0.4817587683928626,0.0,0.0950168357631441,0.0,0.0,0.5586659716104022,0.0,0.0,0.6570544932802705,0.5703166907021843,0.6571566309575634,0.0,0.0,0.5519556630288098,0.5243843675641983,0.0,0.0,0.4093953213685773,0.0,0.0,0.0,0.0,0.5045065964743431,0.0,0.2864877771552275,0.5755060443567945,0.0,0.3595601923548968,0.4827583400442052,0.5228778689792147,0.0,0.4580492296250334,0.0,0.0
0.0,0.0,0.0,0.1311483033143847,0.1402508721304507,0.1418985697398598,0.2378477444028068,0.2223466815975026,0.0183879368753269,0.0,0.081508073453824,0.0,0.2179873961108457,0.0,0.0,0.0,0.0,0.0,0.0791475289052597,0.0,0.0380778093828384,0.0,0.1466683928615584,0.0,0.0,0.0,0.0,0.1722786986320292,0.0,0.0,0.068665618062584,0.0,0.0,0.050195252449387,0.0,0.0,0.1578715528478668,0.0,0.0497451728863951,0.0,0.0,0.0,0.2269837734938268,0.0,0.0,0.0,0.0,0.0,0.0,0.0,0.0,0.0,0.0,0.0,0.0,0.0681416272533994,0.0,0.0,0.0,0.0,0.0,0.0,0.0,0.0,0.0,0.0,0.0,0.2148499044491179,0.0,0.0,0.0,0.0,0.0,0.0,0.0,0.0
0.5060041550505816,0.2568582601915482,0.0,0.0,0.0,0.3908898641258166,0.0,0.4555035277846546,0.0,0.0,0.0,0.0,0.3566112765192794,0.0,0.0,0.3914117787338845,0.0,0.1688803334565143,0.0,0.7373216809470449,0.6619294159721769,0.7097458143202185,0.592146404469323,0.0822661987977187,0.0541197470714706,0.1367950325014315,0.6378158265629786,0.2882980095712186,0.6560737362992888,0.0,0.4382662819672062,0.1936934337827022,0.2101954627569779,0.3044414908616471,0.0,0.2483020202429315,0.0,0.0,0.1086882779518303,0.2611563265222076,0.262417382842405,0.0,0.0231963817896282,0.0,0.0,0.0,0.439081166639341,0.0,0.0,0.0,0.3629050388110453,0.0,0.2853876099207769,0.0,0.0,0.0,0.0,0.2857002932577114,0.0,0.8308552140753788,0.465731574913748,0.0,0.0,0.0,0.6722119359958288,0.6563567039535253,0.6269145598620585,0.5590801472434579,0.0,0.3016400516283516,0.4354505400849659,0.6203655078295081,0.2759621175120933,0.6101978523687314,0.0,0.446915386785621
0.619595920135711,0.6327946680629842,0.0,0.0,0.5851283028079262,0.453683412059624,0.4195450074648867,0.5028443320725443,0.5466146987714497,0.4734521945960173,0.0,0.0,0.6812866180130118,0.0,0.3914117787338845,0.0,0.768817076668173,0.799551554371356,0.0,0.5594850254389588,0.6310604158943863,0.614402623301428,0.4785338771500373,0.5201414397599027,0.6567554894147185,0.5802835182933493,0.5093357545501166,0.6802780629523634,0.4244062822883074,0.6320638817145441,0.7160862211264164,0.633882999916056,0.4505803313375414,0.3809120384811883,0.0334699692480184,0.0,0.0,0.0,0.3884370644285925,0.3537110792958085,0.3099406920521823,0.0894003202143076,0.0,0.0,0.0,0.5133492068396427,0.392340053817341,0.0,0.0,0.0,0.0,0.0,0.0,0.0,0.0,0.0,0.0,0.0,0.0,0.3918588374504858,0.3106012815952086,0.0,0.4884207299990738,0.0,0.4604348282386951,0.5686499946897505,0.3237967161495066,0.5074839391901671,0.0,0.463521769941372,0.5458803763323591,0.4464008684692924,0.0,0.4549910196939968,0.0,0.5648605971156028
0.4318307805275469,0.7048612035138776,0.0,0.0,0.0,0.4123046165229488,0.5643723380535995,0.0,0.0,0.7459045717749179,0.2545642590165431,0.6667358726857068,0.6222647597890292,0.0,0.0,0.768817076668173,0.0,0.8496206257777067,0.0,0.3788162325413498,0.0,0.3753760752731547,0.0,0.6312696120579695,0.8567936541780239,0.6064334026651241,0.0,0.6104989398087225,0.1792060286774428,0.0,0.5000554963224297,0.541459736752408,0.2978452962093409,0.1840974138706076,0.0243292509232558,0.0,0.0,0.2877777068358692,0.0,0.2384026912342601,0.0,0.0,0.0,0.0,0.0,0.0,0.0,0.0,0.0,0.0,0.0,0.0,0.0,0.0,0.8042222889039025,0.0,0.658845077624705,0.0,0.0,0.0,0.0,0.7848283123859583,0.4824947948572908,0.0,0.0,0.0,0.0,0.0,0.3969620407922392,0.5034098726257928,0.475076432068193,0.0,0.0,0.0,0.0,0.0
0.2535913639163067,0.6870166881734373,0.0,0.0,0.0,0.4627319422552705,0.5370984833259609,0.3871640249174382,0.3702568018394415,0.5836974518193391,0.0,0.6288175277055077,0.6332768150049016,0.0,0.1688803334565143,0.799551554371356,0.8496206257777067,0.0,0.0,0.3509656862081046,0.3797020858908767,0.4139696971035917,0.3060971716495807,0.5262156393994796,0.7821251739618313,0.6006943411501354,0.3992429873030792,0.5144399637723198,0.2479811464034506,0.4159516304228474,0.4070229579822853,0.5459086904569428,0.4006424844689296,0.229946335284997,0.0635009338937476,0.0,0.0,0.0,0.3304807170485134,0.3344739327031712,0.2182897552066462,0.0831530113843473,0.0,0.0,0.0,0.1661567162859587,0.3327253292105965,0.0,0.0,0.0,0.0,0.0,0.0,0.0,0.5969893622831027,0.0,0.5488531517475395,0.0,0.0,0.0,0.0916990138852293,0.5916911281366959,0.4108313008912182,0.0,0.0,0.0,0.1466267551666283,0.0,0.2824806611157392,0.3878085120343343,0.386697946770348,0.0,0.0,0.0,0.0,0.3799258228882915
0.0,0.0,0.7472298837331747,0.0,0.6424583304192552,0.5841764611179142,0.5188604830701529,0.5955072366111497,0.7438412309105218,0.3514709768405842,0.7426588370945029,0.2260697204645157,0.551308758141447,0.0791475289052597,0.0,0.0,0.0,0.0,0.0,0.0,0.0,0.0,0.72378229667677,0.0,0.0,0.0,0.6851949030612082,0.343253186916312,0.0,0.0,0.2282512084979484,0.1993708402282077,0.0,0.015404572792468,0.0,0.2757279522590942,0.1713964690652866,0.1068017878184082,0.147092149598875,0.0,0.0,0.0,0.1932997483691768,0.0,0.0,0.0,0.0,0.6104549685963644,0.0,0.4589018901583503,0.5364023122398096,0.4766498782432253,0.3904059128035456,0.7065210095577851,0.0,0.714718252433797,0.0,0.5102798749490618,0.1182793748090879,0.0,0.0,0.0,0.0,0.8445857488949606,0.0,0.0,0.0,0.653485689960046,0.0,0.0,0.0,0.7370398878162594,0.0,0.0,0.0,0.0
0.5577279833887816,0.4668921360875649,0.0,0.0,0.5557352962261037,0.4762041643390947,0.3636448222908681,0.5428475488560415,0.6186877931205574,0.0591056046832228,0.0,0.0,0.5527237183232864,0.0,0.7373216809470449,0.5594850254389588,0.3788162325413498,0.3509656862081046,0.0,0.0,0.7432004165501582,0.9425538359626664,0.6125800612680017,0.0,0.1936457857670157,0.3427359320110092,0.7101306787201788,0.5559612586858604,0.6539954498327043,0.7771508249036416,0.615169813525299,0.391373776969858,0.3442987368239338,0.5333055474470352,0.0,0.4327597916614938,0.3458861203934069,0.0,0.3627527922936122,0.3747486367399517,0.4717895444110803,0.0,0.2740994361905012,0.0,0.0,0.0,0.538243314359439,0.0,0.0,0.0,0.4218004344898321,0.0,0.3621014998552406,0.0,0.0,0.0,0.0,0.4335670739448333,0.0,0.6744241103580365,0.5129405434675383,0.0,0.0,0.0,0.8997111646490016,0.6782898730933727,0.8333906971190487,0.5823451572629718,0.0,0.4233678599673534,0.5649042757657856,0.6296016345599782,0.5077668138505594,0.5885386790253067,0.6268078875565419,0.5504930043596515
0.8022273190051764,0.5050373927522106,0.0,0.0,0.0,0.5678976502983054,0.0,0.7658505477792705,0.0,0.0,0.0,0.0719552885436254,0.6612191467385032,0.0380778093828384,0.6619294159721769,0.6310604158943863,0.0,0.3797020858908767,0.0,0.7432004165501582,0.0,0.6818476079802817,0.6942931048987864,0.4874246628441762,0.3492406800028141,0.3943660985374861,0.6730269585769197,0.6395046828188157,0.5397668025047887,0.0,0.736330328397501,0.6058733614285822,0.4259966514377739,0.4861225890522507,0.0,0.0,0.0,0.0,0.4221497804991688,0.3413145936914607,0.4050471696529144,0.0,0.0,0.0,0.0,0.7365816912284621,0.5989720687156033,0.0,0.0,0.0,0.6854934848743703,0.0,0.6866211775197693,0.0,0.0,0.0,0.0,0.7217342041323086,0.0,0.6938232720785362,0.4036903442314822,0.0,0.0,0.0,0.6401688772438066,0.923500082814119,0.4842592446379676,0.7065707940901386,0.0,0.5327501695157024,0.6085858302104136,0.6026680036089028,0.7133787072058588,0.6204050978398532,0.0,0.5858368408404018
0.5684669755845801,0.5314049452870561,0.0,0.0,0.4190387013073871,0.4747378045422697,0.3439132692008301,0.452187662058492,0.524206668143205,0.0,0.0,0.0,0.5161264884321769,0.0,0.7097458143202185,0.614402623301428,0.3753760752731547,0.4139696971035917,0.0,0.9425538359626664,0.6818476079802817,0.0,0.5550974755002649,0.0,0.2074075045271709,0.4191783383785308,0.7118393152719233,0.4803811103094494,0.7536012671008192,0.6779450221286435,0.6003239409353198,0.3671969244274841,0.4916996421709536,0.5447575406880659,0.0,0.4055225584014364,0.3098735666242057,0.0,0.4599149407983827,0.4729894025328002,0.5081599459195405,0.0,0.273509672909458,0.0,0.0,0.5901919103665559,0.5919306588847425,0.0,0.0,0.0,0.4044578050987778,0.0,0.0,0.0,0.0,0.0,0.0,0.0,0.0,0.6704820150364365,0.6140002743993836,0.0,0.503054607274272,0.0,0.9194629246133872,0.6148314193481315,0.8739870875523831,0.539174053977001,0.0,0.4727888016262951,0.6111742318340383,0.6715973383335057,0.405740578301668,0.6706557243350276,0.0,0.5793551878283648
0.4693921777762978,0.5566022217422053,0.733256012375019,0.0,0.6566128260691952,0.8475526205992883,0.4439419639278472,0.8954367295244273,0.7153196783881625,0.1596317718141028,0.4907319986522681,0.1862627761300187,0.638290064944056,0.1466683928615584,0.592146404469323,0.4785338771500373,0.0,0.3060971716495807,0.72378229667677,0.6125800612680017,0.6942931048987864,0.5550974755002649,0.0,0.3801185164623738,0.2943811869623944,0.552220005407554,0.7777390773143041,0.4461373469772891,0.5324454908400835,0.4840284033057008,0.3205189199366233,0.3193485108608256,0.2859097685868331,0.2000199087324838,0.0,0.3412026232707439,0.1750047578224607,0.1967177793126982,0.1422104487912314,0.2491833941738689,0.2007941079673233,0.0028373514663237,0.2281610540534477,0.1260444893427125,0.0,0.0,0.4710204716068485,0.6459203073430617,0.0,0.587318386182803,0.8084886323369345,0.4050772050631656,0.7020160484723523,0.7479653108188329,0.0,0.6849401794389982,0.0,0.5200207680319109,0.227215179879121,0.6095279106109537,0.0,0.0,0.0,0.5935913927101353,0.6118116074204841,0.5832735287127112,0.3858971549054276,0.9378746584282036,0.0,0.2692386155533561,0.5150261260250336,0.6889854117035774,0.3505783096880092,0.4387302708831781,0.4009710233984589,0.2918567666397392
0.4957039589609823,0.0,0.0,0.0,0.0,0.0,0.2365419386849893,0.5680675498835915,0.3038554767031526,0.324678777859668,0.0583697211989878,0.6002850151647047,0.5467254298735467,0.0,0.0822661987977187,0.5201414397599027,0.6312696120579695,0.5262156393994796,0.0,0.0,0.4874246628441762,0.0,0.3801185164623738,0.0,0.5306870976039154,0.6890460504567311,0.118276690427152,0.5584391619785595,0.0,0.0,0.4738968929973172,0.469963477621405,0.4747646004785101,0.2748216199989163,0.0,0.5576134693172792,0.5054196828406318,0.5367078252337626,0.4910143167541548,0.4593125522018861,0.3928400564633801,0.0,0.0,0.0,0.4267706718046986,0.4508011182060312,0.0,0.0,0.0,0.0,0.0,0.0,0.0,0.0,0.4779485998799194,0.0,0.5517494812230335,0.0,0.0,0.0,0.214515835243185,0.6693161135917755,0.6038213700581322,0.0,0.0,0.0,0.0,0.0,0.8375667703760857,0.5361341616376709,0.6711353789006953,0.0,0.5931345966972795,0.0,0.0,0.5495129935374727
0.4109134733954229,0.6954690119596035,0.0,0.0,0.4455960201584359,0.3667320529990602,0.4998743009320164,0.3797589448535793,0.4113796109192847,0.7137999636870296,0.0,0.559942681259656,0.5389029886011938,0.0,0.0541197470714706,0.6567554894147185,0.8567936541780239,0.7821251739618313,0.0,0.1936457857670157,0.3492406800028141,0.2074075045271709,0.2943811869623944,0.5306870976039154,0.0,0.6678158557556224,0.307281860582981,0.524441532919904,0.1148060899250018,0.0,0.3759110539755287,0.5003814977596274,0.2600909700357716,0.008577231154838,0.0,0.0,0.0,0.1968704629059995,0.2469185831531372,0.1186165877531587,0.0352039103798844,0.0260967235827401,0.0,0.0,0.0,0.215389845016117,0.3164208454528365,0.0,0.0,0.0,0.0,0.0,0.0,0.0,0.7117538180837973,0.0,0.5905332708875954,0.4245534936834559,0.0,0.0760123226228332,0.0,0.6983926162529971,0.3738402562678062,0.0,0.0983542062087232,0.2971602313018037,0.0,0.3952675106164164,0.2764754410494258,0.5232042826610543,0.4666649859801256,0.0,0.0,0.237851774093153,0.0,0.2959354046185277
0.3771963743052867,0.8192118369809523,0.0,0.0,0.3393429362632575,0.599801531417143,0.3669145134357046,0.5715541826232552,0.3663224853572781,0.4057241674069946,0.1490522443090788,0.554397976708461,0.5960582233238594,0.0,0.1367950325014315,0.5802835182933493,0.6064334026651241,0.6006943411501354,0.0,0.3427359320110092,0.3943660985374861,0.4191783383785308,0.552220005407554,0.6890460504567311,0.6678158557556224,0.0,0.3795414371357605,0.4855668187019487,0.2315418280929065,0.0,0.2661353589955378,0.4675312846054462,0.4922288287673172,0.1725250929596302,0.0,0.3857574330853972,0.0,0.2332160497333338,0.3796754088496865,0.4413108162479532,0.2422776937895415,0.0,0.0,0.0,0.2007022925116258,0.2662669736644481,0.515821664617558,0.0,0.0,0.0,0.5336051821958018,0.0,0.0,0.0,0.4098265614776193,0.0,0.5293721111830368,0.3637239325792372,0.0,0.1670445887329131,0.172420274792329,0.4509309713183803,0.3706485203324028,0.0,0.4158330139283525,0.3053407620319798,0.2747944927675185,0.5390876762063165,0.4884854670060138,0.4599298780041366,0.7575482779913462,0.3846111156710337,0.3462215913047062,0.2397815286769382,0.0,0.3083984174936715
0.3687062325212377,0.44365374681914,0.810048354518199,0.0191267852252628,0.6662149189834639,0.7858106712972399,0.5739213494055639,0.5831538143726948,0.8005511573517203,0.1098419502810717,0.4617962183166997,0.0715175172410739,0.5910768968598061,0.0,0.6378158265629786,0.5093357545501166,0.0,0.3992429873030792,0.6851949030612082,0.7101306787201788,0.6730269585769197,0.7118393152719233,0.7777390773143041,0.118276690427152,0.307281860582981,0.3795414371357605,0.0,0.4559184872600754,0.7719340169437505,0.5293269100226585,0.3827636468751521,0.3415176658077675,0.3063437581811583,0.2939602172959413,0.0,0.3388013683809142,0.1033032688713163,0.0998762047828027,0.1330028622111349,0.2452563413902869,0.2560371080521066,0.0426750801637855,0.1021472162275721,0.0277921040040785,0.0,0.0,0.4333265238998361,0.7997589898514968,0.0,0.6104139614691927,0.6491483042165301,0.4339834914066086,0.4686954005879336,0.8404719069883241,0.0,0.6222187919514517,0.0,0.4097224207744511,0.1246664962915207,0.6280815357504791,0.0,0.0,0.0,0.6309484525588482,0.7456265328896542,0.5165971323116096,0.5033877549976024,0.701110631474124,0.0,0.0,0.4089338934632997,0.9307067678835728,0.3180109591813216,0.643234961601398,0.463674644161496,0.2860774942890127
0.5159307025131952,0.4320826247391149,0.5254582098458224,0.2118372181937239,0.562776876345271,0.4593164907590398,0.3769096244616521,0.4939321331841537,0.619175366997753,0.4805939627490391,0.123790900763791,0.4300030106786152,0.7616161169767867,0.1722786986320292,0.2882980095712186,0.6802780629523634,0.6104989398087225,0.5144399637723198,0.343253186916312,0.5559612586858604,0.6395046828188157,0.4803811103094494,0.4461373469772891,0.5584391619785595,0.524441532919904,0.4855668187019487,0.4559184872600754,0.0,0.3038265706358383,0.6598564754020646,0.6969779365251043,0.5436708421236351,0.3587883519744333,0.3062414832421468,0.0140986794131605,0.6773467176343108,0.514563013126395,0.2928912505922265,0.371533488585398,0.2649518089418269,0.3475123110154126,0.0702287528459069,0.4376244461068796,0.0,0.10797788541339,0.0,0.0,0.5725145615137018,0.0,0.0,0.4692481405596369,0.0,0.5602187544616894,0.6170522706782943,0.5743140371785302,0.0,0.4654608251197837,0.6459283839079354,0.0,0.3334812197462545,0.0,0.0,0.0,0.0,0.5028638376353648,0.577513644284468,0.3355281299084617,0.507752655795154,0.0,0.3696090148612569,0.5008538363132022,0.3948318313388245,0.8058206477658715,0.4239499877211327,0.0,0.567455926220203
0.4278944108089523,0.3208362147697712,0.0,0.0,0.4316659612962426,0.4578599096641405,0.3730329344593419,0.2983622381636999,0.5561823490610458,0.0225313725117686,0.0,0.0,0.4461209895335318,0.0,0.6560737362992888,0.4244062822883074,0.1792060286774428,0.2479811464034506,0.0,0.6539954498327043,0.5397668025047887,0.7536012671008192,0.5324454908400835,0.0,0.1148060899250018,0.2315418280929065,0.7719340169437505,0.3038265706358383,0.0,0.4959241816010874,0.4004450516168032,0.1526472912466134,0.2643300105743429,0.3033443558160963,0.0,0.2657942247658663,0.0681361105182785,0.0,0.2443139604927362,0.2681018026304587,0.2296854373466534,0.0,0.1001802471172427,0.0,0.0,0.0,0.3802343972745184,0.5582764982094547,0.0,0.0,0.3100584103228814,0.1974307798211373,0.0506163580387975,0.564592091441662,0.0,0.0,0.0,0.2880191800598677,0.0,0.614224959075504,0.0,0.0,0.0,0.0,0.7217488423750513,0.5106238395968209,0.6773877291151507,0.4495122716633526,0.0,0.0,0.4033648166752206,0.7111833717783632,0.2191709915583308,0.8247195171803492,0.5212617718071175,0.4415758586489648
0.0,0.0,0.0,0.0,0.0,0.4410810748381059,0.0,0.4511499372122876,0.59392454697413,0.0,0.0,0.0,0.6052618234743304,0.0,0.0,0.6320638817145441,0.0,0.4159516304228474,0.0,0.7771508249036416,0.0,0.6779450221286435,0.4840284033057008,0.0,0.0,0.0,0.5293269100226585,0.6598564754020646,0.4959241816010874,0.0,0.6106987311104184,0.4548109446503511,0.0,0.4231973879987578,0.0,0.0,0.0,0.0,0.0,0.0,0.0,0.0,0.0,0.0,0.0,0.0,0.0,0.0,0.0,0.0,0.0,0.0,0.0,0.0,0.0,0.0,0.0,0.0,0.0,0.0,0.0,0.0,0.0,0.0,0.6851446981463215,0.0,0.0,0.4616847700693854,0.0,0.0,0.0,0.4882084084833795,0.0,0.4539228340163643,0.0,0.0
0.7758789828527627,0.3398477861242107,0.2982360948687828,0.0,0.4241785330260329,0.2208262297574621,0.1705602932645971,0.3888151328963571,0.4435594846753347,0.1611836405342035,0.0,0.079564161433859,0.490965199061581,0.068665618062584,0.4382662819672062,0.7160862211264164,0.5000554963224297,0.4070229579822853,0.2282512084979484,0.615169813525299,0.736330328397501,0.6003239409353198,0.3205189199366233,0.4738968929973172,0.3759110539755287,0.2661353589955378,0.3827636468751521,0.6969779365251043,0.4004450516168032,0.6106987311104184,0.0,0.571836518652249,0.3648058448146263,0.5557256910933538,0.1487613283753804,0.6243833048239581,0.4665325686800237,0.5000983077300283,0.5040259579286589,0.3212310003197248,0.450477075878395,0.0,0.5368742172833159,0.0,0.0,0.0,0.3874545770487833,0.0,0.0,0.0,0.341989818518198,0.0,0.3826871833740023,0.0,0.4754962342898638,0.0,0.1400032486586365,0.0,0.0,0.536613986555008,0.4813699276757285,0.660950498303749,0.6157151598045157,0.0,0.5184656486777922,0.7619645013180607,0.4634650408136714,0.42726044852313,0.4927025643610243,0.5277791508974595,0.5007466685245688,0.329262148350613,0.7358578147735336,0.515621753682081,0.0,0.7477558025854827
0.4328491160366858,0.4346217838531666,0.3201790669326105,0.1687532988054212,0.4284316346480015,0.3929453529752542,0.3725776156956777,0.4874752339978329,0.4208312945761295,0.3562729147879882,0.0,0.3260437718144777,0.5578978867139424,0.0,0.1936934337827022,0.633882999916056,0.541459736752408,0.5459086904569428,0.1993708402282077,0.391373776969858,0.6058733614285822,0.3671969244274841,0.3193485108608256,0.469963477621405,0.5003814977596274,0.4675312846054462,0.3415176658077675,0.5436708421236351,0.1526472912466134,0.4548109446503511,0.571836518652249,0.0,0.550120150498827,0.3974053221650784,0.1345569037184245,0.5461965149300304,0.4462340857787135,0.3100730701021558,0.6255553002058645,0.3603260483887269,0.4002775984362713,0.1573270164691215,0.3823609998193354,0.3779005921910836,0.0460488158634762,0.3035535067458728,0.2783418712780585,0.4242472553641385,0.0,0.5847763751105906,0.4474822945634425,0.4177338916690291,0.619649016085982,0.4280924711355419,0.3228109021147171,0.3077243099506024,0.3296271395206713,0.4926590238124674,0.0,0.2397630321494863,0.097856161604688,0.4537709673227366,0.2255185591931597,0.4160204667831632,0.2863761354672463,0.4843781889424148,0.2142070876125129,0.3298226881348576,0.3103878183162706,0.2468574307699856,0.3621103127289251,0.2636085315562729,0.6095008936417622,0.2830899268992201,0.0,0.3946528625943065
0.2968722612270817,0.361515281593647,0.2664845055970075,0.0,0.0986987610924026,0.4378764972954951,0.2164280553860746,0.3152099738054563,0.2167317906266795,0.0,0.0,0.21976320528984,0.3705361190794674,0.0,0.2101954627569779,0.4505803313375414,0.2978452962093409,0.4006424844689296,0.0,0.3442987368239338,0.4259966514377739,0.4916996421709536,0.2859097685868331,0.4747646004785101,0.2600909700357716,0.4922288287673172,0.3063437581811583,0.3587883519744333,0.2643300105743429,0.0,0.3648058448146263,0.550120150498827,0.0,0.5660543826671162,0.1860699083402952,0.3775864235992829,0.272209078259508,0.3846931191231727,0.5827151551175068,0.74574736388701,0.6727806546448621,0.1066036980237464,0.0,0.0,0.1772863930394697,0.252706083402636,0.378381148381068,0.0,0.0,0.0,0.0,0.0,0.0,0.0,0.0455182163759741,0.0,0.1266595163210775,0.0,0.0,0.1996710461462985,0.2427225017617732,0.2458243718101084,0.310579993921837,0.0,0.4233014810820668,0.2717672480758959,0.3392780323034038,0.2972046373810608,0.4777615640318342,0.2478208678457395,0.4395520360987066,0.2592253538550672,0.2976638448778312,0.0,0.0,0.3158218790816272
0.3317223964782569,0.2901205769790911,0.0601495143084137,0.0,0.1158479378409803,0.2376988700934198,0.0919621891595054,0.2643439886218435,0.1308004207938398,0.0,0.0,0.0240954966292097,0.2793511718464952,0.050195252449387,0.3044414908616471,0.3809120384811883,0.1840974138706076,0.229946335284997,0.015404572792468,0.5333055474470352,0.4861225890522507,0.5447575406880659,0.2000199087324838,0.2748216199989163,0.008577231154838,0.1725250929596302,0.2939602172959413,0.3062414832421468,0.3033443558160963,0.4231973879987578,0.5557256910933538,0.3974053221650784,0.5660543826671162,0.0,0.1924095555606512,0.3184635630136437,0.2728196244957742,0.4622636836828388,0.5738784462520212,0.5905858397739258,0.7481191748625244,0.0,0.3138266961818743,0.2167597008637888,0.2505439159654938,0.3755657283473334,0.4283393976065362,0.2513761155222594,0.0,0.0,0.2086784894754828,0.1101596289730471,0.1812649137821089,0.2046004937274091,0.0785644450029164,0.0,0.0167892640725882,0.2014542010752148,0.0,0.3323283566943938,0.3707637648072309,0.2633573025837286,0.313105448079043,0.0,0.4172501939491307,0.4248015625196392,0.4615364189808393,0.2243338609459777,0.3405372088734221,0.299504655776884,0.347026039936992,0.1958952563633483,0.2792493987361202,0.2601027030411209,0.0,0.3188399652342735
0.0,0.0,0.0,0.0485724277596698,0.0,0.0,0.0,0.0,0.0,0.0,0.0,0.0,0.0,0.0,0.0,0.0334699692480184,0.0243292509232558,0.0635009338937476,0.0,0.0,0.0,0.0,0.0,0.0,0.0,0.0,0.0,0.0140986794131605,0.0,0.0,0.1487613283753804,0.1345569037184245,0.1860699083402952,0.1924095555606512,0.0,0.0359613814447852,0.0477590458259707,0.0,0.2418600621734488,0.0515448579222462,0.1470513996688457,0.2232563827907411,0.0,0.1107119094179069,0.0137696464588178,0.0,0.0,0.0,0.0,0.0,0.0,0.0,0.0,0.0,0.0,0.0,0.0,0.0,0.0,0.0,0.0,0.0,0.0,0.0,0.0,0.0,0.0,0.0,0.0,0.0,0.0,0.0,0.0125604905563562,0.0,0.0,0.0
0.0,0.0,0.4590965509491243,0.0,0.3630346009642811,0.3613525849848296,0.1364416380652933,0.4431330573272268,0.4561431874028491,0.127922408844418,0.0,0.1847896407245366,0.5888512736149535,0.0,0.2483020202429315,0.0,0.0,0.0,0.2757279522590942,0.4327597916614938,0.0,0.4055225584014364,0.3412026232707439,0.5576134693172792,0.0,0.3857574330853972,0.3388013683809142,0.6773467176343108,0.2657942247658663,0.0,0.6243833048239581,0.5461965149300304,0.3775864235992829,0.3184635630136437,0.0359613814447852,0.0,0.7153084181043382,0.4415359370301837,0.4494995871387827,0.2867619753634909,0.3974562910253496,0.0582593962153202,0.6498220619834013,0.5495076835898176,0.1464869478524429,0.0,0.0,0.4916197570702051,0.0,0.4614679825604486,0.4976602992814369,0.3385274861154612,0.5172554021158079,0.4609466279099186,0.0,0.3624651206929189,0.1670057949018628,0.5874889373103953,0.0,0.0,0.0,0.0,0.0,0.3450329002646961,0.4592968503184803,0.0,0.3176719891610015,0.4275821554695814,0.0,0.0,0.0,0.3531677571967138,0.6679924747082551,0.4076598839649339,0.0,0.0
0.0,0.0,0.2084627703293912,0.0,0.3127175900284949,0.1578808165729045,0.1575999560065961,0.3440189617820263,0.3024328366014927,0.2395225649332846,0.0,0.2691222772086071,0.4634517447002411,0.1578715528478668,0.0,0.0,0.0,0.0,0.1713964690652866,0.3458861203934069,0.0,0.3098735666242057,0.1750047578224607,0.5054196828406318,0.0,0.0,0.1033032688713163,0.514563013126395,0.0681361105182785,0.0,0.4665325686800237,0.4462340857787135,0.272209078259508,0.2728196244957742,0.0477590458259707,0.7153084181043382,0.0,0.3469206777060222,0.4046239849966621,0.0,0.2982546297517446,0.0608103746210378,0.5937776720597798,0.0,0.0,0.0,0.0,0.0,0.0,0.0,0.0,0.0,0.0,0.0,0.0,0.0,0.0,0.0,0.0,0.0,0.0,0.0,0.0,0.0,0.0,0.0,0.0,0.276558536111776,0.0,0.0,0.0,0.0,0.0,0.0,0.0,0.0
0.5517098905175535,0.0,0.0,0.0,0.1874009956601621,0.1127035897446738,0.0,0.0,0.2018611728025542,0.0,0.0,0.0,0.2467820203159889,0.0,0.0,0.0,0.2877777068358692,0.0,0.1068017878184082,0.0,0.0,0.0,0.1967177793126982,0.5367078252337626,0.1968704629059995,0.2332160497333338,0.0998762047828027,0.2928912505922265,0.0,0.0,0.5000983077300283,0.3100730701021558,0.3846931191231727,0.4622636836828388,0.0,0.4415359370301837,0.3469206777060222,0.0,0.4427312931784477,0.459680970938662,0.4206489607946805,0.0,0.0,0.0,0.5168792052428425,0.0,0.0,0.0,0.0,0.0,0.0,0.0,0.0,0.0,0.151606378126964,0.0,0.0138725813930715,0.0,0.0,0.0,0.0,0.0,0.0,0.0,0.0,0.0,0.0,0.0,0.5326828779463685,0.4687747113665886,0.416454236835329,0.0,0.4975435708305132,0.0,0.0,0.0
0.4104209630244279,0.3820249465652067,0.1285422658921542,0.0,0.0692888365789781,0.2055559214368978,0.1430680942694421,0.2994975135769628,0.1522857030689705,0.0,0.0,0.1667635301898079,0.3732284582027332,0.0497451728863951,0.1086882779518303,0.3884370644285925,0.0,0.3304807170485134,0.147092149598875,0.3627527922936122,0.4221497804991688,0.4599149407983827,0.1422104487912314,0.4910143167541548,0.2469185831531372,0.3796754088496865,0.1330028622111349,0.371533488585398,0.2443139604927362,0.0,0.5040259579286589,0.6255553002058645,0.5827151551175068,0.5738784462520212,0.2418600621734488,0.4494995871387827,0.4046239849966621,0.4427312931784477,0.0,0.5883402100995815,0.5432135441224928,0.0,0.4713289853934764,0.2989236042751554,0.2648601149747525,0.4115367254883525,0.4521253203930492,0.2511640371717665,0.0,0.1816013063476157,0.3248753698542662,0.157535577176918,0.21082959132945,0.2015077720216751,0.1478277514585987,0.108816922189353,0.078158311942182,0.4193921497967185,0.1601187633739343,0.2231913471688398,0.4917365601265933,0.4015774099097378,0.5385091266341053,0.2173111340975854,0.3988534320245601,0.4200301206768722,0.4392533781717127,0.2236598315199184,0.5473281374714334,0.4304719908407691,0.5112911371204003,0.179273924662448,0.4620855993819893,0.4015803277434178,0.6048260129052411,0.5142694888276974
0.2899813416581919,0.3737957613634584,0.0,0.0,0.0,0.0,0.0,0.0,0.0,0.0,0.0,0.1648437073069426,0.297408673900962,0.0,0.2611563265222076,0.3537110792958085,0.2384026912342601,0.3344739327031712,0.0,0.3747486367399517,0.3413145936914607,0.4729894025328002,0.2491833941738689,0.4593125522018861,0.1186165877531587,0.4413108162479532,0.2452563413902869,0.2649518089418269,0.2681018026304587,0.0,0.3212310003197248,0.3603260483887269,0.74574736388701,0.5905858397739258,0.0515448579222462,0.2867619753634909,0.0,0.459680970938662,0.5883402100995815,0.0,0.6796254707497645,0.0,0.2317287873342584,0.1780246090244075,0.2084075439210638,0.3831034675047464,0.5059047063556391,0.3376670880131988,0.0,0.2497492436756601,0.3520096569404995,0.1209549113798688,0.2090629593870634,0.2911231318872522,0.1643046604472441,0.2450925536736776,0.1456580047008034,0.3192753772520015,0.0,0.2364311788698978,0.4782178063107776,0.3084810920470965,0.483678879417566,0.1768697575802648,0.4811486264918593,0.2879882137567232,0.5285315639467137,0.265011273784831,0.5475097916335195,0.4075474005812273,0.5542898861159885,0.28197525581215,0.3120150569819833,0.3436574944594223,0.538643720577887,0.4316690061211142
