0.0,0.1020277789316755,0.0,0.0,0.0,0.1687956526036047,0.0,0.0,0.0,0.2997725193372875,0.0,0.0,0.1999302528756796,0.0,0.4065658335690357,0.5034532812917057,0.1077582597164709,0.4525717462316506,0.0,0.3994837063757293,0.3170295597423711,0.3825808399572445,0.0335428346657541,0.0,0.3103126925001734,0.2066900717590561,0.4117748115336677,0.3713551737863642,0.4757029599364897,0.0,0.5397047724548991,0.0,0.2195011248395488,0.1246826591089539,0.0,0.0,0.0,0.0635307381154129,0.0,0.1536058672113334,0.2415536707706609,0.0,0.0,0.0,0.0,0.5383560040919826,0.0031650560254813,0.0,0.0,0.0,0.0,0.0,0.0,0.0,0.1550037734231187,0.0,0.0,0.0,0.0,0.0,0.4998894709682195,0.0,0.4644001346709552,0.0,0.0,0.234232519966456,0.4127778102701274,0.0,0.0211375693924038,0.2923680725467124,0.164011558393385,0.0,0.0,0.0,0.0,0.536030586751805
0.1020277789316755,0.0,0.0,0.0,0.5912922241630197,0.8763804176635307,0.7725285758469493,0.5743733724827669,0.5306685204615876,0.0,0.0,0.0,0.816169344367055,0.0,0.3127855807059241,0.2550945540134844,0.8084232018040212,0.5944019054545557,0.0,0.4758260470366102,0.4644556464416886,0.6005502933794543,0.6543814970878621,0.0,0.602398784520991,0.9100346510373494,0.6749738889824274,0.6008928121018174,0.685591825134906,0.0,0.3223369189846975,0.0990797394315114,0.2139862874780663,0.0,0.0,0.0,0.0,0.0,0.1116670232037934,0.1695494265831601,0.2101169019705207,0.0,0.0,0.0,0.0,0.0972352260189328,0.6937592888645249,0.0,0.0,0.0,0.7510551096511743,0.0,0.0,0.0,0.0,0.0,0.0,0.0,0.0,0.0177934920769831,0.0634832190696385,0.0,0.29397658302837,0.0,0.2636859708441628,0.4144492418420882,0.4420538275615717,0.5135489629860585,0.0,0.4746626033952783,0.7651177704156602,0.5365626898601505,0.0,0.0671500168927791,0.0,0.1722718426889491
0.0,0.0,0.0,0.6191178448729553,0.6994152413999465,0.6124945371294405,0.6499209851296939,0.26718023195151,0.7150397753018918,0.5968683712301825,0.7261416719194768,0.2858562552214604,0.5357696888885426,0.3648028087762787,0.0,0.0,0.0,0.0,0.5689601657387916,0.0,0.0,0.0,0.442636534213655,0.0,0.0,0.0,0.7649367317635987,0.7128982213424159,0.0,0.0,0.5618478101915638,0.0,0.048839032974543,0.0,0.0,0.446372127952488,0.3638527362680938,0.0,0.0,0.0,0.1736323622284901,0.0,0.2612295297032179,0.0,0.0,0.0,0.0,0.78566272795007,0.0,0.4081594767909094,0.4243304269033356,0.4603819485910023,0.1296765847626947,0.7354211500971934,0.0,0.4697911099295468,0.0,0.3410160699323373,0.0,0.0,0.0,0.0,0.0,0.7058165774667888,0.0,0.0,0.0,0.1618103223365805,0.0,0.0,0.0,0.5857126776968539,0.5181887688993095,0.0,0.0,0.0
0.0,0.0,0.6191178448729553,0.0,0.8046367018168316,0.682122660257169,0.8590223932877202,0.4829178287664192,0.6867040830291786,0.7267558003520562,0.4734758067986087,0.4791276999535261,0.6783518890765161,0.4305829233841547,0.0,0.0,0.0,0.0,0.564642201617621,0.5964990042081746,0.0,0.0,0.6040808646699903,0.0,0.0,0.0,0.7336201273146231,0.7777667240941485,0.5856977389154502,0.0,0.6065721922596137,0.0,0.0,0.0,0.0,0.5397934237978743,0.426113309025848,0.1742637676190055,0.0,0.0,0.0,0.0,0.0,0.0,0.0,0.0,0.0,0.0,0.0,0.0,0.0,0.0,0.0,0.0,0.0,0.0,0.0,0.0,0.0,0.0,0.0,0.0,0.0,0.0,0.0,0.0,0.0,0.0,0.0,0.0,0.0,0.0,0.0,0.0,0.0,0.0
0.0,0.5912922241630197,0.6994152413999465,0.8046367018168316,0.0,0.6891034267698055,0.932154666515071,0.3732058035186018,0.912121623132572,0.7678204860056818,0.6383629403707792,0.3937120790814037,0.7534693860195093,0.3789614417929615,0.0,0.4581585556976342,0.0,0.0,0.4908126692642529,0.7693192039987664,0.0,0.8171253076027319,0.5607233391843123,0.0,0.3752439297206683,0.6158422706323524,0.8750611608779195,0.8340416087926931,0.6923550004970269,0.0,0.6449345154143803,0.0,0.2529843818668842,0.0,0.0,0.4435561126888216,0.3966894918515825,0.1573660111256979,0.0,0.0,0.0,0.0,0.3354335346541526,0.0,0.0,0.0,0.0,0.7481816796787546,0.0,0.5921329728764613,0.4827268795741906,0.0,0.3066113232522007,0.8401098961197642,0.0,0.6377697640562806,0.0,0.0,0.0,0.0,0.0,0.0,0.0,0.6677772971746463,0.0,0.0,0.0,0.3632624291082298,0.0,0.0,0.0,0.6991962110130135,0.0,0.0,0.0,0.0
0.1687956526036047,0.8763804176635307,0.6124945371294405,0.682122660257169,0.6891034267698055,0.0,0.8097891245559546,0.7532305464497354,0.654106181423589,0.8052817485121817,0.3835200940593411,0.7009398013321483,0.8889528411474448,0.3655150527978409,0.363160631232459,0.2228271987380809,0.7590804164155629,0.5125589121238108,0.6071198229555963,0.6042815447928752,0.574636229018182,0.6645524386725616,0.8673642689766045,0.0,0.45868523350812,0.8367660815668876,0.8227741585100622,0.7387788235325734,0.7047357472969876,0.297486378920643,0.4343311627400525,0.0522652151950512,0.1452997459357992,0.0,0.0,0.5219320845227932,0.3525349097885922,0.2625716731898205,0.0465246329305331,0.0,0.2041522698695543,0.0,0.3038060617317139,0.0,0.0,0.0,0.601005005909127,0.5787546366965268,0.0,0.3295860407167161,0.8841141973603976,0.5581654610351453,0.5964516524261714,0.5853610096974243,0.0,0.2863027157797037,0.0,0.6532233114311067,0.0,0.0451295885712517,0.0,0.0,0.0,0.6689097505233607,0.3472084659622985,0.5285694948316213,0.4941860507659791,0.6804069266239536,0.0,0.0,0.7178934978254494,0.6147206917714508,0.3178931483260349,0.003824913578671,0.0,0.1908618413924611
0.0,0.7725285758469493,0.6499209851296939,0.8590223932877202,0.932154666515071,0.8097891245559546,0.0,0.4013864151333347,0.8606203691067085,0.8777553571008354,0.5116911960940134,0.4346739154871066,0.8654054910945652,0.363785486317658,0.0,0.5276647501972128,0.7609886703190826,0.6591821789631092,0.5813224771123356,0.7152872163220851,0.0,0.8536709668208505,0.6008475890739211,0.0656539757803272,0.5728182937831592,0.7419663038938409,0.9438466553601568,0.8605668727003057,0.8125708729803252,0.0,0.6596821689916159,0.0,0.2549605644665144,0.0,0.0,0.4727898343673214,0.4717812090584189,0.1903967560281733,0.0,0.0,0.2271111472132697,0.0,0.3220958683097514,0.0,0.0,0.0,0.0,0.7295948251821105,0.0,0.0,0.5981277484228994,0.0,0.3096590261041146,0.7548771158053476,0.0,0.4499110791154564,0.0,0.0,0.0,0.0,0.0,0.0,0.0,0.7063731463822114,0.0,0.0,0.0,0.3953285611063026,0.0,0.0,0.0,0.7672172438194402,0.0,0.0,0.0,0.0
0.0,0.5743733724827669,0.26718023195151,0.4829178287664192,0.3732058035186018,0.7532305464497354,0.4013864151333347,0.0,0.3202401623532103,0.4750380511267646,0.1626357206593043,0.8812473623345904,0.5891005017767026,0.3153499238964886,0.2036973147455744,0.0,0.0,0.0,0.4732954953152848,0.2885946456098297,0.5088680751778836,0.2937168814942913,0.905321342156451,0.6729160173663233,0.0,0.6379964680910281,0.3782788142060147,0.462809141179272,0.1491242929114778,0.1981765641376635,0.0975826321620484,0.2040586172535322,0.0638978792207975,0.0,0.0,0.4507481966294018,0.2244150448901945,0.0,0.2316963375976578,0.0,0.0109972612742337,0.0,0.3335402384359557,0.0,0.0,0.0,0.0,0.2738591660864358,0.0,0.207864329685887,0.727529440365645,0.2867070723763933,0.847776386502248,0.252567179580012,0.0,0.1717159458827873,0.0,0.506093577176791,0.4066769370062907,0.0,0.0,0.0,0.0,0.3857224276510946,0.1682539060365923,0.5441324835955407,0.0,0.8538825339079917,0.0,0.0,0.0,0.2717345249319812,0.1293137434496885,0.0,0.0,0.0
0.0,0.5306685204615876,0.7150397753018918,0.6867040830291786,0.912121623132572,0.654106181423589,0.8606203691067085,0.3202401623532103,0.0,0.6798291737391894,0.7816798993197849,0.3331907613179195,0.7462570525817106,0.2566713559518551,0.0,0.4310091181198874,0.0,0.3938244724946776,0.5099642077621108,0.8767900083266308,0.0,0.837944477941697,0.5108437031888811,0.0848160713226212,0.2900465048292965,0.5455876543115419,0.8616368223170706,0.8302529299293144,0.7033495431162194,0.5005898205295682,0.608730599309183,0.0,0.1762380700311671,0.0,0.0,0.3746795016866715,0.3775737419266171,0.1167858101605589,0.0,0.0,0.1819791411144848,0.0,0.2904058522277851,0.0,0.0,0.0,0.0,0.8898517931369775,0.0,0.7133225919562736,0.4229587689075555,0.6707765670396074,0.3001738595569203,0.9614774544829447,0.0,0.7732060739494266,0.0,0.3483144945345455,0.0521675991598645,0.0,0.0,0.0,0.0,0.6320773026149111,0.0,0.0,0.0,0.3450069003486927,0.0,0.0,0.0,0.7482562910097816,0.4134836488925648,0.0,0.0,0.0
0.2997725193372875,0.0,0.5968683712301825,0.7267558003520562,0.7678204860056818,0.8052817485121817,0.8777553571008354,0.4750380511267646,0.6798291737391894,0.0,0.3851166035384956,0.5287925127852434,0.828202094641851,0.0,0.0,0.5051758400913058,0.7986252463079684,0.6962191249814679,0.5292519905284961,0.6059599594585312,0.0,0.744187098217813,0.6313435927174704,0.1221101808857956,0.6549740125501414,0.8205083172177685,0.8043814913108602,0.812227290437713,0.7381706103491493,0.0,0.6428927846777591,0.1030334737075116,0.2883658406207505,0.0381890889976821,0.0,0.4967802616207561,0.4349773318686658,0.2744743447587653,0.0,0.1844771973481055,0.2602998716680356,0.0,0.0,0.0,0.2426468003480571,0.2209387537750713,0.0,0.0,0.0,0.0,0.0,0.0,0.0,0.0,0.8693140841848294,0.0,0.6444113293687407,0.60572194825098,0.0,0.0,0.0,0.5319674158344344,0.4501517680126756,0.0,0.0,0.0,0.0,0.0,0.0,0.4752442355429703,0.6618642538430755,0.0,0.4679202429860234,0.0,0.0,0.487870568605167
0.0,0.0,0.7261416719194768,0.4734758067986087,0.6383629403707792,0.3835200940593411,0.5116911960940134,0.1626357206593043,0.7816798993197849,0.3851166035384956,0.0,0.1688858841380212,0.4611461809422564,0.1690239800097464,0.0,0.0,0.2843661392580677,0.0,0.4597441309713931,0.0,0.0,0.0,0.244481403606165,0.035186972112445,0.0,0.3036587318574741,0.5859150156626145,0.6343159873349078,0.0,0.0,0.5082074643993463,0.0,0.0,0.0,0.0,0.3324293996272203,0.3177746062047893,0.0,0.0,0.0,0.0,0.0,0.2929502339144453,0.0,0.0,0.0,0.0,0.7354817189381756,0.0,0.4904031670765829,0.1943524071702011,0.3576434564885615,0.0940491413797614,0.7995488016369882,0.0,0.8121725364061828,0.0,0.2243702058627876,0.0181972132398925,0.0,0.0,0.0,0.0,0.496209760860217,0.0,0.0,0.0,0.0915172199557191,0.0,0.0,0.0,0.5297967131071477,0.4920441409264345,0.0,0.0,0.0
0.0,0.0,0.2858562552214604,0.4791276999535261,0.3937120790814037,0.7009398013321483,0.4346739154871066,0.8812473623345904,0.3331907613179195,0.5287925127852434,0.1688858841380212,0.0,0.6238702135977724,0.0,0.0,0.0,0.5734479948518038,0.0936678683364067,0.4812613785780011,0.0,0.292107930063374,0.0,0.7991124657210578,0.7317154314594043,0.0119764942436062,0.7175676097221827,0.3292643847951496,0.4417705850402442,0.0,0.0,0.0908642447033769,0.2553646804274408,0.0846334170173954,0.0,0.0295384009077234,0.3943281855579145,0.1753915882989873,0.2670032207131811,0.275175208251152,0.1856480653312701,0.1005554413347457,0.0,0.4222887250736834,0.0,0.2790318492493879,0.0,0.0,0.0,0.0,0.0,0.0,0.0,0.0,0.0,0.515105209642982,0.0,0.905879000306658,0.5365881877839896,0.0,0.0,0.0,0.5078319767145328,0.0,0.0,0.0,0.0,0.0,0.0,0.3638475423774651,0.0494640284432503,0.6878148667642041,0.0,0.2074259596408865,0.0,0.0,0.0013124099807782
0.1999302528756796,0.816169344367055,0.5357696888885426,0.6783518890765161,0.7534693860195093,0.8889528411474448,0.8654054910945652,0.5891005017767026,0.7462570525817106,0.828202094641851,0.4611461809422564,0.6238702135977724,0.0,0.2408914439275168,0.4118284891435157,0.394191822856915,0.7063721388537356,0.5408484689926302,0.5812623242891033,0.681837353009418,0.5750939319199543,0.7748730757166074,0.7075597676154699,0.2502365049316823,0.4948158247080692,0.8286434285238342,0.7659030402469071,0.8701005144613885,0.7025831243946832,0.5000467536026936,0.5465119488780934,0.0356196628603788,0.2304659453312575,0.0,0.0,0.4775804795741543,0.4256749877447952,0.2397013677307095,0.0,0.197518214223623,0.2002598275249212,0.0,0.3150709558831692,0.0,0.2532402634634317,0.0,0.0,0.6636730879545198,0.0,0.0,0.7328327165067601,0.7502996636784847,0.5575609670555702,0.0,0.0,0.4541741716888933,0.7331165168747198,0.0,0.0,0.1442929725656844,0.0,0.0,0.0,0.0,0.4993951857806904,0.0,0.6468145515678428,0.5605350940818167,0.0,0.3264239898454236,0.7138088879301819,0.6624164117256068,0.0,0.0846467895284259,0.0,0.0
0.0,0.0,0.3648028087762787,0.4305829233841547,0.3789614417929615,0.3655150527978409,0.363785486317658,0.3153499238964886,0.2566713559518551,0.0,0.1690239800097464,0.0,0.2408914439275168,0.0,0.0,0.0,0.0,0.0,0.1951391517124311,0.0,0.1937957400132495,0.0,0.4075574147789413,0.0,0.0,0.0,0.3691715406518591,0.2808386471462726,0.0,0.0,0.1927228792363341,0.0,0.0,0.0192123054472379,0.0,0.2892207151334143,0.1406456369177136,0.0,0.1223736462197856,0.0,0.0,0.0,0.1807964182599108,0.0,0.0,0.0,0.0,0.2134087281236453,0.0,0.0,0.0,0.0,0.0,0.2055287423864698,0.0,0.1187518808145294,0.0,0.0,0.0,0.0,0.0,0.0,0.0,0.0,0.0,0.0,0.0,0.2816785017634752,0.0,0.0,0.0,0.1968291848553787,0.0,0.0,0.0,0.0
0.4065658335690357,0.3127855807059241,0.0,0.0,0.0,0.363160631232459,0.0,0.2036973147455744,0.0,0.0,0.0,0.0,0.4118284891435157,0.0,0.0,0.3847868945315862,0.0,0.2871283588068699,0.0,0.6495100850017258,0.5836709272627776,0.616339209292046,0.2949657819440617,0.00743433766275,0.2412720218641174,0.3632551006965673,0.5323317728615132,0.500981633203063,0.503194800361533,0.0,0.46182133152036,0.0,0.0,0.0,0.0,0.2906657657463329,0.0,0.0,0.0,0.0,0.0,0.0,0.0857908124623953,0.0,0.0,0.0,0.2309155553976769,0.0,0.0,0.0,0.2888340009219396,0.0,0.2037401847637338,0.0,0.0,0.0,0.0,0.3795435383568322,0.0,0.7332220457481559,0.1682150188879222,0.0,0.0,0.0,0.6823951138032521,0.4511122836643061,0.6599767069030104,0.2247341696879408,0.0,0.2662012805401454,0.3743224371566729,0.6647777505493303,0.5648134441788322,0.341017724350073,0.0,0.3201499624872119
0.5034532812917057,0.2550945540134844,0.0,0.0,0.4581585556976342,0.2228271987380809,0.5276647501972128,0.0,0.4310091181198874,0.5051758400913058,0.0,0.0,0.394191822856915,0.0,0.3847868945315862,0.0,0.3390422692014128,0.715929104927284,0.0,0.505671028083525,0.3119292158794358,0.628980653844334,0.0,0.0,0.6125241742562684,0.2952828201846888,0.4951039398716949,0.5158702268729345,0.6935405121875161,0.3038625901100366,0.6855646315110313,0.0,0.2751293030875656,0.1620274626859409,0.0,0.0,0.0,0.0,0.0,0.1975087455922049,0.1555110595932624,0.046249889956458,0.0,0.0,0.0,0.4603441652615658,0.1628479679278444,0.0,0.0,0.0,0.0,0.0,0.0,0.0,0.0,0.0,0.0,0.0,0.0,0.2765918112088047,0.7527237954799871,0.0,0.6004236400702325,0.0,0.3604507940242639,0.2726538361891764,0.5811982963199054,0.0,0.0,0.4053144669369482,0.2503310643862679,0.470095421057627,0.0,0.5311858672152616,0.0,0.5978359727001374
0.1077582597164709,0.8084232018040212,0.0,0.0,0.0,0.7590804164155629,0.7609886703190826,0.0,0.0,0.7986252463079684,0.2843661392580677,0.5734479948518038,0.7063721388537356,0.0,0.0,0.3390422692014128,0.0,0.7061137927273267,0.0,0.4915701476014046,0.0,0.6630338041066696,0.0,0.2498101565443183,0.6467519951072391,0.8148668995100333,0.0,0.5956613332754396,0.6452431985293686,0.0,0.408399966067789,0.090502634997758,0.2993754147112363,0.0,0.0,0.0,0.0,0.2354167537006256,0.0,0.2344618815514188,0.0,0.0,0.0,0.0,0.0,0.0,0.0,0.0,0.0,0.0,0.0,0.0,0.0,0.0,0.7181652902369234,0.0,0.5421753468872843,0.0,0.0,0.0,0.0,0.7318647108724018,0.5438025027698533,0.0,0.0,0.0,0.0,0.0,0.0542911084565874,0.5401526130846359,0.6706389087316037,0.0,0.0,0.0,0.0,0.0
0.4525717462316506,0.5944019054545557,0.0,0.0,0.0,0.5125589121238108,0.6591821789631092,0.0,0.3938244724946776,0.6962191249814679,0.0,0.0936678683364067,0.5408484689926302,0.0,0.2871283588068699,0.715929104927284,0.7061137927273267,0.0,0.0,0.4549611379907149,0.3554317603201803,0.6107240212932495,0.1654076049320053,0.0,0.8285737309808859,0.5732340334481081,0.6108268400082284,0.5054703230647226,0.7980578480181684,0.0450358151197547,0.5310783662063283,0.0434781223233115,0.2795842540058142,0.11287658339698,0.0,0.0,0.0,0.0,0.0058881317229335,0.1449956496726453,0.2372888457888654,0.006914762742265,0.0,0.0,0.0,0.2913579118312626,0.4368266030274243,0.0,0.0,0.0,0.0,0.0,0.0,0.0,0.5737698409550012,0.0,0.1150372643284655,0.0,0.0,0.0,0.6703804793291805,0.5279441702318627,0.8004676188315692,0.0,0.0,0.0,0.480500543050024,0.0,0.0,0.7073442917773861,0.3987241770688154,0.0,0.0,0.0,0.0,0.5441004470368844
0.0,0.0,0.5689601657387916,0.564642201617621,0.4908126692642529,0.6071198229555963,0.5813224771123356,0.4732954953152848,0.5099642077621108,0.5292519905284961,0.4597441309713931,0.4812613785780011,0.5812623242891033,0.1951391517124311,0.0,0.0,0.0,0.0,0.0,0.0,0.0,0.0,0.5616751893019513,0.0,0.0,0.0,0.5150447793446794,0.6268602863133411,0.0,0.0,0.3882310348299494,0.0936055283364443,0.0,0.0,0.0,0.4539850711127513,0.3008737725951107,0.0504519139910849,0.0,0.0,0.0,0.0,0.27320805391382,0.0,0.0,0.0,0.0,0.5619466864414799,0.0,0.2427866654541822,0.4199542595028885,0.3264362044531335,0.3504386504670361,0.4112701788265391,0.0,0.3381649326910866,0.0,0.3779724292579762,0.1120074220395708,0.0,0.0,0.0,0.0,0.8189617560273481,0.0,0.0,0.0,0.3794729081900498,0.0,0.0,0.0,0.3660613793535958,0.0,0.0,0.0,0.0
0.3994837063757293,0.4758260470366102,0.0,0.5964990042081746,0.7693192039987664,0.6042815447928752,0.7152872163220851,0.2885946456098297,0.8767900083266308,0.6059599594585312,0.0,0.0,0.681837353009418,0.0,0.6495100850017258,0.505671028083525,0.4915701476014046,0.4549611379907149,0.0,0.0,0.4124139683715043,0.939623372950999,0.4412340648602553,0.0,0.2667096967875683,0.5159442572093134,0.8401476829772225,0.827695990064642,0.6956570700217061,0.4925177698362292,0.6371874329386229,0.0,0.074511887916033,0.0,0.0,0.4466906498279536,0.3763538352059651,0.0,0.0,0.0279587869867251,0.1220278952460964,0.0,0.3318282038206409,0.0,0.0,0.0,0.1028494105765942,0.0,0.0,0.0,0.4118968624511117,0.0,0.177536861441488,0.0,0.0,0.0,0.0,0.3643295184597339,0.0,0.4372428285664441,0.1744750109476367,0.0,0.0,0.0,0.8302136417307951,0.3427565650133005,0.7958960729233009,0.2571564408785116,0.0,0.1554320490350726,0.3896661928369708,0.7627647603440904,0.5929255141581018,0.1592905275443067,0.114421122430145,0.4238744297737646
0.3170295597423711,0.4644556464416886,0.0,0.0,0.0,0.574636229018182,0.0,0.5088680751778836,0.0,0.0,0.0,0.292107930063374,0.5750939319199543,0.1937957400132495,0.5836709272627776,0.3119292158794358,0.0,0.3554317603201803,0.0,0.4124139683715043,0.0,0.4892765478799485,0.6036141116370501,0.2412386427119162,0.4191077723503006,0.5580035200859366,0.5296944847686272,0.5026075520720286,0.5252822413177571,0.0,0.4287986177764669,0.0519950220154536,0.1449209283782896,0.0,0.0,0.0,0.0,0.0,0.0805814614768632,0.063774090760605,0.0191200020389336,0.0,0.0,0.0,0.0,0.3291111500057589,0.459591905989035,0.0,0.0,0.0,0.59127540159457,0.0,0.6239312507034834,0.0,0.0,0.0,0.0,0.5483839089380587,0.0,0.3576013101047093,0.161828647382824,0.0,0.0,0.0,0.3606255636723497,0.8166496812162066,0.4792300597761272,0.5709738967913932,0.0,0.400091229937886,0.573086812076869,0.5346373345371421,0.3823222723313051,0.2399971966166456,0.0,0.3011576424937037
0.3825808399572445,0.6005502933794543,0.0,0.0,0.8171253076027319,0.6645524386725616,0.8536709668208505,0.2937168814942913,0.837944477941697,0.744187098217813,0.0,0.0,0.7748730757166074,0.0,0.616339209292046,0.628980653844334,0.6630338041066696,0.6107240212932495,0.0,0.939623372950999,0.4892765478799485,0.0,0.4756881535413644,0.0,0.4819587282337121,0.6287701099040819,0.8933714429878146,0.8719650261609089,0.7725664739465306,0.4893704449752796,0.7224201662378662,0.0,0.1834770664615037,0.0,0.0,0.4252586037672024,0.4087601160348874,0.0,0.0,0.0753246055646932,0.1802762241779944,0.0,0.2871777003223991,0.0,0.0,0.2498223982034698,0.2176496915981706,0.0,0.0,0.0,0.4919573429619071,0.0,0.0,0.0,0.0,0.0,0.0,0.0,0.0,0.4401474197762906,0.3567218419900057,0.0,0.4173247390815134,0.0,0.6976138183826642,0.4607250060634036,0.8790769578160713,0.2665245183371281,0.0,0.2797538866084642,0.5024191972634048,0.8432227924861081,0.5492679940330654,0.2928007928818653,0.0,0.5094888023204418
0.0335428346657541,0.6543814970878621,0.442636534213655,0.6040808646699903,0.5607233391843123,0.8673642689766045,0.6008475890739211,0.905321342156451,0.5108437031888811,0.6313435927174704,0.244481403606165,0.7991124657210578,0.7075597676154699,0.4075574147789413,0.2949657819440617,0.0,0.0,0.1654076049320053,0.5616751893019513,0.4412340648602553,0.6036141116370501,0.4756881535413644,0.0,0.5222832387371209,0.1384090168389394,0.720663344011379,0.6094900373319196,0.612424309769198,0.3972727748710167,0.2701723688681876,0.2733906674107974,0.0710066590979384,0.0966254704508558,0.0,0.0,0.4919441209829216,0.2890258353127725,0.2620601453127782,0.0689329277413446,0.0763155283901716,0.0636860609712093,0.0,0.3306763554433687,0.1149674417691888,0.0,0.0,0.512797198649818,0.4552641490321064,0.0,0.3220502768924963,0.8371140169207519,0.4526617491621449,0.8199593321945224,0.4190185744743696,0.0,0.2564494939936849,0.0,0.5981040136564627,0.4079799795177293,0.0,0.0,0.0,0.0,0.5260589064694552,0.2387134063805809,0.5952121891689643,0.3437545496559392,0.9278118474471552,0.0,0.2015400960909809,0.6737035748400324,0.445785710083367,0.2280859304985953,0.0,0.0253997469797414,0.0201972091755388
0.0,0.0,0.0,0.0,0.0,0.0,0.0656539757803272,0.6729160173663233,0.0848160713226212,0.1221101808857956,0.035186972112445,0.7317154314594043,0.2502365049316823,0.0,0.00743433766275,0.0,0.2498101565443183,0.0,0.0,0.0,0.2412386427119162,0.0,0.5222832387371209,0.0,0.0,0.4744890184950366,0.0419447624287918,0.0755827946797243,0.0,0.0,0.0,0.1922763988595588,0.0836268881050536,0.0,0.2052256824963524,0.112078303022208,0.0,0.2706369531318417,0.3734835953627566,0.1896636234897208,0.0489454041427686,0.0,0.0,0.0,0.2341178302839354,0.1026591106703495,0.0,0.0,0.0,0.0,0.0,0.0,0.0,0.0,0.197832866358992,0.0,0.5561205972947298,0.0,0.0,0.0,0.0,0.3406846945848835,0.0,0.0,0.0,0.0,0.0,0.0,0.7350846160641574,0.0399019164875981,0.513462050008156,0.0,0.1874567174934328,0.0,0.0,9.48256551840852e-05
0.3103126925001734,0.602398784520991,0.0,0.0,0.3752439297206683,0.45868523350812,0.5728182937831592,0.0,0.2900465048292965,0.6549740125501414,0.0,0.0119764942436062,0.4948158247080692,0.0,0.2412720218641174,0.6125241742562684,0.6467519951072391,0.8285737309808859,0.0,0.2667096967875683,0.4191077723503006,0.4819587282337121,0.1384090168389394,0.0,0.0,0.6090092624162554,0.5007449567251037,0.3320756028804376,0.7116980361764922,0.0,0.3540655311522999,0.1722180270232234,0.2389933797570984,0.1378245319204959,0.0,0.0,0.0,0.2913598868967361,0.1521936602816861,0.1587729076473736,0.1910305435637224,0.0,0.0,0.0,0.0,0.3361948770508749,0.6020516753599011,0.0,0.0,0.0,0.0,0.0,0.0,0.0,0.7222473248565037,0.0,0.0557925148720443,0.542894696389608,0.0,0.1337093219681888,0.5894934238167523,0.5480006772613456,0.6282369817892849,0.0,0.1529201010113392,0.4086538335872317,0.4366630398094,0.0240612868879832,0.0,0.8904223383162823,0.542563467129994,0.0,0.0,0.6245097613376892,0.0,0.4538152159044015
0.2066900717590561,0.9100346510373494,0.0,0.0,0.6158422706323524,0.8367660815668876,0.7419663038938409,0.6379964680910281,0.5455876543115419,0.8205083172177685,0.3036587318574741,0.7175676097221827,0.8286434285238342,0.0,0.3632551006965673,0.2952828201846888,0.8148668995100333,0.5732340334481081,0.0,0.5159442572093134,0.5580035200859366,0.6287701099040819,0.720663344011379,0.4744890184950366,0.6090092624162554,0.0,0.6661371225182648,0.628680356928668,0.5795255874440364,0.0,0.3593034439019386,0.1902126763050655,0.2039972257237761,0.0,0.0,0.3900163232268143,0.0,0.3353562333888568,0.199648068664638,0.2355318698229739,0.1973775741799122,0.0,0.0,0.0,0.2150446603310314,0.2167344511393956,0.6919627348741595,0.0,0.0,0.0,0.8289280228926037,0.0,0.0,0.0,0.7865331640280384,0.0,0.7427207894936405,0.7527329486201507,0.0,0.1102884055094309,0.1148397422913111,0.7175448591179913,0.3232397323645126,0.0,0.4157521532552962,0.5141516146211752,0.5870407779358975,0.5518853030348988,0.2267139679917558,0.4966483209711207,0.9324494115272498,0.5871120422521189,0.452347703961902,0.1654953484329455,0.0,0.3101436379838163
0.4117748115336677,0.6749738889824274,0.7649367317635987,0.7336201273146231,0.8750611608779195,0.8227741585100622,0.9438466553601568,0.3782788142060147,0.8616368223170706,0.8043814913108602,0.5859150156626145,0.3292643847951496,0.7659030402469071,0.3691715406518591,0.5323317728615132,0.4951039398716949,0.0,0.6108268400082284,0.5150447793446794,0.8401476829772225,0.5296944847686272,0.8933714429878146,0.6094900373319196,0.0419447624287918,0.5007449567251037,0.6661371225182648,0.0,0.8250000197572434,0.8696895101476746,0.3573248812599529,0.6842700734529166,0.0,0.15078940754058,0.0,0.0,0.4721305548397744,0.4050533421542834,0.180048858624762,0.0,0.0307664885959002,0.1956886332918411,0.0,0.2779000054745195,0.056041683760722,0.0,0.0,0.2997675029016813,0.7328047659609893,0.0,0.512339087586489,0.5881698974567844,0.6848439624993234,0.2771379311489108,0.8203014466610046,0.0,0.4913284467360482,0.0,0.4492622206635331,0.0139229712579264,0.2006026886800314,0.0,0.0,0.0,0.6878074319711145,0.4996355766364816,0.4747520817379979,0.6810995879628688,0.3517573958810942,0.0,0.0,0.5177802367064336,0.827539725269533,0.4434880463605043,0.1573718053905932,0.0,0.4282277071876477
0.3713551737863642,0.6008928121018174,0.7128982213424159,0.7777667240941485,0.8340416087926931,0.7387788235325734,0.8605668727003057,0.462809141179272,0.8302529299293144,0.812227290437713,0.6343159873349078,0.4417705850402442,0.8701005144613885,0.2808386471462726,0.500981633203063,0.5158702268729345,0.5956613332754396,0.5054703230647226,0.6268602863133411,0.827695990064642,0.5026075520720286,0.8719650261609089,0.612424309769198,0.0755827946797243,0.3320756028804376,0.628680356928668,0.8250000197572434,0.0,0.7111594383644602,0.5759679631346604,0.7642617765108559,0.0,0.2208442022419746,0.0,0.0,0.5818582366683291,0.5193456699923504,0.1326982980471205,0.0,0.1286724280026923,0.2491939626723934,0.0,0.3666645479615016,0.0,0.2812744549739525,0.0,0.0,0.8062237095728015,0.0,0.0,0.5493734081667454,0.0,0.3821802283887259,0.8330181121148614,0.5934322724527312,0.0,0.5992859262979643,0.4750811794154513,0.0,0.2063880209829236,0.0,0.0,0.0,0.0,0.6141434025736401,0.4549267951774076,0.7220112132877259,0.4021048952740474,0.0,0.1775846292692775,0.4918906246439452,0.6764622469912192,0.5871828891924397,0.0751470542204123,0.0,0.4533868238811558
0.4757029599364897,0.685591825134906,0.0,0.5856977389154502,0.6923550004970269,0.7047357472969876,0.8125708729803252,0.1491242929114778,0.7033495431162194,0.7381706103491493,0.0,0.0,0.7025831243946832,0.0,0.503194800361533,0.6935405121875161,0.6452431985293686,0.7980578480181684,0.0,0.6956570700217061,0.5252822413177571,0.7725664739465306,0.3972727748710167,0.0,0.7116980361764922,0.5795255874440364,0.8696895101476746,0.7111594383644602,0.0,0.3695582955592114,0.6563958173024615,0.0,0.2225523184880793,0.0,0.0,0.3711744868075876,0.3018433514525376,0.0,0.0,0.0740924445504963,0.2055410274551333,0.0,0.0958513858330983,0.0,0.0,0.0,0.3330916370706057,0.5908473417722904,0.0,0.0,0.5129020079053824,0.5769796054498868,0.0986113238660772,0.6531614150156421,0.0,0.0,0.0,0.4473776994471267,0.0,0.28535767501315,0.0,0.0,0.0,0.0,0.4205070745537062,0.4514093864803581,0.586335476393655,0.1865733418302826,0.0,0.0,0.4460925249040722,0.7567314879260805,0.4202511568804482,0.4325533120489606,0.0,0.4612168912616551
0.0,0.0,0.0,0.0,0.0,0.297486378920643,0.0,0.1981765641376635,0.5005898205295682,0.0,0.0,0.0,0.5000467536026936,0.0,0.0,0.3038625901100366,0.0,0.0450358151197547,0.0,0.4925177698362292,0.0,0.4893704449752796,0.2701723688681876,0.0,0.0,0.0,0.3573248812599529,0.5759679631346604,0.3695582955592114,0.0,0.4437138224347718,0.0,0.0,0.0,0.0,0.0,0.0,0.0,0.0,0.0,0.0,0.0,0.0,0.0,0.0,0.0,0.0,0.0,0.0,0.0,0.0,0.0,0.0,0.0,0.0,0.0,0.0,0.0,0.0,0.0,0.0,0.0,0.0,0.0,0.4600960367360475,0.0,0.0,0.3182945392915212,0.0,0.0,0.0,0.4263460232827102,0.0,0.0,0.0,0.0
0.5397047724548991,0.3223369189846975,0.5618478101915638,0.6065721922596137,0.6449345154143803,0.4343311627400525,0.6596821689916159,0.0975826321620484,0.608730599309183,0.6428927846777591,0.5082074643993463,0.0908642447033769,0.5465119488780934,0.1927228792363341,0.46182133152036,0.6855646315110313,0.408399966067789,0.5310783662063283,0.3882310348299494,0.6371874329386229,0.4287986177764669,0.7224201662378662,0.2733906674107974,0.0,0.3540655311522999,0.3593034439019386,0.6842700734529166,0.7642617765108559,0.6563958173024615,0.4437138224347718,0.0,0.0,0.2332773766383716,0.0275909667102818,0.0,0.3555320993731958,0.4128360705646154,0.0667179742968786,0.0,0.0729065299608759,0.241548263237487,0.0,0.1645169260636048,0.0,0.0,0.0,0.0676027501915181,0.0,0.0,0.0,0.2837090260058575,0.0,0.1049269035297832,0.0,0.4634613302554513,0.0,0.2519810711992182,0.0,0.0,0.3020369540173724,0.4611022937919483,0.1212161388199726,0.4307250686820068,0.0,0.4945363683697184,0.4006225710919052,0.6710362521127576,0.0586420294695617,0.0,0.1917340010104018,0.2551939839717314,0.5848157054373875,0.5002863427320461,0.2813288407878023,0.0,0.5998621729698183
0.0,0.0990797394315114,0.0,0.0,0.0,0.0522652151950512,0.0,0.2040586172535322,0.0,0.1030334737075116,0.0,0.2553646804274408,0.0356196628603788,0.0,0.0,0.0,0.090502634997758,0.0434781223233115,0.0936055283364443,0.0,0.0519950220154536,0.0,0.0710066590979384,0.1922763988595588,0.1722180270232234,0.1902126763050655,0.0,0.0,0.0,0.0,0.0,0.0,0.1989243482530336,0.168259559591206,0.159015821465532,0.0422383801615167,0.0123402561297308,0.1713556880433363,0.4822609751671021,0.1238759997829397,0.0647832755620345,0.1146880829018023,0.0965711042130978,0.0464881165602283,0.1340436037600859,0.0761820860184528,0.2727160922440882,0.0,0.0,0.0,0.1131131524329605,0.0335531248759837,0.1470611659194701,0.0,0.217052161346952,0.0,0.1308727996246717,0.1800957759489242,0.0,0.0,0.0,0.1840906494154857,0.0,0.0,0.0,0.1553062733945737,0.0,0.1179469381714599,0.1737890092320855,0.0993341523367788,0.2216885188101246,0.0,0.0,0.0,0.0,0.0
0.2195011248395488,0.2139862874780663,0.048839032974543,0.0,0.2529843818668842,0.1452997459357992,0.2549605644665144,0.0638978792207975,0.1762380700311671,0.2883658406207505,0.0,0.0846334170173954,0.2304659453312575,0.0,0.0,0.2751293030875656,0.2993754147112363,0.2795842540058142,0.0,0.074511887916033,0.1449209283782896,0.1834770664615037,0.0966254704508558,0.0836268881050536,0.2389933797570984,0.2039972257237761,0.15078940754058,0.2208442022419746,0.2225523184880793,0.0,0.2332773766383716,0.1989243482530336,0.0,0.2702075403950642,0.0,0.1394551715413905,0.1620338344843231,0.233251393458263,0.1781695348688679,0.6870221406024777,0.3577844630638017,0.0,0.0,0.0,0.2733342146300134,0.2913263131616289,0.116529087203714,0.0,0.0,0.0,0.0,0.0,0.0,0.0,0.2382885754091157,0.0,0.2058500011866652,0.0,0.0,0.0,0.2132152402101361,0.0959829922362197,0.1691920688696146,0.0,0.0,0.0963507006339376,0.1110697944423098,0.0503672408624146,0.0843078234765292,0.1973928727861257,0.159626156188552,0.0706666319285332,0.0487220660941465,0.0,0.0,0.0491486389175487
0.1246826591089539,0.0,0.0,0.0,0.0,0.0,0.0,0.0,0.0,0.0381890889976821,0.0,0.0,0.0,0.0192123054472379,0.0,0.1620274626859409,0.0,0.11287658339698,0.0,0.0,0.0,0.0,0.0,0.0,0.1378245319204959,0.0,0.0,0.0,0.0,0.0,0.0275909667102818,0.168259559591206,0.2702075403950642,0.0,0.0882389360575052,0.0048434353241379,0.0681860422989484,0.1141826615603383,0.1956699589039967,0.2303871342743673,0.5298905814950288,0.1543631911716005,0.0,0.1661899127886257,0.1549311794279977,0.1183320564329667,0.0,0.0,0.0,0.0,0.0,0.0056200155951054,0.0,0.0,0.0441801315099918,0.0,0.0,0.0,0.0,0.0,0.1604154114023352,0.0,0.1061036428268134,0.0,0.0,0.0,0.0,0.0,0.0415448649132992,0.0764386808361116,0.0,0.0,0.0399228276276487,0.0025213663006661,0.0,0.1363033421868771
0.0,0.0,0.0,0.0,0.0,0.0,0.0,0.0,0.0,0.0,0.0,0.0295384009077234,0.0,0.0,0.0,0.0,0.0,0.0,0.0,0.0,0.0,0.0,0.0,0.2052256824963524,0.0,0.0,0.0,0.0,0.0,0.0,0.0,0.159015821465532,0.0,0.0882389360575052,0.0,0.0,0.0,0.0,0.3397201701247966,0.0359455957806105,0.0768272823855407,0.2169907661933572,0.0048069795421682,0.0,0.0519534692038751,0.0,0.0959925529045063,0.0,0.0,0.0,0.0,0.0,0.0,0.0,0.0,0.0,0.0230832958703139,0.0239718186774977,0.0,0.0,0.0717157933453598,0.0,0.0,0.0,0.0,0.0,0.0,0.0,0.0,0.0,0.0776647993712724,0.0,0.0086528571007282,0.106347097004497,0.0,0.0
0.0,0.0,0.446372127952488,0.5397934237978743,0.4435561126888216,0.5219320845227932,0.4727898343673214,0.4507481966294018,0.3746795016866715,0.4967802616207561,0.3324293996272203,0.3943281855579145,0.4775804795741543,0.2892207151334143,0.2906657657463329,0.0,0.0,0.0,0.4539850711127513,0.4466906498279536,0.0,0.4252586037672024,0.4919441209829216,0.112078303022208,0.0,0.3900163232268143,0.4721305548397744,0.5818582366683291,0.3711744868075876,0.0,0.3555320993731958,0.0422383801615167,0.1394551715413905,0.0048434353241379,0.0,0.0,0.5044900357475659,0.1619991858248133,0.0123221089197542,0.0986928439473423,0.2473519167334383,0.0,0.4488987230026484,0.2232720503664159,0.1693592456597988,0.0,0.0,0.3720889471125924,0.0,0.2691776265230218,0.401328976589966,0.3309694132355291,0.2769020968510194,0.3656761405318371,0.0,0.1894415535143304,0.4680524235286121,0.35731881734827,0.0,0.0,0.0,0.0,0.0,0.4602973298170346,0.3203555119136613,0.0,0.2925238024801093,0.3397606296772243,0.0,0.0,0.0,0.2696703002545313,0.2969716410252839,0.0,0.0,0.0
0.0,0.0,0.3638527362680938,0.426113309025848,0.3966894918515825,0.3525349097885922,0.4717812090584189,0.2244150448901945,0.3775737419266171,0.4349773318686658,0.3177746062047893,0.1753915882989873,0.4256749877447952,0.1406456369177136,0.0,0.0,0.0,0.0,0.3008737725951107,0.3763538352059651,0.0,0.4087601160348874,0.2890258353127725,0.0,0.0,0.0,0.4050533421542834,0.5193456699923504,0.3018433514525376,0.0,0.4128360705646154,0.0123402561297308,0.1620338344843231,0.0681860422989484,0.0,0.5044900357475659,0.0,0.1406075069108067,0.0,0.0,0.2818903329577972,0.0,0.3179957808090662,0.0,0.0,0.0,0.0,0.0,0.0,0.0,0.0,0.0,0.0,0.0,0.0,0.0,0.0,0.0,0.0,0.0,0.0,0.0,0.0,0.0,0.0,0.0,0.0,0.1396354198943868,0.0,0.0,0.0,0.0,0.0,0.0,0.0,0.0
0.0635307381154129,0.0,0.0,0.1742637676190055,0.1573660111256979,0.2625716731898205,0.1903967560281733,0.0,0.1167858101605589,0.2744743447587653,0.0,0.2670032207131811,0.2397013677307095,0.0,0.0,0.0,0.2354167537006256,0.0,0.0504519139910849,0.0,0.0,0.0,0.2620601453127782,0.2706369531318417,0.2913598868967361,0.3353562333888568,0.180048858624762,0.1326982980471205,0.0,0.0,0.0667179742968786,0.1713556880433363,0.233251393458263,0.1141826615603383,0.0,0.1619991858248133,0.1406075069108067,0.0,0.250068284363532,0.366222858445257,0.2454675249149726,0.0,0.0,0.0,0.2555729659409276,0.0,0.0,0.0,0.0,0.0,0.0,0.0,0.0,0.0,0.3071794321841724,0.0,0.2419010489852895,0.0,0.0,0.0,0.0,0.0,0.0,0.0,0.0,0.0,0.0,0.0,0.2891949290307582,0.3331343731452951,0.3696918029551548,0.0,0.1328830952070202,0.0,0.0,0.0
0.0,0.1116670232037934,0.0,0.0,0.0,0.0465246329305331,0.0,0.2316963375976578,0.0,0.0,0.0,0.275175208251152,0.0,0.1223736462197856,0.0,0.0,0.0,0.0058881317229335,0.0,0.0,0.0805814614768632,0.0,0.0689329277413446,0.3734835953627566,0.1521936602816861,0.199648068664638,0.0,0.0,0.0,0.0,0.0,0.4822609751671021,0.1781695348688679,0.1956699589039967,0.3397201701247966,0.0123221089197542,0.0,0.250068284363532,0.0,0.083774639817,0.1264839779285561,0.2141188807766847,0.0774173409782433,0.2563556399853156,0.1161267481794914,0.1574604813294146,0.441617050227213,0.0,0.0,0.0,0.2058223476033281,0.0122473822886831,0.1959503845946187,0.0,0.2076828429666834,0.0,0.1589369846966337,0.2606758744304589,0.0799187231365362,0.0,0.0,0.287434994936924,0.0,0.0,0.0,0.1480894571700568,0.0,0.1335726954248673,0.450119893306063,0.2083669234487423,0.3133715447631366,0.0,0.0,0.0642819096548157,0.20981762046488,0.0
0.1536058672113334,0.1695494265831601,0.0,0.0,0.0,0.0,0.0,0.0,0.0,0.1844771973481055,0.0,0.1856480653312701,0.197518214223623,0.0,0.0,0.1975087455922049,0.2344618815514188,0.1449956496726453,0.0,0.0279587869867251,0.063774090760605,0.0753246055646932,0.0763155283901716,0.1896636234897208,0.1587729076473736,0.2355318698229739,0.0307664885959002,0.1286724280026923,0.0740924445504963,0.0,0.0729065299608759,0.1238759997829397,0.6870221406024777,0.2303871342743673,0.0359455957806105,0.0986928439473423,0.0,0.366222858445257,0.083774639817,0.0,0.3290465026053127,0.0,0.0242606558666559,0.1143417368067699,0.2163288029142001,0.2697347692243534,0.1902707218322953,0.0837207435197321,0.0,0.1744100831475415,0.1229860361174552,0.2200977122975,0.092775029714572,0.101764566634511,0.2292101676717249,0.0240722289602824,0.2181406809654763,0.1671332351692982,0.0,0.0,0.1646622128694764,0.1067833782492089,0.0753060051516386,0.1623662014800784,0.0,0.0767947151524879,0.0918187566262979,0.0967011498098794,0.1336896085219176,0.1662933221110632,0.293371509471185,0.0612753684352975,0.0802935272059201,0.0474616327870302,0.0566478365885417,0.0
0.2415536707706609,0.2101169019705207,0.1736323622284901,0.0,0.0,0.2041522698695543,0.2271111472132697,0.0109972612742337,0.1819791411144848,0.2602998716680356,0.0,0.1005554413347457,0.2002598275249212,0.0,0.0,0.1555110595932624,0.0,0.2372888457888654,0.0,0.1220278952460964,0.0191200020389336,0.1802762241779944,0.0636860609712093,0.0489454041427686,0.1910305435637224,0.1973775741799122,0.1956886332918411,0.2491939626723934,0.2055410274551333,0.0,0.241548263237487,0.0647832755620345,0.3577844630638017,0.5298905814950288,0.0768272823855407,0.2473519167334383,0.2818903329577972,0.2454675249149726,0.1264839779285561,0.3290465026053127,0.0,0.0,0.1611633592110489,0.2245215758661141,0.2868791494747077,0.0780403359680866,0.0166821617159793,0.1631363817490475,0.0689965403554678,0.1055940409553111,0.1153793538392758,0.2078975513216846,0.0,0.2108674583402909,0.1499130491292328,0.0266639151065548,0.1302681606797197,0.0211715994064157,0.0,0.0,0.1690727514163867,0.0537483794718417,0.1971240412762942,0.2567564159767403,0.0196207997200314,0.0485296349687161,0.0855442126755742,0.0,0.0979235500162332,0.1128620491410746,0.0800360442731909,0.0540628085717718,0.1120722981002238,0.0,0.0,0.2095887558995761
0.0,0.0,0.0,0.0,0.0,0.0,0.0,0.0,0.0,0.0,0.0,0.0,0.0,0.0,0.0,0.046249889956458,0.0,0.006914762742265,0.0,0.0,0.0,0.0,0.0,0.0,0.0,0.0,0.0,0.0,0.0,0.0,0.0,0.1146880829018023,0.0,0.1543631911716005,0.2169907661933572,0.0,0.0,0.0,0.2141188807766847,0.0,0.0,0.0,0.0,0.1098013790986259,0.0,0.0,0.0,0.0,0.0453667020049873,0.0,0.0,0.0,0.0,0.0,0.0,0.0,0.0,0.0,0.0,0.0,0.0738397186242495,0.0191439980032792,0.0384072466590088,0.0,0.0,0.0,0.0,0.0,0.025076449468084,0.0,0.0,0.0,0.0,0.0,0.0,0.0524943313716125
0.0,0.0,0.2612295297032179,0.0,0.3354335346541526,0.3038060617317139,0.3220958683097514,0.3335402384359557,0.2904058522277851,0.0,0.2929502339144453,0.4222887250736834,0.3150709558831692,0.1807964182599108,0.0857908124623953,0.0,0.0,0.0,0.27320805391382,0.3318282038206409,0.0,0.2871777003223991,0.3306763554433687,0.0,0.0,0.0,0.2779000054745195,0.3666645479615016,0.0958513858330983,0.0,0.1645169260636048,0.0965711042130978,0.0,0.0,0.0048069795421682,0.4488987230026484,0.3179957808090662,0.0,0.0774173409782433,0.0242606558666559,0.1611633592110489,0.0,0.0,0.3063443591831432,0.2555310931815372,0.0,0.0,0.2312925493620921,0.154710313776215,0.321456036073998,0.3182525141517535,0.3190205773964138,0.2124701683123846,0.3371832138430423,0.2506831197676881,0.2536815600690456,0.4275960926839479,0.3173928640734104,0.2172125613842785,0.0,0.0,0.1630741148968519,0.0,0.238371294200759,0.3208034397371266,0.0854242283307298,0.242064570635074,0.292435934755244,0.0,0.0,0.2595792157459792,0.1754589473186049,0.3344046899583592,0.0,0.0,0.0627548678376295
0.0,0.0,0.0,0.0,0.0,0.0,0.0,0.0,0.0,0.0,0.0,0.0,0.0,0.0,0.0,0.0,0.0,0.0,0.0,0.0,0.0,0.0,0.1149674417691888,0.0,0.0,0.0,0.056041683760722,0.0,0.0,0.0,0.0,0.0464881165602283,0.0,0.1661899127886257,0.0,0.2232720503664159,0.0,0.0,0.2563556399853156,0.1143417368067699,0.2245215758661141,0.1098013790986259,0.3063443591831432,0.0,0.1790555635771709,0.0,0.0,0.0244790520758048,0.0,0.0,0.1958759102623953,0.0270609467178528,0.028305898673958,0.0103309019944488,0.0579799192149562,0.0,0.1591269667637831,0.1974491677210395,0.0737825778670639,0.0,0.0,0.0,0.0,0.128712341719422,0.0,0.0,0.0,0.1113921443428493,0.0,0.0,0.0,0.0,0.1767335196916082,0.0,0.0,0.1502666670029927
