0.0,0.1419633180709395,0.0,0.0,0.0,0.2275260652750783,0.0,0.1863674317963485,0.0,0.2797357080698092,0.0,0.2116283574929784,0.0,0.0,0.1649942557373713,0.3900218671190722,0.3338933139893787,0.2245014000946131,0.0,0.2759378376915428,0.3879435355142132,0.3219240367134275,0.1009522252805755,0.3996600199545722,0.4384552613550224,0.2254227377165719,0.0991618612508106,0.2724713921761507,0.4430694910252025,0.0,0.4094451771455728,0.3762970401884945,0.4380611394335222,0.3601704476717976,0.0665525483706227,0.0,0.0,0.3841741168820043,0.3817736210936714,0.3920665062376922,0.3633959247556256,0.0,0.0,0.0,0.0,0.5447818502170054,0.1608908777238899,0.0,0.0,0.0,0.0,0.0,0.0,0.0,0.0,0.0,0.0,0.0,0.0,0.0,0.2666344813080645,0.0,0.1959140100969921,0.0,0.0,0.4774487185720917,0.2515635106914625,0.1290829718396542,0.4118764370927271,0.3405952638519233,0.3595369257504621,0.0,0.0,0.0,0.0,0.3872729150713104
0.1419633180709395,0.0,0.0,0.0,0.2549351334791774,0.4726636270970596,0.2249656542411552,0.2822898757007418,0.277191211824108,0.0,0.0,0.0,0.3867324554849569,0.0,0.3876031121911683,0.3849413257399395,0.0,0.4185970420853744,0.0,0.3872909182236571,0.1984392685893983,0.4233649828855997,0.3743286886145766,0.0,0.4853938944448783,0.5920768570916047,0.3566853261732315,0.353735633538141,0.3250112925819364,0.0,0.1418135058031759,0.0,0.1213950745501096,0.0603138906889809,0.0,0.0,0.0,0.0,0.0,0.079718720815841,-0.0036379166402161,0.0022079096010419,0.0,0.0,0.0,0.0,0.4438362721963779,0.0,0.0,0.0,0.2844835710724553,0.0,0.0,0.0,0.0,0.0,0.0,0.0,0.0,0.3823847278945095,0.1615463216115769,0.0,0.197833485224923,0.0,0.3548183057860836,0.0549814909296368,0.3177412157341258,0.3196222205380999,0.0,0.2427366979938545,0.4406231773288059,0.3205851586036835,0.0,0.0793434598295036,0.0,0.0138213379732718
0.0,0.0,0.0,0.0,0.5038034246069744,0.2609693640914431,0.3072487101793685,0.3527792390240543,0.461658279554559,0.0720432643590455,0.6107887396677462,0.0,0.3294072949823339,0.2772236634143082,0.0,0.0,0.0,0.0,0.6381929520062359,0.0,0.0,0.0,0.5035865169697975,0.0,0.0,0.0,0.4826339946973091,0.3366522564332005,0.1665268016406274,0.4272126704631673,0.0471110812883626,0.0,0.0,0.0,0.0039752019058496,0.0705500874779983,0.0580357098529749,0.0,0.0,0.0,0.0,0.0,-0.013756541660574,0.0,0.0,0.0,0.0,0.6371990008860743,0.0,0.4858146820817852,0.2886151673577711,0.3366527057878858,0.2602276192645628,0.4793740173251657,0.0,0.5675715392147228,0.0,0.1967640555402733,0.0906091138262122,0.0,0.0,0.0,0.0,0.5799004350314254,0.0,0.0,0.0,0.4699333110863161,0.0,0.0,0.0,0.4879383053051476,0.0,0.0,0.0,0.0
0.0,0.0,0.0,0.0,0.0291306550582968,0.0060815642976226,0.0,0.0,0.0334871702472112,0.0,0.0,0.0,0.0542799861039815,0.0,0.0,0.0,0.0,0.0,0.0,0.0416986684461553,0.0,0.0591261418340403,0.0,0.0,0.0,0.0,0.0,0.0407906059852063,0.0,0.0,0.0150036440212112,0.1995948371309287,0.0,0.1300421579469158,0.0941404324763802,0.0,0.0,0.0,0.0,0.0,0.0,0.0,0.0,0.0,0.0,0.0,0.0,0.0,0.0,0.0,0.0,0.0,0.0,0.0,0.0,0.0,0.0,0.0,0.0,0.0,0.0,0.0,0.0,0.0,0.0,0.0,0.0,0.0,0.0,0.0,0.0,0.0,0.0,0.0,0.0,0.0
0.0,0.2549351334791774,0.5038034246069744,0.0291306550582968,0.0,0.2876148996251279,0.2085075435611252,0.4017631704111546,0.5159374642184006,0.1096750668146946,0.5501790486746634,0.2754109516838421,0.4180130770795174,0.3146749327198838,0.0,0.2168763737910628,0.0,0.0,0.4946360633505747,0.4225877145672192,0.0,0.3110541227999803,0.4406756069196192,0.0,0.0964468399247414,0.2399528475138092,0.4865105708480918,0.365376081381369,0.2425505513044784,0.0,0.0685283083887471,0.0,0.0060222154280285,0.0,0.0294552688867742,0.1219984591839594,0.0456397726976098,0.0038780510705696,0.0,0.0,0.0,0.0,0.0,0.0,0.0,0.0,0.0,0.5073052692705248,0.0,0.0,0.3073697912879591,0.0,0.3230795955755577,0.511414296844425,0.0,0.4993213733291644,0.0,0.0,0.0,0.0,0.0,0.0,0.0,0.4809123677662187,0.0,0.0,0.0,0.4544490532949642,0.0,0.0,0.0,0.4551888419274739,0.0,0.0,0.0,0.0
0.2275260652750783,0.4726636270970596,0.2609693640914431,0.0060815642976226,0.2876148996251279,0.0,0.1749982926103289,0.3410261521050266,0.4458817495982949,0.1522188420367613,0.2032010922168672,0.4105502420963334,0.5267473168714741,0.0774749159089097,0.3668102870926962,0.4442111919752907,0.0,0.4834387571818623,0.231604251206584,0.4622565652110554,0.2997837222932196,0.479246479767077,0.4520512702191584,0.0,0.3985865667509905,0.4434682629532948,0.4657757329722725,0.4502694358909345,0.4936665877462171,0.3029966316958834,0.2984137239780226,0.0764658920821291,0.1451870266352182,0.1664941011013312,0.0,0.1690105657306409,0.1313150908202395,0.2284681115618062,0.0,0.0,0.0,0.129699546536902,0.0,0.0,0.0,0.0,0.0,0.3057538328805087,0.0,0.0902518796735624,0.4014126178111238,0.0,0.352917652607367,0.2531672808227623,0.0,0.2431588523255111,0.0,0.0609455568193264,0.0,0.378329020011408,0.0,0.0,0.0,0.2282417981095347,0.3299349559296584,0.2568766076838005,0.2492959827362629,0.4600563812809095,0.0,0.0,0.3320738633293312,0.334138359560583,0.2891399004252806,0.1615763572134588,0.0,0.0435061109256718
0.0,0.2249656542411552,0.3072487101793685,0.0,0.2085075435611252,0.1749982926103289,0.0,0.1572812918493255,0.1674010624584202,0.1155332799806085,0.2667850120369101,0.1524769406322707,0.1173950868153119,0.0693954708128912,0.0,0.0855442894811574,0.1819438473403356,0.1643779621163032,0.2871529496168872,0.1299829467420017,0.0,0.1151864185695461,0.2596309773657119,0.0,0.1052094942097334,0.1560634214911088,0.2205805940426602,0.1777903778749329,0.0850787947939686,0.0,0.0269890490901521,0.0,0.0109706511168203,0.0,0.079474515382404,0.0656355298873149,0.1539104017005207,0.0,0.0,0.0,0.0,0.0,0.0051814695138992,0.0,0.0,0.0,0.0,0.0,0.0,0.0,0.0636090321043885,0.0,0.0,0.0,0.0,0.0,0.0,0.0,0.0,0.0,0.0,0.0,0.0,0.0,0.0,0.0,0.0,0.165908022729276,0.0,0.0,0.0,0.1626963372608378,0.0,0.0,0.0,0.0
0.1863674317963485,0.2822898757007418,0.3527792390240543,0.0,0.4017631704111546,0.3410261521050266,0.1572812918493255,0.0,0.3068860780819319,0.2237267296656252,0.3916278742840044,0.0,0.3508238946375419,0.2026191950073204,0.4221857189418627,0.201321265491241,0.0,0.1443548066131325,0.3391350883068442,0.4143833672463937,0.352265164107128,0.3043165993576636,0.5210699236938843,0.154503530041997,0.1414781773278491,0.2879777756176031,0.3739987481406405,0.296543632054599,0.2707096028533694,0.3522869390531015,0.1248996549418587,0.064641547822811,0.0827299394087467,0.0,0.0036580006271017,0.0472714868303369,0.0537191256800386,0.0,0.0484766965931676,0.0,0.0,0.0,0.0,0.0,0.0,0.0,0.0,0.4121799346375761,0.0,0.300085696854435,0.2448517278012153,0.2399429766544551,0.5233135051992152,0.2613491144934023,0.0,0.4108202730895171,0.0,0.1341575880903336,0.0,0.3944680725945412,0.0,0.0,0.0,0.3390753746745954,0.3826262244882608,0.1819212563287018,0.3702806345766678,0.4848506824041014,0.0,0.0,0.0,0.353417134924368,0.2227775630818345,0.1137404756042473,0.0,0.197471625527618
0.0,0.277191211824108,0.461658279554559,0.0334871702472112,0.5159374642184006,0.4458817495982949,0.1674010624584202,0.3068860780819319,0.0,0.0337173989386676,0.4559787760101358,0.3278245007760567,0.4534767967994068,0.1889283636193981,0.0,0.2706127491535597,0.0,0.0,0.4602104144290871,0.4819970585945557,0.0,0.3881420919543904,0.4088465043583225,0.0,0.1843816468859364,0.3256265124689944,0.5456582010705213,0.4195494645406695,0.3140156610315853,0.3554692304341011,0.1589176186479975,0.0,0.0,0.0003269450854341,0.0,0.1865578529402719,0.0566432396515008,0.0776825103146025,0.0,0.0,0.0,0.0,0.0,0.0,0.0,0.0,0.0,0.4649247304136248,0.0,0.3378969184820141,0.3988272781147127,0.1608973285127946,0.275056931518256,0.5698505800758121,0.0,0.4633847798824769,0.0,0.1866373390291821,0.0,0.0,0.0,0.0,0.0,0.4314707879061301,0.0,0.0,0.0,0.4519733974570519,0.0,0.0,0.0,0.4848136230015828,0.0,0.0,0.0,0.0
0.2797357080698092,0.0,0.0720432643590455,0.0,0.1096750668146946,0.1522188420367613,0.1155332799806085,0.2237267296656252,0.0337173989386676,0.0,0.1010681064542296,0.3346759529199232,0.1712145806980689,0.0753927198636034,0.0,0.2692511011687029,0.480182941707477,0.1620788800009956,0.0899336323297112,0.0,0.266690725946404,0.2361544497208146,0.1744515181259109,0.221704887920135,0.4270680985707075,0.3019124321553043,0.1025902167437593,0.2267359515160128,0.0,0.0,0.2382154303261003,0.2161770019568607,0.3852913743387183,0.2036843588094665,0.069416718323228,0.0,0.1615925719682336,0.3509646961944093,0.2497388800175904,0.4030443658472197,0.2793938212013838,0.0666434644311816,0.0,0.0,0.2274823712709013,0.1626098911183431,0.0,0.0,0.0,0.0,0.0,0.0,0.0,0.0,0.2271281986425241,0.0,0.1979770216239044,0.0,0.0,0.0,0.3318517764391993,0.3419938789432681,0.2754458546723639,0.0,0.0,0.0,0.0,0.0,0.1946449019861254,0.4114128561864695,0.3707004730540478,0.0,0.0,0.0,0.0,0.1981452803681881
0.0,0.0,0.6107887396677462,0.0,0.5501790486746634,0.2032010922168672,0.2667850120369101,0.3916278742840044,0.4559787760101358,0.1010681064542296,0.0,0.256224043336798,0.3042303907530233,0.3187506894927999,0.0,0.0,0.0,0.0,0.598699379228677,0.0,0.0,0.0,0.461448238307553,0.0,0.0,0.0,0.4736302453978163,0.283061404139778,0.0,0.0,-0.0039920842326321,0.0,0.0,0.0,0.0,0.0508295574946221,0.0102462072817371,0.0,0.0,0.0,0.0,0.0,0.0,0.0,0.0,0.0,0.0,0.619234169206628,0.0,0.5373636358939328,0.2737172672748046,0.3948153033985921,0.276023411009288,0.5056964693546151,0.0,0.6439401001144379,0.0,0.2104206180040322,0.1171693408308239,0.0,0.0,0.0,0.0,0.5693599145577789,0.0,0.0,0.0,0.4435268172322284,0.0,0.0,0.0,0.490484942599272,0.0,0.0,0.0,0.0
0.2116283574929784,0.0,0.0,0.0,0.2754109516838421,0.4105502420963334,0.1524769406322707,0.0,0.3278245007760567,0.3346759529199232,0.256224043336798,0.0,0.4251875863417783,0.0,0.0,0.0,0.4687337717893324,0.4272234918265345,0.0,0.0,0.2239066692683669,0.0,0.3485578188857995,0.3517949867938538,0.398533891677541,0.5326090637173185,0.0,0.4671245325241701,0.0,0.0,0.1925651916395587,0.0,0.1030134960940153,0.0869077934681307,0.0,0.1452158686718084,0.1494154600578874,0.1953454905291342,0.0,0.0956952957799949,0.0237908438937294,0.0,0.0,0.0,0.1315210245323975,0.0,0.0,0.0,0.0,0.0,0.0,0.0,0.0,0.0,0.0,0.0,0.547988307942726,0.0,0.0,0.0,0.0,0.1497742448058933,0.1569956104567082,0.0,0.0,0.0,0.0,0.0,0.2632289733085473,0.1403182357057195,0.4205215902418358,0.0,0.3084329682429508,0.0,0.0,0.0795058163252716
0.0,0.3867324554849569,0.3294072949823339,0.0542799861039815,0.4180130770795174,0.5267473168714741,0.1173950868153119,0.3508238946375419,0.4534767967994068,0.1712145806980689,0.3042303907530233,0.4251875863417783,0.0,0.1753926872976038,0.3528810563422398,0.4098736254272134,0.3882576399935062,0.4566726801923315,0.299159539325637,0.4420065333992533,0.2111441537910554,0.4216124234699462,0.3991578369024163,0.1321297767153588,0.2817268548808958,0.3798857856940072,0.4639947752199331,0.5270772973213246,0.3928117965097606,0.3770927895815738,0.2358530588788083,0.052589050719224,0.0953380572486461,0.0415594439123273,0.0149186953386661,0.2028859427564583,0.1301772423696905,0.1550683109559949,0.0,0.0,0.0,0.0,0.0,0.0,0.0,0.0,0.0,0.3437938657362134,0.0,0.0,0.3657300138093609,0.0,0.3194198550039926,0.0,0.0,0.0,0.0,0.0,0.0,0.0,0.0,0.0,0.0,0.0,0.3582326729977405,0.0,0.0,0.430269030145047,0.0,0.0,0.0,0.3864479683275723,0.0,0.1284958089892547,0.0,0.0
0.0,0.0,0.2772236634143082,0.0,0.3146749327198838,0.0774749159089097,0.0693954708128912,0.2026191950073204,0.1889283636193981,0.0753927198636034,0.3187506894927999,0.0,0.1753926872976038,0.0,0.0,0.0,0.0,0.0,0.2498905766533023,0.0,0.0156347681124676,0.0,0.2245248953172909,0.0,0.0,0.0,0.2011280309070345,0.134645935545833,0.0,0.0,0.0,0.0,0.0,0.0,0.0,0.1578769143213586,0.0394451412419869,0.0,0.0,0.0,0.0,0.0,0.0195358758759067,0.0,0.0,0.0,0.0,0.2383885339066628,0.0,0.0,0.0,0.0,0.0,0.2825187794349676,0.0,0.3143552906825675,0.0,0.0,0.0,0.0,0.0,0.0,0.0,0.2957377831545152,0.0,0.0,0.0,0.1912458694215697,0.0,0.0,0.0,0.1972855825414881,0.0,0.0,0.0,0.0
0.1649942557373713,0.3876031121911683,0.0,0.0,0.0,0.3668102870926962,0.0,0.4221857189418627,0.0,0.0,0.0,0.0,0.3528810563422398,0.0,0.0,0.3213391236209184,0.0,0.3134821719500294,0.0,0.5916279272060386,0.3422680707641756,0.5174119386050186,0.4826919754072193,0.1127610172347329,0.2758875434118552,0.4055753605179382,0.5181849036479586,0.3985887660619966,0.3874026627789002,0.4388534120948202,0.1651295617368057,0.0,0.078721795593855,0.0444126861607092,0.0,0.0583171420985308,0.0,0.0,0.0,0.0425369237982231,0.0,0.0375655034858326,0.0,0.0,0.0,-0.0146251456828853,0.3179319060519537,0.0,0.0,0.0,0.2641712843579235,0.0,0.3614738430521069,0.0,0.0,0.0,0.0,0.0,0.0,0.610233393162829,0.3049806946014398,0.0,0.0,0.0,0.5863683576195196,0.1732689680389917,0.5304604772089043,0.5123135151179182,0.0,0.2365788088512174,0.4261744553957872,0.48226060798754,0.2521553463133545,0.2304734269169301,0.0,0.1492685076566678
0.3900218671190722,0.3849413257399395,0.0,0.0,0.2168763737910628,0.4442111919752907,0.0855442894811574,0.201321265491241,0.2706127491535597,0.2692511011687029,0.0,0.0,0.4098736254272134,0.0,0.3213391236209184,0.0,0.4884871990989763,0.5190992296910426,0.0,0.4193057620051125,0.3029357984045509,0.5061260039009463,0.235989408916234,0.255189121036821,0.5111945349378285,0.4059182088717899,0.31862647782617,0.4509760293960517,0.5210638842965666,0.284054097090656,0.4385352484626827,0.2630226424833105,0.3798987026629438,0.2895269158514018,0.0537624381721398,0.0,0.0,0.0,0.2002873728706675,0.2196075406618899,0.1548710028807869,0.1254125405655406,0.0,0.0,0.0,0.2285473954299137,0.2865202106620372,0.0,0.0,0.0,0.0,0.0,0.0,0.0,0.0,0.0,0.0,0.0,0.0,0.3213763642028609,0.2976230322723535,0.0,0.2912379820745121,0.0,0.3308911742562399,0.3111326847394206,0.3361194012802589,0.0,0.0,0.2811352111520535,0.362731081047085,0.1856959023690223,0.0,0.0,0.0,0.2503206092920529
0.3338933139893787,0.0,0.0,0.0,0.0,0.0,0.1819438473403356,0.0,0.0,0.480182941707477,0.0,0.4687337717893324,0.3882576399935062,0.0,0.0,0.4884871990989763,0.0,0.5155954523550581,0.0,0.3442958192864117,0.0,0.4463125613834448,0.0,0.3043953265723794,0.551968224951295,0.4517554111796299,0.0,0.4777615465292352,0.4107495310648087,0.0,0.4081402346082476,0.2121885982507745,0.342418400298586,0.2608784818678657,0.0352593663997315,0.0,0.0,0.3348385999536853,0.1413945717290195,0.2069886410913039,0.142495627877205,0.0,0.0,0.0,0.0,0.0,0.0,0.0,0.0,0.0,0.0,0.0,0.0,0.0,0.0,0.0,0.4621624384447946,0.0,0.0,0.0,0.0,0.1467198957908346,0.2665675439059653,0.0,0.0,0.0,0.0,0.0,0.2784904097085815,0.2544785931743624,0.3783217992687369,0.0,0.0,0.0,0.0,0.1317675496952086
0.2245014000946131,0.4185970420853744,0.0,0.0,0.0,0.4834387571818623,0.1643779621163032,0.1443548066131325,0.0,0.1620788800009956,0.0,0.4272234918265345,0.4566726801923315,0.0,0.3134821719500294,0.5190992296910426,0.5155954523550581,0.0,0.0,0.3764568325312628,0.1697803581135195,0.4521160958565298,0.2545410668583068,0.2583154339249629,0.4447968303806749,0.4498064883164633,0.3363993154271051,0.4996609441904424,0.3737568993978152,0.2627576055029436,0.3495283299572773,0.0528762221086219,0.1617469727665868,0.1673293412797513,0.0,0.0,0.0,0.0,0.0,0.0,0.0,0.0726666895548227,0.0,0.0,0.0,0.0553452025984948,0.2266708620375506,0.0,0.0,0.0,0.0,0.0,0.0,0.0,0.0,0.0,0.4831101932033338,0.0,0.0,0.0,0.06705064190464,0.0,0.1715314544403368,0.0,0.0,0.0,0.2051099716981286,0.0,0.2046813133306878,0.0353263389502311,0.3021649336702844,0.0,0.0,0.0,0.0,0.0418415619390095
0.0,0.0,0.6381929520062359,0.0,0.4946360633505747,0.231604251206584,0.2871529496168872,0.3391350883068442,0.4602104144290871,0.0899336323297112,0.598699379228677,0.0,0.299159539325637,0.2498905766533023,0.0,0.0,0.0,0.0,0.0,0.0,0.0,0.0,0.4411258485798544,0.0,0.0,0.0,0.4468788541655626,0.3078966106314524,0.0,0.0,0.0195836079180419,0.0,0.0,0.0,0.0335227936306736,0.0363545295110497,0.01606318219882,0.0,0.0,0.0,0.0,0.0,-0.0107406792068265,0.0,0.0,0.0,0.0,0.6301361242306002,0.0,0.4734216716885891,0.2513195131015575,0.3381803355857908,0.2471174666927324,0.4740902013053925,0.0,0.5548597943728454,0.0,0.0,0.1266865480515942,0.0,0.0,0.0,0.0,0.6330280653726615,0.0,0.0,0.0,0.4499700209373423,0.0,0.0,0.0,0.4477041149824963,0.0,0.0,0.0,0.0
0.2759378376915428,0.3872909182236571,0.0,0.0416986684461553,0.4225877145672192,0.4622565652110554,0.1299829467420017,0.4143833672463937,0.4819970585945557,0.0,0.0,0.0,0.4420065333992533,0.0,0.5916279272060386,0.4193057620051125,0.3442958192864117,0.3764568325312628,0.0,0.0,0.344210186043957,0.6253161845062737,0.4301592332478715,0.0,0.3281518857931287,0.3986692255838406,0.5449312410458216,0.4680059366336664,0.4982551892648937,0.4532840857102705,0.2410233672743758,0.0558775284650216,0.1446679780889107,0.1000835829383909,0.0,0.0929245775808852,0.0784193583362396,0.0,0.0074088507913551,0.0608284000911709,0.0233037924808854,0.1246174139488083,0.0,0.0,0.0,0.0,0.2749760782524241,0.0,0.0,0.0,0.2888985964599137,0.0,0.35608510145285,0.0,0.0,0.0,0.0,0.0715242439635659,0.0,0.5606780005859745,0.0,0.0,0.0,0.0,0.6147690895591069,0.2233127246825904,0.533052697292548,0.5042090159687251,0.0,0.0,0.4139689465768926,0.4727597415885742,0.3143773798115395,0.3164101768516743,0.0,0.2040761804275594
0.3879435355142132,0.1984392685893983,0.0,0.0,0.0,0.2997837222932196,0.0,0.352265164107128,0.0,0.266690725946404,0.0,0.2239066692683669,0.2111441537910554,0.0156347681124676,0.3422680707641756,0.3029357984045509,0.0,0.1697803581135195,0.0,0.344210186043957,0.0,0.3529293419241007,0.3456792943099898,0.189838172039206,0.3177185932026461,0.1783072909362674,0.2518130386921758,0.2587633048607323,0.4454694114153694,0.2898199086742658,0.362339578192623,0.3475541559594807,0.3237176795567282,0.265145020135693,0.1733555892298331,0.0,0.0,0.0,0.3047929662093692,0.226987310365409,0.1674497950205088,0.1619282076589362,0.0,0.0,0.0,0.314744590749036,0.2567497307750069,0.0,0.0,0.0,0.0205037501951023,0.0,0.3188547802763085,0.0,0.0,0.0,0.0,0.0,0.0,0.3074013788899305,0.353924671663238,0.0,0.0,0.0,0.2586043702078246,0.484352674798133,0.3279625585728273,0.3422503347521349,0.0,0.3524278994581031,0.3225831699070207,0.130451409005169,0.0780796413384384,0.2602739595935993,0.0,0.3115809438697556
0.3219240367134275,0.4233649828855997,0.0,0.0591261418340403,0.3110541227999803,0.479246479767077,0.1151864185695461,0.3043165993576636,0.3881420919543904,0.2361544497208146,0.0,0.0,0.4216124234699462,0.0,0.5174119386050186,0.5061260039009463,0.4463125613834448,0.4521160958565298,0.0,0.6253161845062737,0.3529293419241007,0.0,0.3352182602746213,0.0,0.4396775127154541,0.4152851353632136,0.4746694640337178,0.4904716227840102,0.5402673941945857,0.385197859310443,0.3283773093675165,0.1298230065044212,0.2477206985509125,0.2188873958441852,0.0,0.083315188934562,0.1320851808248556,0.0,0.0754550157511787,0.1253683235176872,0.1012940105350082,0.1081823676831705,0.0,0.0,0.0,0.125103809385321,0.3012657662166773,0.0,0.0,0.0,0.2335334943511676,0.0,0.0,0.0,0.0,0.0,0.0,0.0,0.0,0.524893519451108,0.2840074394901685,0.0,0.3168195879425747,0.0,0.5243540489165421,0.2936031826453791,0.4996588172923878,0.4167750352135709,0.0,0.2690978806694536,0.4040227314097998,0.35698379354034,0.2988001594114679,0.3102781897268249,0.0,0.2053165317193088
0.1009522252805755,0.3743286886145766,0.5035865169697975,0.0,0.4406756069196192,0.4520512702191584,0.2596309773657119,0.5210699236938843,0.4088465043583225,0.1744515181259109,0.461448238307553,0.3485578188857995,0.3991578369024163,0.2245248953172909,0.4826919754072193,0.235989408916234,0.0,0.2545410668583068,0.4411258485798544,0.4301592332478715,0.3456792943099898,0.3352182602746213,0.0,0.062183603825961,0.1866900476693306,0.3403441301941559,0.4752678680206237,0.3373812620250417,0.3042570984152019,0.3897735047447128,0.1695963936490607,0.0,0.0477423905402961,0.0,0.0232336048412457,0.1190280959698329,0.1011476947741396,0.0662976075779089,0.0,0.0,0.0,0.0852389101140955,0.0,0.0,0.0,0.0,0.3194026817162647,0.4948790104709559,0.0,0.3398779630183295,0.3459092834114441,0.2378118965254886,0.4300387398510824,0.3475089501120911,0.0,0.4330720918141774,0.0,0.154869248888801,0.0,0.4165612409053206,0.0,0.0,0.0,0.3972470894374117,0.3923624087060687,0.1445218271515995,0.3423480670888936,0.5878557034704219,0.0,0.0,0.348747204757473,0.4177899357669627,0.2276108238347022,0.0917477079102641,0.1661969849604748,0.0832250444211666
0.3996600199545722,0.0,0.0,0.0,0.0,0.0,0.0,0.154503530041997,0.0,0.221704887920135,0.0,0.3517949867938538,0.1321297767153588,0.0,0.1127610172347329,0.255189121036821,0.3043953265723794,0.2583154339249629,0.0,0.0,0.189838172039206,0.0,0.062183603825961,0.0,0.3726117729209866,0.3769106483611919,0.0729543699535735,0.1983113707249036,0.0,0.0,0.2114552344031939,0.0772439303753505,0.2001652009163163,0.2652590878087135,0.0,0.1095153916256386,0.0823095463464787,0.3853373433034691,0.1237614633176285,0.2503483462621813,0.3075899988454271,0.0,0.0,0.0,0.2714542771727729,0.3329308881657807,0.0624884729689692,0.0,0.0,0.0,0.0,0.0,0.0,0.0,0.0,0.0,0.3510830457407108,0.0,0.0,0.0,0.0,0.0,0.0,0.0,0.0,0.0,0.0,0.0,0.6032068453720227,0.1685212878438833,0.3978204246558755,0.0,0.1857370247963534,0.0,0.0,0.1650662037106777
0.4384552613550224,0.4853938944448783,0.0,0.0,0.0964468399247414,0.3985865667509905,0.1052094942097334,0.1414781773278491,0.1843816468859364,0.4270680985707075,0.0,0.398533891677541,0.2817268548808958,0.0,0.2758875434118552,0.5111945349378285,0.551968224951295,0.4447968303806749,0.0,0.3281518857931287,0.3177185932026461,0.4396775127154541,0.1866900476693306,0.3726117729209866,0.0,0.4998414452226589,0.2177909521407869,0.3546593118527948,0.4642359708054012,0.0,0.3695195336939039,0.2113898827239832,0.403157484711924,0.2956581599379147,0.0,0.0,0.0,0.342288358780013,0.1940429170861415,0.3350584339474525,0.2575080704245969,0.106953919997611,0.0,0.0,0.1852200967949616,0.2446812591733136,0.3775510416051844,0.0,0.0,0.0,0.0,0.0,0.0,0.0,0.0,0.0,0.3564445865217783,0.0,0.0,0.2756301416525047,0.2538378930740629,0.02975597564503,0.2110222530512729,0.0,0.2538719712091294,0.3233046761218111,0.2764340588332209,0.0,0.3333689122191436,0.3754841250886949,0.4516283109607873,0.0,0.0,0.2449826706366855,0.0,0.1815893150157891
0.2254227377165719,0.5920768570916047,0.0,0.0,0.2399528475138092,0.4434682629532948,0.1560634214911088,0.2879777756176031,0.3256265124689944,0.3019124321553043,0.0,0.5326090637173185,0.3798857856940072,0.0,0.4055753605179382,0.4059182088717899,0.4517554111796299,0.4498064883164633,0.0,0.3986692255838406,0.1783072909362674,0.4152851353632136,0.3403441301941559,0.3769106483611919,0.4998414452226589,0.0,0.37544163508554,0.357405632923831,0.3087623083075871,0.0,0.1461714754566375,0.0,0.1259364767850933,0.0852295205539648,0.0,0.1005893230784117,0.0,0.202667206951459,0.0,0.125964305631954,0.0468467619109848,0.0,0.0,0.0,0.1374167591562577,0.0216255822018904,0.3485609295116072,0.0,0.0,0.0,0.2847052554963343,0.0,0.0,0.0,-0.0172360976461765,0.0,0.427401900161578,0.0,0.0,0.4178050596854951,0.1272285387997354,0.1447193086892705,0.1517245374276158,0.0,0.3785047683752192,0.0972713947766397,0.3192549100499802,0.3003068183121968,0.258203330436749,0.2324269701871888,0.5354473335490396,0.3420420273889968,0.0,0.1455293184224508,0.0,0.0414935605146913
0.0991618612508106,0.3566853261732315,0.4826339946973091,0.0,0.4865105708480918,0.4657757329722725,0.2205805940426602,0.3739987481406405,0.5456582010705213,0.1025902167437593,0.4736302453978163,0.0,0.4639947752199331,0.2011280309070345,0.5181849036479586,0.31862647782617,0.0,0.3363993154271051,0.4468788541655626,0.5449312410458216,0.2518130386921758,0.4746694640337178,0.4752678680206237,0.0729543699535735,0.2177909521407869,0.37544163508554,0.0,0.409583364607093,0.4037521246207843,0.3716119542554659,0.1576260484657121,0.0,0.0061906180136638,0.0143806328996294,0.0,0.1140273456270935,0.0504394729719253,0.0,0.0,0.0,0.0,0.0796821175050912,0.0,0.0,0.0,0.0,0.2591101344701138,0.494891636133329,0.0,0.3344941539934183,0.3978105897384078,0.2165750829163233,0.2952607493709602,0.4315952135672803,0.0,0.4761313650499423,0.0,0.1800102240723499,0.0,0.4813759964281358,0.0,0.0,0.0,0.4017390098736959,0.4969608624902715,0.0875734918443386,0.4133677660403568,0.4863949537232347,0.0,0.0,0.3345563121351073,0.6011893558479652,0.3214122793547121,0.2119224232836397,0.2088347872391031,0.0808608783953637
0.2724713921761507,0.353735633538141,0.3366522564332005,0.0407906059852063,0.365376081381369,0.4502694358909345,0.1777903778749329,0.296543632054599,0.4195494645406695,0.2267359515160128,0.283061404139778,0.4671245325241701,0.5270772973213246,0.134645935545833,0.3985887660619966,0.4509760293960517,0.4777615465292352,0.4996609441904424,0.3078966106314524,0.4680059366336664,0.2587633048607323,0.4904716227840102,0.3373812620250417,0.1983113707249036,0.3546593118527948,0.357405632923831,0.409583364607093,0.0,0.4197585889579696,0.4478588133907386,0.3657929013673323,0.0801754917980147,0.1934584757103325,0.1529086355543795,0.0865236936450836,0.2372303404108961,0.2849071432136157,0.2187637361821769,0.0009876570537099,0.0489761721016274,0.0,0.1097786039730071,0.0,0.0,0.0,0.0,0.0,0.3227558925297462,0.0,0.0,0.191223994103418,0.0,0.2546693997535977,0.0,0.0,0.0,0.4765052970240748,0.0,0.0,0.3856498020737017,0.0,0.0,0.0,0.0,0.3944848085819398,0.2341010240383952,0.3354136476687254,0.375185466518006,0.0,0.0,0.0,0.2900008139731229,0.3792341217282732,0.1439028633360916,0.0,0.1673742053139905
0.4430694910252025,0.3250112925819364,0.1665268016406274,0.0,0.2425505513044784,0.4936665877462171,0.0850787947939686,0.2707096028533694,0.3140156610315853,0.0,0.0,0.0,0.3928117965097606,0.0,0.3874026627789002,0.5210638842965666,0.4107495310648087,0.3737568993978152,0.0,0.4982551892648937,0.4454694114153694,0.5402673941945857,0.3042570984152019,0.0,0.4642359708054012,0.3087623083075871,0.4037521246207843,0.4197585889579696,0.0,0.3443405243223078,0.4253974959307052,0.3095878085157628,0.3634639216069316,0.3336941213547703,0.1207109124003213,0.1250534676215848,0.1206202182117341,0.0,0.2401652300289621,0.0,0.1861954522479088,0.208532663736292,0.0,0.0,0.0,0.0,0.2821025096834698,0.0,0.0,0.0,0.1482619978307602,0.0,0.2422431279181661,0.0,0.0,0.0,0.0,0.0,0.0,0.371626161215486,0.0,0.0,0.0,0.0,0.3736008307900343,0.4222459568388332,0.3880366108605568,0.3589916610746851,0.0,0.0,0.3515184822113843,0.2524867724697392,0.1934853707252538,0.3834685238185033,0.3951355686949229,0.2813030627861657
0.0,0.0,0.4272126704631673,0.0,0.0,0.3029966316958834,0.0,0.3522869390531015,0.3554692304341011,0.0,0.0,0.0,0.3770927895815738,0.0,0.4388534120948202,0.284054097090656,0.0,0.2627576055029436,0.0,0.4532840857102705,0.2898199086742658,0.385197859310443,0.3897735047447128,0.0,0.0,0.0,0.3716119542554659,0.4478588133907386,0.3443405243223078,0.0,0.2228401678877114,0.040501527675994,0.1303807528546164,0.0,0.0749744357689612,0.0,0.0,0.0,0.0,0.0,0.0,0.0,0.0,0.0,0.0,0.0,0.0,0.0,0.0,0.0,0.1466294748414825,0.0,0.0,0.0,0.0,0.0,0.0,0.0,0.0,0.0,0.0,0.0,0.0,0.0,0.4335677815957771,0.0,0.0,0.4114967800767219,0.0,0.0,0.0,0.3032155192684708,0.0,0.1319795723688844,0.0,0.0
0.4094451771455728,0.1418135058031759,0.0471110812883626,0.0150036440212112,0.0685283083887471,0.2984137239780226,0.0269890490901521,0.1248996549418587,0.1589176186479975,0.2382154303261003,-0.0039920842326321,0.1925651916395587,0.2358530588788083,0.0,0.1651295617368057,0.4385352484626827,0.4081402346082476,0.3495283299572773,0.0195836079180419,0.2410233672743758,0.362339578192623,0.3283773093675165,0.1695963936490607,0.2114552344031939,0.3695195336939039,0.1461714754566375,0.1576260484657121,0.3657929013673323,0.4253974959307052,0.2228401678877114,0.0,0.3770029291088157,0.3720305981019453,0.3196411537127111,0.1464098789067211,0.2218845687281296,0.306478596472489,0.2865169639424298,0.3107132633436282,0.1862540049737215,0.1818942496485664,0.2454121591022327,0.0,0.0,0.0,0.3510377660301907,0.1243014835291905,0.0,0.0,0.0,0.0,0.0,0.1307470486123119,0.0,0.0,0.0,0.2734844007384006,0.0,0.0,0.1530061875285892,0.2428175626958459,0.0,0.250164033954312,0.0,0.1396303511146283,0.4528675810313866,0.1600812851412686,0.1852404364412705,0.2483735730342454,0.2083865929936354,0.1969613998766371,-0.0078065237022065,0.1661232707088466,0.2211367058946403,0.0,0.3480788023554063
0.3762970401884945,0.0,0.0,0.1995948371309287,0.0,0.0764658920821291,0.0,0.064641547822811,0.0,0.2161770019568607,0.0,0.0,0.052589050719224,0.0,0.0,0.2630226424833105,0.2121885982507745,0.0528762221086219,0.0,0.0558775284650216,0.3475541559594807,0.1298230065044212,0.0,0.0772439303753505,0.2113898827239832,0.0,0.0,0.0801754917980147,0.3095878085157628,0.040501527675994,0.3770029291088157,0.0,0.4628833310781439,0.4797024097924535,0.2975949799808106,0.0,0.0817978241169097,0.3276710701322551,0.5821536804299812,0.3117729745753954,0.2991066823307697,0.2581218573899078,0.0,0.0,0.0105487377836526,0.3989137502940431,0.1040488132809593,0.0,0.0,0.0,0.0,0.0,0.1207317260849249,0.0,0.0,0.0,0.0370177169021484,0.0,0.0,0.0193003219148239,0.2156736954227241,0.0,0.1531325707859907,0.0,0.0,0.4198686230600852,0.098064239519982,0.0287428392032841,0.1550197491947052,0.2372605360591091,0.087989403969533,0.0,0.0036182655720188,0.1577160749266347,0.2453181307626622,0.2892953892465689
0.4380611394335222,0.1213950745501096,0.0,0.0,0.0060222154280285,0.1451870266352182,0.0109706511168203,0.0827299394087467,0.0,0.3852913743387183,0.0,0.1030134960940153,0.0953380572486461,0.0,0.078721795593855,0.3798987026629438,0.342418400298586,0.1617469727665868,0.0,0.1446679780889107,0.3237176795567282,0.2477206985509125,0.0477423905402961,0.2001652009163163,0.403157484711924,0.1259364767850933,0.0061906180136638,0.1934584757103325,0.3634639216069316,0.1303807528546164,0.3720305981019453,0.4628833310781439,0.0,0.4338395909635279,0.2121959253162551,0.0,0.1677349908392232,0.4678895971907404,0.4824786982673786,0.5106323839892936,0.4164771750018496,0.2263137181338048,0.0,0.0,0.1334131125105159,0.370998295651061,0.2604852702284032,0.0,0.0,0.0,0.0,0.0,0.0,0.0,0.0,0.0,0.1118164913164194,0.0,0.0,0.0900459784735294,0.3449605617353509,0.0441811859963907,0.2267157158572283,0.0,0.1034426694584917,0.3645352550990814,0.2446204389552921,0.0612100199823646,0.2722289423573804,0.3844744461484119,0.2572074079642001,0.0,0.0093400124266084,0.227492150336585,0.0,0.267054004794357
0.3601704476717976,0.0603138906889809,0.0,0.1300421579469158,0.0,0.1664941011013312,0.0,0.0,0.0003269450854341,0.2036843588094665,0.0,0.0869077934681307,0.0415594439123273,0.0,0.0444126861607092,0.2895269158514018,0.2608784818678657,0.1673293412797513,0.0,0.1000835829383909,0.265145020135693,0.2188873958441852,0.0,0.2652590878087135,0.2956581599379147,0.0852295205539648,0.0143806328996294,0.1529086355543795,0.3336941213547703,0.0,0.3196411537127111,0.4797024097924535,0.4338395909635279,0.0,0.1872949773077883,0.0,0.1309460058806806,0.3799825536555142,0.4760764369619825,0.2960579407544494,0.4302668835681209,0.1674707154897974,0.0,0.032635849869347,0.0878473915638647,0.2947100776559601,0.104897841467174,0.0,0.0,0.0,0.0,0.0,0.0045097851432762,0.0,0.0,0.0,0.169960697937269,0.0,0.0,0.1101170093253403,0.1603522084826195,0.0,0.1027589044843131,0.0,0.0369987009771924,0.3682542578892463,0.1470533531847365,0.012793303958479,0.3102366050538712,0.2438574174506104,0.1831202607065881,0.0,0.0596757987198938,0.2400361327174158,0.0,0.2294337855764833
0.0665525483706227,0.0,0.0039752019058496,0.0941404324763802,0.0294552688867742,0.0,0.079474515382404,0.0036580006271017,0.0,0.069416718323228,0.0,0.0,0.0149186953386661,0.0,0.0,0.0537624381721398,0.0352593663997315,0.0,0.0335227936306736,0.0,0.1733555892298331,0.0,0.0232336048412457,0.0,0.0,0.0,0.0,0.0865236936450836,0.1207109124003213,0.0749744357689612,0.1464098789067211,0.2975949799808106,0.2121959253162551,0.1872949773077883,0.0,0.013753601484686,0.0954874143619117,0.0491483777921968,0.2624962942415491,0.0972376120115672,0.0459389853699828,0.2379236817192295,0.0122600116509145,0.0,0.0,0.0606686320314618,0.0328781795447195,0.0,0.0,0.0,0.0,0.0,0.0,0.0,0.0,0.0,0.0,0.0,0.0,0.0,0.2371335747038311,0.0,0.211780746426518,0.0,0.0,0.1096576676647068,0.0123924789670269,0.0034258460282392,0.0,0.0651081623230628,0.0,0.0,0.0,0.0,0.0,0.0
0.0,0.0,0.0705500874779983,0.0,0.1219984591839594,0.1690105657306409,0.0656355298873149,0.0472714868303369,0.1865578529402719,0.0,0.0508295574946221,0.1452158686718084,0.2028859427564583,0.1578769143213586,0.0583171420985308,0.0,0.0,0.0,0.0363545295110497,0.0929245775808852,0.0,0.083315188934562,0.1190280959698329,0.1095153916256386,0.0,0.1005893230784117,0.1140273456270935,0.2372303404108961,0.1250534676215848,0.0,0.2218845687281296,0.0,0.0,0.0,0.013753601484686,0.0,0.2126725773056215,0.0,0.0,0.0,0.0,0.0743613137209504,0.037219519794644,0.0204677636267263,0.0,0.0,0.0,0.023678324890895,0.0,0.0085136606837047,0.0801667982656041,0.0,0.0100179723286231,0.1210326633465151,0.0,0.0454692900868239,0.1490333454930541,-0.0051498703351762,0.0,0.0,0.0,0.0,0.0,0.0252405976957938,0.0670234303431757,0.0,0.0,0.0813480392430224,0.0,0.0,0.0,0.0468141367245983,0.1694535880160907,0.0328932361542588,0.0,0.0
0.0,0.0,0.0580357098529749,0.0,0.0456397726976098,0.1313150908202395,0.1539104017005207,0.0537191256800386,0.0566432396515008,0.1615925719682336,0.0102462072817371,0.1494154600578874,0.1301772423696905,0.0394451412419869,0.0,0.0,0.0,0.0,0.01606318219882,0.0784193583362396,0.0,0.1320851808248556,0.1011476947741396,0.0823095463464787,0.0,0.0,0.0504394729719253,0.2849071432136157,0.1206202182117341,0.0,0.306478596472489,0.0817978241169097,0.1677349908392232,0.1309460058806806,0.0954874143619117,0.2126725773056215,0.0,0.1182016307872277,0.030768104354302,0.0721902261762066,0.061827213796829,0.1256467673887933,0.0,0.0,0.0,0.0,0.0,0.0,0.0,0.0,0.0,0.0,0.0,0.0,0.0,0.0,0.1757874572727687,0.0,0.0,0.0,0.0,0.0,0.0,0.0,0.0,0.0,0.0,0.0,0.0,0.0,0.0,0.0,0.0,0.0,0.0,0.0
0.3841741168820043,0.0,0.0,0.0,0.0038780510705696,0.2284681115618062,0.0,0.0,0.0776825103146025,0.3509646961944093,0.0,0.1953454905291342,0.1550683109559949,0.0,0.0,0.0,0.3348385999536853,0.0,0.0,0.0,0.0,0.0,0.0662976075779089,0.3853373433034691,0.342288358780013,0.202667206951459,0.0,0.2187637361821769,0.0,0.0,0.2865169639424298,0.3276710701322551,0.4678895971907404,0.3799825536555142,0.0491483777921968,0.0,0.1182016307872277,0.0,0.3723479937442561,0.3641142846850748,0.3390544231828798,0.1162877811568094,0.0,0.0,0.1781692498022343,0.0,0.0,0.0,0.0,0.0,0.0,0.0,0.0,0.0,0.0,0.0,0.2515095861668313,0.0,0.0,0.0,0.0,0.0,0.0,0.0,0.0,0.0,0.0,0.0,0.4001902366996056,0.2742990279049001,0.2898766281937943,0.0,0.0,0.0,0.0,0.210677778751845
0.3817736210936714,0.0,0.0,0.0,0.0,0.0,0.0,0.0484766965931676,0.0,0.2497388800175904,0.0,0.0,0.0,0.0,0.0,0.2002873728706675,0.1413945717290195,0.0,0.0,0.0074088507913551,0.3047929662093692,0.0754550157511787,0.0,0.1237614633176285,0.1940429170861415,0.0,0.0,0.0009876570537099,0.2401652300289621,0.0,0.3107132633436282,0.5821536804299812,0.4824786982673786,0.4760764369619825,0.2624962942415491,0.0,0.030768104354302,0.3723479937442561,0.0,0.4184640801688073,0.3947599310659058,0.2382383779406701,0.0,0.0084541628028509,0.0464589594316783,0.4548268999520038,0.1245499938691352,0.0,0.0689782699552772,0.0,0.0,0.0,0.0785133719426657,0.0,0.0,0.0,0.0,0.0,0.0,0.0,0.2388239724950689,0.0,0.1227637977143126,0.0,0.0,0.4117226382259431,0.1111957021425917,0.0,0.2228109125237054,0.3256883346607394,0.1222347829184557,0.0,0.0,0.2079576186729713,0.2488567379668795,0.3203679477681294
0.3920665062376922,0.079718720815841,0.0,0.0,0.0,0.0,0.0,0.0,0.0,0.4030443658472197,0.0,0.0956952957799949,0.0,0.0,0.0425369237982231,0.2196075406618899,0.2069886410913039,0.0,0.0,0.0608284000911709,0.226987310365409,0.1253683235176872,0.0,0.2503483462621813,0.3350584339474525,0.125964305631954,0.0,0.0489761721016274,0.0,0.0,0.1862540049737215,0.3117729745753954,0.5106323839892936,0.2960579407544494,0.0972376120115672,0.0,0.0721902261762066,0.3641142846850748,0.4184640801688073,0.0,0.4969168761262021,0.0805636006279986,0.0,0.0784063532649397,0.2210355967346152,0.3596188034145265,0.2402595699750981,0.0,0.0,0.0,0.0,0.0,0.0,0.0,0.0806318517936044,0.0,0.0306270817567226,0.0,0.0,0.0511370926323119,0.3232616074376701,0.1531927519012038,0.1523701896297029,0.0,0.070084656738975,0.2151956982023679,0.2281777793574463,0.0,0.283181048326622,0.450217787448375,0.2979094448852796,0.0,0.0,0.2453095565131464,0.2108587978053122,0.3071223972663048
0.3633959247556256,-0.0036379166402161,0.0,0.0,0.0,0.0,0.0,0.0,0.0,0.2793938212013838,0.0,0.0237908438937294,0.0,0.0,0.0,0.1548710028807869,0.142495627877205,0.0,0.0,0.0233037924808854,0.1674497950205088,0.1012940105350082,0.0,0.3075899988454271,0.2575080704245969,0.0468467619109848,0.0,0.0,0.1861954522479088,0.0,0.1818942496485664,0.2991066823307697,0.4164771750018496,0.4302668835681209,0.0459389853699828,0.0,0.061827213796829,0.3390544231828798,0.3947599310659058,0.4969168761262021,0.0,0.080001876332181,0.0,0.117328429123853,0.1379504194744193,0.3597679488201868,0.0859013639327663,0.0,0.0,0.0,0.0,0.0,0.0,0.0,0.0,0.0,0.0255943736320042,0.0,0.0,0.0140334630480546,0.170807930411948,0.0159630684745329,0.0376652865217893,0.0,0.028557968750518,0.2172122022252871,0.1497296587475309,0.0,0.3738151350014579,0.3416170402200223,0.2000677845020971,0.0,0.0,0.2737907205643102,0.259894017032695,0.300680541605796
0.0,0.0022079096010419,0.0,0.0,0.0,0.129699546536902,0.0,0.0,0.0,0.0666434644311816,0.0,0.0,0.0,0.0,0.0375655034858326,0.1254125405655406,0.0,0.0726666895548227,0.0,0.1246174139488083,0.1619282076589362,0.1081823676831705,0.0852389101140955,0.0,0.106953919997611,0.0,0.0796821175050912,0.1097786039730071,0.208532663736292,0.0,0.2454121591022327,0.2581218573899078,0.2263137181338048,0.1674707154897974,0.2379236817192295,0.0743613137209504,0.1256467673887933,0.1162877811568094,0.2382383779406701,0.0805636006279986,0.080001876332181,0.0,0.0,0.0,0.082355707221555,0.0920187828260615,0.0388940290193625,0.0838082742818122,0.0322473411637766,0.0,0.0,0.0,0.0927376171886533,0.0,0.0,0.0149995614676939,0.0,0.0,0.0,0.0111185659538165,0.1467424808129908,0.0,0.0909791153586289,0.0774148362463452,0.0529988112207864,0.1623289790346952,0.0346896875799211,0.0979798936025941,0.0,0.0986090021871972,0.0,-0.0013090402365238,0.0,0.0565707174377407,0.1123089050232067,0.0476672818611134
0.0,0.0,-0.013756541660574,0.0,0.0,0.0,0.0051814695138992,0.0,0.0,0.0,0.0,0.0,0.0,0.0195358758759067,0.0,0.0,0.0,0.0,-0.0107406792068265,0.0,0.0,0.0,0.0,0.0,0.0,0.0,0.0,0.0,0.0,0.0,0.0,0.0,0.0,0.0,0.0122600116509145,0.037219519794644,0.0,0.0,0.0,0.0,0.0,0.0,0.0,0.1002425507241714,0.0,0.0,0.0,0.0,0.2855893825035448,0.0659030650989577,0.0,0.1413088379285264,0.0,0.0396182606643272,0.1571196430035527,0.0,0.0,0.2058011802472103,0.4057227700955118,0.0,0.0,0.0819633288419866,0.0,-0.0017322884211827,0.0,0.0,0.0,0.0,0.0,0.0,0.0,0.0,0.0466424639775513,0.0,0.0,0.0323789588965696
0.0,0.0,0.0,0.0,0.0,0.0,0.0,0.0,0.0,0.0,0.0,0.0,0.0,0.0,0.0,0.0,0.0,0.0,0.0,0.0,0.0,0.0,0.0,0.0,0.0,0.0,0.0,0.0,0.0,0.0,0.0,0.0,0.0,0.032635849869347,0.0,0.0204677636267263,0.0,0.0,0.0084541628028509,0.0784063532649397,0.117328429123853,0.0,0.1002425507241714,0.0,0.0293903789218782,0.0,0.0,0.0,0.0,0.0,0.0,0.0,0.0,0.0,0.0,0.0,0.0323876907843062,0.0,0.0983616759937144,0.0,0.0,0.0,0.0,0.0,0.0,0.0,0.0,0.0,0.0,0.0,0.0,0.0,0.0232622387645499,0.0,0.0,0.0
0.0,0.0,0.0,0.0,0.0,0.0,0.0,0.0,0.0,0.2274823712709013,0.0,0.1315210245323975,0.0,0.0,0.0,0.0,0.0,0.0,0.0,0.0,0.0,0.0,0.0,0.2714542771727729,0.1852200967949616,0.1374167591562577,0.0,0.0,0.0,0.0,0.0,0.0105487377836526,0.1334131125105159,0.0878473915638647,0.0,0.0,0.0,0.1781692498022343,0.0464589594316783,0.2210355967346152,0.1379504194744193,0.082355707221555,0.0,0.0293903789218782,0.0,0.1284753166382673,0.0,0.0,0.0,0.0,0.0,0.0,0.0,0.0012516350405309,0.0530957963570475,-0.0012551197952515,0.0360420446137178,0.0,0.0,0.0,0.0,0.052720688984937,0.0,0.0,0.0,0.0,0.0,0.0,0.2547150587216338,0.0823269807916245,0.1437426208183,0.0,0.0236722404000196,0.0,0.0,0.0710447756577698
