0.0,0.6896936227285707,0.0,0.0,0.0,0.5570890633442531,0.0,0.5760532141414915,0.0,0.6605513046949514,0.0,0.5869897203705585,0.6411910062432692,0.0,0.3221117611836973,0.7021562166427374,0.6829830154857314,0.6919646838187676,0.0,0.6234276562829612,0.7076067569058372,0.6382908325844658,0.6042021533967199,0.5592744683151362,0.8115740336950614,0.7930819176757836,0.6206008199337657,0.6810712864775451,0.5797584454782644,0.0,0.6364520788155373,0.188662858500159,0.0467481092844871,0.3645155596662219,0.0,0.0,0.0,0.4637740874524932,0.0,0.0,0.4528850100888958,0.0,0.0,0.0,0.0,0.726987575183976,0.6398646076833461,0.0,0.0,0.0,0.0,0.0,0.0,0.0,0.4978724605992889,0.0,0.0,0.0,0.0,0.0,0.6266477999411675,0.0,0.6354228755923131,0.0,0.0,0.6915941761510467,0.6022207256870633,0.0,0.4350568889465179,0.6852936511808914,0.7652327705463013,0.0,0.0,0.0,0.0,0.5621982566358741
0.6896936227285707,0.0,0.0,0.0,0.8127897938848012,0.6308492247910087,0.931654550031486,0.700653968292724,0.7683488638535251,0.0,0.0,0.0,0.8698199279220373,0.0,0.4777825087567107,0.755999872849429,0.8954936312858807,0.6774632592464203,0.0,0.7895157826697986,0.8422425744776537,0.8579829406176155,0.6379870915838137,0.0,0.8338993461296393,0.8934531492138771,0.6340124170498778,0.8647828835531195,0.6661638596284654,0.0,0.7263950010230574,0.1623652530674229,0.0,0.451366758704678,0.0,0.0,0.0,0.0,0.0,0.0,0.5710966984898483,0.0,0.0,0.0,0.0,0.3717257860631264,0.8489790442668241,0.0,0.0,0.0,0.6229915854391973,0.0,0.0,0.0,0.0,0.0,0.0,0.0,0.0,0.3722219652766655,0.6765680974207355,0.0,0.5859989515371256,0.0,0.7279618041689264,0.8560820137059423,0.7455532555308299,0.6566247244729767,0.0,0.6570745661898281,0.8218855907998408,0.5416957747048464,0.0,0.6481452298587581,0.0,0.596172960155442
0.0,0.0,0.0,0.3488259253370125,0.6646302429335446,0.8315492937596916,0.599479047461644,0.4913579584123739,0.7546077764314382,0.5805367936634753,0.7226025628118491,0.5796065468523401,0.6860191228095965,0.5176966102306403,0.0,0.0,0.0,0.0,0.6573731286387454,0.0,0.0,0.0,0.7995057681911864,0.0,0.0,0.0,0.8520225132420032,0.5702836150828461,0.0,0.0,0.4714218516202733,0.0,0.1861901594956043,0.4003323766985824,0.0,0.3496738852768798,0.2895356106601185,0.0,0.0,0.0,0.4679998074211586,0.0,0.4775823821454797,0.0,0.0,0.0,0.0,0.8734318659134568,0.0,0.4998839469056518,0.7934708257652334,0.4368609894403484,0.471755496253395,0.8630528537119213,0.0,0.75636495453466,0.0,0.6890737860896381,0.4803432396722938,0.0,0.0,0.0,0.0,0.7940067808113049,0.0,0.0,0.0,0.7494926784369539,0.0,0.0,0.0,0.8203667890947441,0.63462779850678,0.0,0.0,0.0
0.0,0.0,0.3488259253370125,0.0,0.8361225871699421,0.3991267947874299,0.9056515862703552,0.6818547429659864,0.7684640737902515,0.7446405021741204,0.5094855169989783,0.6371195239262517,0.7273655653662671,0.8864761346280557,0.0,0.0,0.0,0.0,0.0521089823227358,0.5495589305963562,0.0,0.0,0.3852718696715444,0.0,0.0,0.0,0.4807077509194378,0.8779048927932931,0.4061240892477162,0.0,0.8106921044780405,0.3159042425079917,0.0,0.2803786676160109,0.0,0.6886357705152301,0.6395868303471236,0.4745209348232311,0.0,0.0,0.0,0.0,0.0,0.0,0.0,0.0,0.0,0.0,0.0,0.0,0.0,0.0,0.0,0.0,0.0,0.0,0.0,0.0,0.0,0.0,0.0,0.0,0.0,0.0,0.0,0.0,0.0,0.0,0.0,0.0,0.0,0.0,0.0,0.0,0.0,0.0
0.0,0.8127897938848012,0.6646302429335446,0.8361225871699421,0.0,0.6425820252844558,0.9933684075899286,0.7017891473578479,0.8984012857495897,0.8693270030571993,0.747349722270521,0.7389820329175858,0.8838575537033445,0.9065745806842184,0.0,0.8184899573361746,0.0,0.0,0.2197637194603185,0.8073818850774255,0.0,0.8326656299105398,0.6163073934089803,0.0,0.7132261680916445,0.7783774475588939,0.7318802076446325,0.876835302317937,0.7050023929843122,0.0,0.8543867654980488,0.2407601361098583,0.0,0.421612721878752,0.0,0.6464673878691537,0.5543099876066261,0.6174437482293876,0.0,0.0,0.0,0.0,0.6901656892608751,0.0,0.0,0.0,0.0,0.5565308188036198,0.0,0.7557056183637034,0.5730157138702531,0.0,0.5655315412787661,0.8977124164224051,0.0,0.8095749287879815,0.0,0.0,0.0,0.0,0.0,0.0,0.0,0.5389204404304508,0.0,0.0,0.0,0.6177588411416282,0.0,0.0,0.0,0.5531573832953838,0.0,0.0,0.0,0.0
0.5570890633442531,0.6308492247910087,0.8315492937596916,0.3991267947874299,0.6425820252844558,0.0,0.6950887323124899,0.6083806993429994,0.7331693658897124,0.6699417192223326,0.6187502933681909,0.7619571894402211,0.7595305774432127,0.6173284203332455,0.6001184709689803,0.527148412547416,0.6091232723370752,0.5618530935108313,0.597257623017079,0.7860768157212974,0.5978211254623628,0.6275685364982,0.8700950843367672,0.0,0.6281721157232235,0.7472253453958112,0.8931208667173735,0.5889781027814962,0.8505334130840604,0.506119119989113,0.514802961956757,0.0,0.2057226839029309,0.4580986578418883,0.0,0.4298852549919422,0.3462263970699874,0.6203675919449005,0.0,0.0,0.4943908704327546,0.0,0.5877968895378264,0.0,0.0,0.0,0.5255013956960806,0.8357815156375644,0.0,0.3907894859549076,0.9166223930889243,0.4019517157825866,0.5999428169088465,0.8151404377017487,0.0,0.7048121483420708,0.0,0.7185751128627538,0.0,0.5738735488534741,0.0,0.0,0.0,0.7377885671234111,0.7974187718613033,0.59752061289601,0.7082918691369877,0.8335857910113075,0.0,0.0,0.7470721082300733,0.8411011398579333,0.661601069029104,0.7179801829852003,0.60432496009225,0.6031947429482261
0.0,0.931654550031486,0.599479047461644,0.9056515862703552,0.9933684075899286,0.6950887323124899,0.0,0.6841719761649621,0.9483249124673888,0.8968071766479244,0.6992912450805059,0.7790317347865433,0.9188581395652298,0.9078621203527706,0.0,0.8917176547360831,0.955665729492216,0.7837055062581566,0.2628413530892055,0.7783908644647142,0.0,0.8234137733764214,0.5964720284959522,0.6151734915752348,0.8820983507528987,0.9124447652750656,0.7487471260576319,0.9166643382479888,0.7059272087799564,0.0,0.8375673994758353,0.2235449352394987,0.0,0.4499628091241267,0.0,0.6294797932045789,0.6095565959088045,0.6659157462004789,0.0,0.0,0.5115593901272504,0.0,0.7003855807122331,0.0,0.0,0.0,0.0,0.5954173367426328,0.0,0.0,0.6275920015256022,0.0,0.573443636599572,0.8549153430462901,0.0,0.7665970358913455,0.0,0.0,0.0,0.0,0.0,0.0,0.0,0.547542625456061,0.0,0.0,0.0,0.649536584831291,0.0,0.0,0.0,0.582517291188535,0.0,0.0,0.0,0.0
0.5760532141414915,0.700653968292724,0.4913579584123739,0.6818547429659864,0.7017891473578479,0.6083806993429994,0.6841719761649621,0.0,0.724404807555127,0.6847261764327869,0.7005173969297808,0.6848073743620353,0.7027260973050397,0.7611004285761496,0.2879374652000483,0.5008879349215964,0.0,0.4260594428023185,0.126432220262399,0.6015852854271924,0.7013088042869404,0.59263637659564,0.7188723873382519,0.3829358036586113,0.5722503673649584,0.729700479915886,0.558545615262637,0.71207270423831,0.4812108213195631,0.7117774780362828,0.6036433051681965,0.1614673821950529,0.0,0.3560275847701953,0.0,0.6204712305073408,0.4722411095006377,0.0,0.0,0.0,0.3986825930950313,0.0,0.673836125587341,0.0,0.0,0.0,0.0,0.4694029125515826,0.0,0.5185005593886522,0.5150262901763806,0.5653102802801052,0.8686394985047929,0.6583814214205712,0.0,0.727414861235239,0.0,0.7457224728169954,0.7256847601761568,0.243326463478107,0.0,0.0,0.0,0.4328464497382794,0.5426992736759612,0.7227027433616167,0.0,0.6826010093060985,0.0,0.0,0.0,0.3989094936956266,0.6717119756141096,0.3689800990282342,0.0,0.442445573725012
0.0,0.7683488638535251,0.7546077764314382,0.7684640737902515,0.8984012857495897,0.7331693658897124,0.9483249124673888,0.724404807555127,0.0,0.7829087330288115,0.8519660983299695,0.7424728724443034,0.844795672361516,0.7944789725061396,0.0,0.6912281362342487,0.0,0.655465480977725,0.4006086836536789,0.7267879845070412,0.0,0.7223354451797146,0.6717472733280886,0.516868663278143,0.7628263023028706,0.8119343554536305,0.8121006148980089,0.8467929343681282,0.6959066463469408,0.7489829856320417,0.678492439275214,0.055664437905803,0.0,0.3730532614507731,0.0,0.5004547495881358,0.4436292747172416,0.652968898045002,0.0,0.0,0.5003383930785001,0.0,0.6603748142459573,0.0,0.0,0.0,0.0,0.6866634614297903,0.0,0.5830483356114446,0.6077430565427712,0.6527325483929242,0.5870782432862406,0.949580883726869,0.0,0.9041414328913184,0.0,0.81038519442557,0.7398769049959735,0.0,0.0,0.0,0.0,0.6676341326803095,0.0,0.0,0.0,0.6707863973087006,0.0,0.0,0.0,0.6464597146145592,0.7598610628039467,0.0,0.0,0.0
0.6605513046949514,0.0,0.5805367936634753,0.7446405021741204,0.8693270030571993,0.6699417192223326,0.8968071766479244,0.6847261764327869,0.7829087330288115,0.0,0.5531288422429176,0.8880713972754369,0.8032950735708048,0.0,0.0,0.843563785169345,0.9460272320160992,0.7740679733948168,0.2199349972112128,0.7526609108555837,0.0,0.7451646292972667,0.6121841093294746,0.6852529751927687,0.8899627742081355,0.9221123658998496,0.6254271068413949,0.8256857786686205,0.6195312467138969,0.0,0.8362227672613278,0.2122222079188823,0.0,0.4307911806310411,0.0,0.6383169950556727,0.5326242366285845,0.6368738910502895,0.0,0.0,0.5254425593094949,0.0,0.0,0.0,0.3815200205320446,0.3331601317135054,0.0,0.0,0.0,0.0,0.0,0.0,0.0,0.0,0.9264640933914636,0.0,0.8895652713284329,0.8500361656902944,0.0,0.0,0.0,0.5946912234372798,0.6663475727867988,0.0,0.0,0.0,0.0,0.0,0.6219154456750275,0.7780455301934908,0.8665714335638487,0.0,0.8502659965756566,0.0,0.0,0.631118679988493
0.0,0.0,0.7226025628118491,0.5094855169989783,0.747349722270521,0.6187502933681909,0.6992912450805059,0.7005173969297808,0.8519660983299695,0.5531288422429176,0.0,0.540773399319562,0.7411761291901455,0.6361001692246793,0.0,0.0,0.5583561170861001,0.0,0.4062525407674978,0.0,0.0,0.0,0.6886093070099522,0.2922757188955088,0.0,0.5939000015219088,0.7448719575556474,0.6442959902243127,0.0,0.0,0.4840682916414946,0.0714306508102541,0.0,0.351465510995328,0.0,0.4551610501278736,0.3536155105860701,0.5009344434175869,0.0089481237335661,0.0,0.0,0.0,0.5444585648334255,0.0,0.0,0.0,0.0,0.6796361630738514,0.0,0.5902016610195916,0.515152501536369,0.5774394372734978,0.5713293542972739,0.8248532553268427,0.0,0.958757677615674,0.0,0.7234913162581081,0.6192708506373013,0.0,0.0,0.0,0.0,0.6953036768529158,0.0,0.0,0.0,0.6437899782474568,0.0,0.0,0.0,0.591737124509044,0.654005390454863,0.0,0.0,0.0
0.5869897203705585,0.0,0.5796065468523401,0.6371195239262517,0.7389820329175858,0.7619571894402211,0.7790317347865433,0.6848073743620353,0.7424728724443034,0.8880713972754369,0.540773399319562,0.0,0.7743023265927773,0.0,0.0,0.0,0.8050475967681503,0.7024079556492827,0.28856125761608,0.0,0.5572399284893649,0.0,0.6007760912630146,0.7955317979235041,0.7486753212638768,0.8713473060005736,0.563445632679043,0.7424302506763953,0.0,0.0,0.6521422245946507,0.0970968195948875,0.0145667079956807,0.3817047283654469,0.0,0.4935890225473064,0.3592160966344369,0.6272648951899664,0.0,0.0,0.4280203367188652,0.0,0.4888238766790044,0.0,0.5818275691109931,0.0,0.0,0.0,0.0,0.0,0.0,0.0,0.0,0.0,0.8241250255674659,0.0,0.9289774804020752,0.7230710859067603,0.0,0.0,0.0,0.6974687890621143,0.6736956363301392,0.0,0.0,0.0,0.0,0.0,0.7167366576301327,0.723673472412856,0.8109959995481889,0.0,0.7036548596845205,0.0,0.0,0.4413249211966606
0.6411910062432692,0.8698199279220373,0.6860191228095965,0.7273655653662671,0.8838575537033445,0.7595305774432127,0.9188581395652298,0.7027260973050397,0.844795672361516,0.8032950735708048,0.7411761291901455,0.7743023265927773,0.0,0.8601810943559643,0.5149641304812066,0.7164025245959953,0.8029349524423388,0.656074608402823,0.3672238315223297,0.7985758010111397,0.7724443690418732,0.7958072796481303,0.693432079316069,0.5132014487816104,0.7612530717224576,0.8123217382616178,0.7136029420169318,0.9188853873842155,0.7708788564729784,0.8214808805394893,0.7575169531754501,0.1611692456360514,0.0,0.3967179332461829,0.0,0.6784989891751805,0.5590147791764789,0.6098636320899423,0.0,0.0,0.5710715938508805,0.0,0.708936095750843,0.0,0.3618223700435997,0.0,0.0,0.6344687557806699,0.0,0.0,0.6394712304943571,0.6944869858971241,0.6110995744035114,0.0,0.0,0.7634394149095286,0.7075262617015564,0.0,0.0,0.4181465921365352,0.0,0.0,0.0,0.0,0.7059314894984019,0.0,0.7251579048431751,0.6649245298409852,0.0,0.6686827571200509,0.765130407704537,0.5713187801728268,0.0,0.6505526142665564,0.0,0.0
0.0,0.0,0.5176966102306403,0.8864761346280557,0.9065745806842184,0.6173284203332455,0.9078621203527706,0.7611004285761496,0.7944789725061396,0.0,0.6361001692246793,0.0,0.8601810943559643,0.0,0.0,0.0,0.0,0.0,0.0420896739630321,0.0,0.805024762355535,0.0,0.6168386604120111,0.0,0.0,0.0,0.6454264052318727,0.8773020687225351,0.0,0.0,0.891413153694715,0.2758090453116374,0.0,0.4234211792837711,0.0,0.7569761175497856,0.5562261065203095,0.0,0.0,0.0,0.0,0.0,0.7941623291758215,0.0,0.0,0.0,0.0,0.4522825070346978,0.0,0.0,0.0,0.0,0.0,0.728639521017121,0.0,0.7040884920151135,0.0,0.0,0.0,0.0,0.0,0.0,0.0,0.0,0.0,0.0,0.0,0.6257695339732203,0.0,0.0,0.0,0.5556159547925454,0.0,0.0,0.0,0.0
0.3221117611836973,0.4777825087567107,0.0,0.0,0.0,0.6001184709689803,0.0,0.2879374652000483,0.0,0.0,0.0,0.0,0.5149641304812066,0.0,0.0,0.3901909975497639,0.0,0.2692357872087038,0.0,0.7919785290903143,0.621649825685996,0.689049205314291,0.7084376306612643,0.2773734520467789,0.3466943441674642,0.3931734239774378,0.6848014991966745,0.3840427184584534,0.7474143820159019,0.0,0.4541565120826213,0.0065417434144269,0.1734470273079557,0.470557911194377,0.0,0.4589878172197721,0.0,0.0,0.1387813731019417,0.082777009428517,0.5975889172244115,0.0,0.5565539185863686,0.0,0.0,0.0,0.3851170925200944,0.0,0.0,0.0,0.6054193555918916,0.0,0.3736999497378815,0.0,0.0,0.0,0.0,0.5383035594699891,0.0,0.9384649078807517,0.5177587984851302,0.0,0.0,0.0,0.8039854359278061,0.5909638789657357,0.7174247734864073,0.7055326392277043,0.0,0.3788462207049803,0.4603028716634049,0.6927540363753898,0.5732065440784868,0.8201770474687148,0.0,0.6376888243076247
0.7021562166427374,0.755999872849429,0.0,0.0,0.8184899573361746,0.527148412547416,0.8917176547360831,0.5008879349215964,0.6912281362342487,0.843563785169345,0.0,0.0,0.7164025245959953,0.0,0.3901909975497639,0.0,0.8478284049410638,0.842409936654013,0.0,0.7341194903976889,0.7155547238266078,0.8058607582119603,0.4557913240876475,0.50959444202219,0.8011305226944284,0.7575569027191582,0.5529453553932675,0.7945005658351268,0.6272303931684874,0.8251955659330809,0.86924057805587,0.3723785328473852,0.0,0.3804610859697235,0.0,0.0,0.0,0.0,0.0150231877117867,0.0,0.4602955359066297,0.0,0.0,0.0,0.0,0.4576129940552007,0.712892203832437,0.0,0.0,0.0,0.0,0.0,0.0,0.0,0.0,0.0,0.0,0.0,0.0,0.2805008903023042,0.6369409813470501,0.0,0.6989249603151582,0.0,0.5353022035713819,0.7093511332277814,0.6196937276708622,0.4624920092170083,0.0,0.6826070567001558,0.6907831780523972,0.407050085934693,0.0,0.5827491935179512,0.0,0.537754154871634
0.6829830154857314,0.8954936312858807,0.0,0.0,0.0,0.6091232723370752,0.955665729492216,0.0,0.0,0.9460272320160992,0.5583561170861001,0.8050475967681503,0.8029349524423388,0.0,0.0,0.8478284049410638,0.0,0.7502906980482521,0.0,0.7699749776654051,0.0,0.8014024783890297,0.0,0.6383674572937438,0.8111861962972683,0.9059915119290628,0.0,0.8332983240675024,0.5988518720247964,0.0,0.8582840282473659,0.2316141923690423,0.0,0.5095015380801352,0.0,0.0,0.0,0.7010474925216043,0.0,0.0,0.0,0.0,0.0,0.0,0.0,0.0,0.0,0.0,0.0,0.0,0.0,0.0,0.0,0.0,0.837007280189483,0.0,0.7996214269606738,0.0,0.0,0.0,0.0,0.4777837408013936,0.6060014166139238,0.0,0.0,0.0,0.0,0.0,0.5558616437239388,0.7136410212399558,0.8376614411532248,0.0,0.0,0.0,0.0,0.0
0.6919646838187676,0.6774632592464203,0.0,0.0,0.0,0.5618530935108313,0.7837055062581566,0.4260594428023185,0.655465480977725,0.7740679733948168,0.0,0.7024079556492827,0.656074608402823,0.0,0.2692357872087038,0.842409936654013,0.7502906980482521,0.0,0.0,0.5825436937653126,0.5259737727401692,0.6086564638469255,0.4073968903115799,0.6981377065609811,0.9229689972616898,0.826570640426646,0.5196323926409223,0.661423235874205,0.5423097131892218,0.5262863048773828,0.6423817757874051,0.210560764183706,0.1172316268693601,0.408580759204492,0.0,0.0,0.0,0.0,0.068066408255781,0.0153458388093712,0.3441912074222821,0.0,0.0,0.0,0.0,0.5535208059685368,0.6152313756644291,0.0,0.0,0.0,0.0,0.0,0.0,0.0,0.7134375333363098,0.0,0.6771154553873838,0.0,0.0,0.0,0.6151161738838252,0.6400293880498463,0.8015010853637228,0.0,0.0,0.0,0.5014314211602101,0.0,0.6293319371534781,0.8182491835824925,0.7937898256851137,0.0,0.0,0.0,0.0,0.4695503863211441
0.0,0.0,0.6573731286387454,0.0521089823227358,0.2197637194603185,0.597257623017079,0.2628413530892055,0.126432220262399,0.4006086836536789,0.2199349972112128,0.4062525407674978,0.28856125761608,0.3672238315223297,0.0420896739630321,0.0,0.0,0.0,0.0,0.0,0.0,0.0,0.0,0.4800344170619599,0.0,0.0,0.0,0.5952838398500521,0.223694634876819,0.0,0.0,0.1086690043338945,0.0,0.0,0.3118219112009789,0.0,0.1206576108245991,0.2147859373605606,0.2651697953603601,0.1728095250614372,0.0,0.0,0.0,0.1242430551353136,0.0,0.0,0.0,0.0,0.7294361401684833,0.0,0.1059887597425995,0.5286593830179035,0.0300140912575655,0.211369413004286,0.4637574096495068,0.0,0.4385584067695597,0.0,0.242687880679905,0.0410506025746581,0.0,0.0,0.0,0.0,0.8197369213853951,0.0,0.0,0.0,0.4610527783878413,0.0,0.0,0.0,0.6012153606685944,0.0,0.0,0.0,0.0
0.6234276562829612,0.7895157826697986,0.0,0.5495589305963562,0.8073818850774255,0.7860768157212974,0.7783908644647142,0.6015852854271924,0.7267879845070412,0.7526609108555837,0.0,0.0,0.7985758010111397,0.0,0.7919785290903143,0.7341194903976889,0.7699749776654051,0.5825436937653126,0.0,0.0,0.7868736923829956,1.0,0.7983684793203657,0.0,0.6887321259866669,0.7445288151518836,0.8344534604173489,0.746113158633999,0.8910099709517668,0.7680453256359953,0.751646666373423,0.1210558850050066,0.0036928708202917,0.496727387094055,0.0,0.6284199458761216,0.4906950130168092,0.0,0.057203074917642,0.0,0.6491067130991806,0.0,0.7261276192269874,0.0,0.0,0.0,0.6848977103614753,0.0,0.0,0.0,0.7091152508896862,0.0,0.5050354592779305,0.0,0.0,0.0,0.0,0.8018509503691981,0.0,0.7277610428329667,0.7290055444778915,0.0,0.0,0.0,0.9217825547912823,0.7741133431136094,0.8896491264784789,0.7716677951594137,0.0,0.6787715423017009,0.7318365724698437,0.7660940365647407,0.7954074427580645,0.8575093817577694,0.6819418512457402,0.6952049175553633
0.7076067569058372,0.8422425744776537,0.0,0.0,0.0,0.5978211254623628,0.0,0.7013088042869404,0.0,0.0,0.0,0.5572399284893649,0.7724443690418732,0.805024762355535,0.621649825685996,0.7155547238266078,0.0,0.5259737727401692,0.0,0.7868736923829956,0.0,0.83287778178172,0.7007538822675282,0.3478155267450385,0.6665135565509089,0.7369720862307996,0.6920778111471787,0.7641755728934502,0.7093633807847902,0.0,0.7939742064068476,0.2168705202348289,0.0,0.4836855468240958,0.0,0.0,0.0,0.0,0.0,0.0,0.6315873802388033,0.0,0.0,0.0,0.0,0.3680987881641409,0.8169497081667231,0.0,0.0,0.0,0.5602920654478529,0.0,0.6173786844209616,0.0,0.0,0.0,0.0,0.7858163120859395,0.0,0.5066930566095417,0.6652224935747334,0.0,0.0,0.0,0.7233455400540145,0.9632239149648651,0.7834454963759531,0.6696299820484299,0.0,0.5612032468537562,0.6902772520433025,0.5375515298592962,0.7404186650740412,0.7064459677767592,0.0,0.6360771197628086
0.6382908325844658,0.8579829406176155,0.0,0.0,0.8326656299105398,0.6275685364982,0.8234137733764214,0.59263637659564,0.7223354451797146,0.7451646292972667,0.0,0.0,0.7958072796481303,0.0,0.689049205314291,0.8058607582119603,0.8014024783890297,0.6086564638469255,0.0,1.0,0.83287778178172,0.0,0.6798986348562346,0.0,0.7213158709948536,0.7312102359821551,0.7410885212053134,0.7834966185405985,0.8188520810028227,0.8072497653780807,0.7764627342187451,0.2425860616859704,0.0,0.4580980052466096,0.0,0.6335454355052821,0.4712673186583004,0.0,0.1051162110895133,0.0,0.6459909834745401,0.0,0.7451615556531196,0.0,0.0,0.4225120085678293,0.753304313155402,0.0,0.0,0.0,0.5928924143512083,0.0,0.0,0.0,0.0,0.0,0.0,0.0,0.0,0.6357509452864606,0.713399882701307,0.0,0.6101654608501343,0.0,0.8507099469992188,0.8212531013246112,0.8961013928719487,0.6619776324917469,0.0,0.6480306604914806,0.7087427645886445,0.6404922918070441,0.7791691385670078,0.8046076886325088,0.0,0.6725689216024442
0.6042021533967199,0.6379870915838137,0.7995057681911864,0.3852718696715444,0.6163073934089803,0.8700950843367672,0.5964720284959522,0.7188723873382519,0.6717472733280886,0.6121841093294746,0.6886093070099522,0.6007760912630146,0.693432079316069,0.6168386604120111,0.7084376306612643,0.4557913240876475,0.0,0.4073968903115799,0.4800344170619599,0.7983684793203657,0.7007538822675282,0.6798986348562346,0.0,0.4086361918713572,0.5500765877063655,0.6877078514306662,0.8577622567700919,0.5549277427543646,0.8225042018668757,0.5551439545369882,0.4965556923141467,0.0,0.0640185218973142,0.4677233565406985,0.0,0.4802794680679852,0.4000858754741843,0.6333633486252968,0.0,0.0198395541959432,0.5842870035123164,0.0,0.690684744661454,0.4478594485837642,0.0,0.0,0.6203723259558233,0.7670014907490805,0.0,0.5068342975680308,0.8142233419221425,0.4725733251550416,0.7245246483630099,0.7668396600801054,0.0,0.7261869179950033,0.0,0.7557990510008654,0.6021870314198805,0.6989115868361918,0.0,0.0,0.0,0.6639820138525153,0.8338362012790886,0.6862035292028655,0.8032250673455926,0.9829811261399454,0.0,0.6474265805853893,0.7430793368825717,0.8023472531123292,0.7087787909770336,0.7114599687243449,0.6593286578455074,0.6626265100883553
0.5592744683151362,0.0,0.0,0.0,0.0,0.0,0.6151734915752348,0.3829358036586113,0.516868663278143,0.6852529751927687,0.2922757188955088,0.7955317979235041,0.5132014487816104,0.0,0.2773734520467789,0.50959444202219,0.6383674572937438,0.6981377065609811,0.0,0.0,0.3478155267450385,0.0,0.4086361918713572,0.0,0.7067149601599444,0.7543257396103271,0.4587792530989358,0.4634832553872177,0.0,0.0,0.4553910299588884,0.0,0.3516499801937346,0.4165861257339576,0.0,0.3684890009725834,0.2732072773819132,0.5413513803266112,0.0289826911122887,0.0670331719774425,0.3222633603762432,0.0,0.0,0.0,0.4480880530594704,0.391881651240179,0.0,0.0,0.0,0.0,0.0,0.0,0.0,0.0,0.5963050620701846,0.0,0.7153628197467118,0.0,0.0,0.0,0.4821008325636305,0.5279083682224583,0.6517176409964395,0.0,0.0,0.0,0.0,0.0,0.9633869625337448,0.6750140853265525,0.708098992741603,0.0,0.5237667160006334,0.0,0.0,0.4089276151443933
0.8115740336950614,0.8338993461296393,0.0,0.0,0.7132261680916445,0.6281721157232235,0.8820983507528987,0.5722503673649584,0.7628263023028706,0.8899627742081355,0.0,0.7486753212638768,0.7612530717224576,0.0,0.3466943441674642,0.8011305226944284,0.8111861962972683,0.9229689972616898,0.0,0.6887321259866669,0.6665135565509089,0.7213158709948536,0.5500765877063655,0.7067149601599444,0.0,0.9464589311667118,0.6323980855569338,0.7432342148931699,0.6286660156789174,0.0,0.68424177815263,0.2277648270793121,0.0889406176865349,0.4286042906263695,0.0,0.0,0.0,0.5375571969759229,0.0177178397363698,0.0,0.4317327054427556,0.0,0.0,0.0,0.0,0.5776601371655662,0.7268054653064111,0.0,0.0,0.0,0.0,0.0,0.0,0.0,0.7525213821433521,0.0,0.7122067987105456,0.7220431857894731,0.0,0.2344355864991949,0.6886539457567975,0.6099203558407139,0.785864074083504,0.0,0.5762819341933618,0.6579969869187663,0.6042207184970779,0.60175689716277,0.6296087922127721,0.9284954033926842,0.9361707566448472,0.0,0.0,0.5898561327825923,0.0,0.5743624178443183
0.7930819176757836,0.8934531492138771,0.0,0.0,0.7783774475588939,0.7472253453958112,0.9124447652750656,0.729700479915886,0.8119343554536305,0.9221123658998496,0.5939000015219088,0.8713473060005736,0.8123217382616178,0.0,0.3931734239774378,0.7575569027191582,0.9059915119290628,0.826570640426646,0.0,0.7445288151518836,0.7369720862307996,0.7312102359821551,0.6877078514306662,0.7543257396103271,0.9464589311667118,0.0,0.6996737446006943,0.7749320227569402,0.6316778957694956,0.0,0.6777918283183108,0.1605308290808649,0.0,0.4349119543098239,0.0,0.5279355181068298,0.0,0.6859613024871242,0.0,0.0,0.5236212653257578,0.0,0.0,0.0,0.4620524771695923,0.4770726743857307,0.7873189568681678,0.0,0.0,0.0,0.7556959595965642,0.0,0.0,0.0,0.7774499808945855,0.0,0.834198368546187,0.8503267798822255,0.0,0.3117949609419374,0.6893984856119207,0.5910759469922708,0.7692600209848198,0.0,0.6768416748993262,0.7111094884632884,0.6597167746206875,0.7074118995696418,0.6550937952222461,0.873579724091483,1.0,0.623349593306078,0.7576374425644075,0.6238340796407357,0.0,0.5899384214612706
0.6206008199337657,0.6340124170498778,0.8520225132420032,0.4807077509194378,0.7318802076446325,0.8931208667173735,0.7487471260576319,0.558545615262637,0.8121006148980089,0.6254271068413949,0.7448719575556474,0.563445632679043,0.7136029420169318,0.6454264052318727,0.6848014991966745,0.5529453553932675,0.0,0.5196323926409223,0.5952838398500521,0.8344534604173489,0.6920778111471787,0.7410885212053134,0.8577622567700919,0.4587792530989358,0.6323980855569338,0.6996737446006943,0.0,0.5993563171233048,0.866888156466894,0.5595942702588712,0.5477532717907191,0.0,0.1132508097826293,0.4759589461171191,0.0,0.4431663567262985,0.3681227640424455,0.6323291014169232,0.0334051968747014,0.0151557151834024,0.4747571514185336,0.0,0.6654110617782433,0.3969825730825741,0.0,0.0,0.6141687953510623,0.8277964419799649,0.0,0.4967640005708824,0.8305573085464949,0.499043929466923,0.5260394978468016,0.8897599270273403,0.0,0.8112309922731162,0.0,0.7448754226037995,0.5960701107898125,0.6502721888828147,0.0,0.0,0.0,0.7784888044443579,0.8669091683177247,0.7125896312686848,0.8071364265123314,0.8634840816486538,0.0,0.0,0.7563618065639743,0.9720351925583776,0.6944219744971464,0.8141049857195529,0.6198146029091288,0.6881826403582697
0.6810712864775451,0.8647828835531195,0.5702836150828461,0.8779048927932931,0.876835302317937,0.5889781027814962,0.9166643382479888,0.71207270423831,0.8467929343681282,0.8256857786686205,0.6442959902243127,0.7424302506763953,0.9188853873842155,0.8773020687225351,0.3840427184584534,0.7945005658351268,0.8332983240675024,0.661423235874205,0.223694634876819,0.746113158633999,0.7641755728934502,0.7834966185405985,0.5549277427543646,0.4634832553872177,0.7432342148931699,0.7749320227569402,0.5993563171233048,0.0,0.6541922905190422,0.9087774580212086,0.8643644223945688,0.2394641019497339,0.0,0.3302471504158778,0.0,0.7241303175233701,0.5984657205813924,0.5685983366543975,0.0,0.0,0.524416516094223,0.0,0.7047342665807486,0.0,0.3137422703198155,0.0,0.0,0.5153761424639809,0.0,0.0,0.4852362758654817,0.0,0.5580073213050645,0.7658553374421041,0.652572056660733,0.0,0.6840939779483347,0.7964313295648643,0.0,0.2327217921278777,0.0,0.0,0.0,0.0,0.586489532064082,0.7624246737658429,0.6311020587311009,0.5764764255195013,0.0,0.6259335880459729,0.7085023867291924,0.4267095863993394,0.8458677754306413,0.5289163818709752,0.0,0.6066636597868749
0.5797584454782644,0.6661638596284654,0.0,0.4061240892477162,0.7050023929843122,0.8505334130840604,0.7059272087799564,0.4812108213195631,0.6959066463469408,0.6195312467138969,0.0,0.0,0.7708788564729784,0.0,0.7474143820159019,0.6272303931684874,0.5988518720247964,0.5423097131892218,0.0,0.8910099709517668,0.7093633807847902,0.8188520810028227,0.8225042018668757,0.0,0.6286660156789174,0.6316778957694956,0.866888156466894,0.6541922905190422,0.0,0.6323357636312379,0.6281563369364495,0.0002881320622151,0.1478929208471756,0.4645084049589446,0.0,0.5507272375744193,0.4126640517953368,0.0,0.0826514672491149,0.0955042296293802,0.5736224412925546,0.0,0.6453313903130449,0.0,0.0,0.0,0.5787096565870097,0.6972045351137095,0.0,0.0,0.7514365264522921,0.5628067415562069,0.4216145834427749,0.7958818268465523,0.0,0.0,0.0,0.7361357624229742,0.0,0.7004850297469367,0.0,0.0,0.0,0.0,0.8710406475490786,0.7138261944145606,0.8656300667075296,0.7678189859619753,0.0,0.0,0.6862876135058599,0.8154542150914539,0.7525898954828961,0.8614926596194431,0.7077133281754777,0.7593595882228003
0.0,0.0,0.0,0.0,0.0,0.506119119989113,0.0,0.7117774780362828,0.7489829856320417,0.0,0.0,0.0,0.8214808805394893,0.0,0.0,0.8251955659330809,0.0,0.5262863048773828,0.0,0.7680453256359953,0.0,0.8072497653780807,0.5551439545369882,0.0,0.0,0.0,0.5595942702588712,0.9087774580212086,0.6323357636312379,0.0,0.9341840344040048,0.3739658620259442,0.0,0.3407691581955042,0.0,0.0,0.0,0.0,0.0,0.0,0.0,0.0,0.0,0.0,0.0,0.0,0.0,0.0,0.0,0.0,0.0,0.0,0.0,0.0,0.0,0.0,0.0,0.0,0.0,0.0,0.0,0.0,0.0,0.0,0.5857912477501689,0.0,0.0,0.5255931187148604,0.0,0.0,0.0,0.3650809441867552,0.0,0.4938883197300419,0.0,0.0
0.6364520788155373,0.7263950010230574,0.4714218516202733,0.8106921044780405,0.8543867654980488,0.514802961956757,0.8375673994758353,0.6036433051681965,0.678492439275214,0.8362227672613278,0.4840682916414946,0.6521422245946507,0.7575169531754501,0.891413153694715,0.4541565120826213,0.86924057805587,0.8582840282473659,0.6423817757874051,0.1086690043338945,0.751646666373423,0.7939742064068476,0.7764627342187451,0.4965556923141467,0.4553910299588884,0.68424177815263,0.6777918283183108,0.5477532717907191,0.8643644223945688,0.6281563369364495,0.9341840344040048,0.0,0.3740060701861373,0.0,0.4334191236997365,0.0,0.6569265011954972,0.5212909099856377,0.5547610495827828,0.0,0.0,0.6111533531771547,0.0,0.6938397715752554,0.0,0.0,0.0,0.7076129866298806,0.0,0.0,0.0,0.4727994641951724,0.0,0.4553674269315039,0.0,0.7060983612679114,0.0,0.6540422644822551,0.0,0.0,0.3219042332165315,0.6233094794541626,0.3983103689519405,0.5853340312084302,0.0,0.5819572229488361,0.8059657677599718,0.6581683496823688,0.5189263574876071,0.4228745220523691,0.6077237950536949,0.6413415126546611,0.4113723610215791,0.7735354676741394,0.5798688746955106,0.0,0.6484817672934988
0.188662858500159,0.1623652530674229,0.0,0.3159042425079917,0.2407601361098583,0.0,0.2235449352394987,0.1614673821950529,0.055664437905803,0.2122222079188823,0.0714306508102541,0.0970968195948875,0.1611692456360514,0.2758090453116374,0.0065417434144269,0.3723785328473852,0.2316141923690423,0.210560764183706,0.0,0.1210558850050066,0.2168705202348289,0.2425860616859704,0.0,0.0,0.2277648270793121,0.1605308290808649,0.0,0.2394641019497339,0.0002881320622151,0.3739658620259442,0.3740060701861373,0.0,0.0,0.1461193782633492,0.5345228945398187,0.2876942881412697,0.1946557692951555,0.0,0.428715877533624,0.0,0.0862080438619586,0.0,0.0653249027119093,0.0579592960549165,0.0,0.1460667237132431,0.3692063883981248,0.0,0.0,0.3478787134125072,0.0,0.3647054307147468,0.1124198654735655,0.0,0.3607922086374487,0.0210354004016853,0.2465243563701025,0.1059370392162754,0.0,0.0028342215251031,0.0,0.2117135829180443,0.0133980947489586,0.0,0.0,0.2286174853759644,0.0917057166640726,0.0,0.0,0.1530120924454161,0.1900747417093167,0.0,0.1081615885611044,0.0,0.0,0.1265976986357005
0.0467481092844871,0.0,0.1861901594956043,0.0,0.0,0.2057226839029309,0.0,0.0,0.0,0.0,0.0,0.0145667079956807,0.0,0.0,0.1734470273079557,0.0,0.0,0.1172316268693601,0.0,0.0036928708202917,0.0,0.0,0.0640185218973142,0.3516499801937346,0.0889406176865349,0.0,0.1132508097826293,0.0,0.1478929208471756,0.0,0.0,0.0,0.0,0.2836426352298337,0.0,0.0,0.030964224495433,0.0615206674292439,0.3303661869863304,0.7448687273677458,0.0278805574008543,0.50107862656598,0.0,0.0,0.1919068958403774,0.2785851553623554,0.0,0.0,0.0,0.0,0.0,0.0,0.0,0.0,0.0,0.0,0.0,0.0,0.0,0.2140669722892766,0.1288088048398986,0.0,0.1495832474126529,0.0,0.1454503492301991,0.0,0.0437464447188251,0.101832852572712,0.4042944589466308,0.1094598342811602,0.0203170372132028,0.2275689700308763,0.0,0.0,0.0,0.1780362420626963
0.3645155596662219,0.451366758704678,0.4003323766985824,0.2803786676160109,0.421612721878752,0.4580986578418883,0.4499628091241267,0.3560275847701953,0.3730532614507731,0.4307911806310411,0.351465510995328,0.3817047283654469,0.3967179332461829,0.4234211792837711,0.470557911194377,0.3804610859697235,0.5095015380801352,0.408580759204492,0.3118219112009789,0.496727387094055,0.4836855468240958,0.4580980052466096,0.4677233565406985,0.4165861257339576,0.4286042906263695,0.4349119543098239,0.4759589461171191,0.3302471504158778,0.4645084049589446,0.3407691581955042,0.4334191236997365,0.1461193782633492,0.2836426352298337,0.0,0.0,0.4483289289595729,0.4085704762162532,0.6598643778776423,0.3875374466122955,0.1626267480703995,0.6909129477909204,0.0,0.5600876966952958,0.5664901906355488,0.4880350474055158,0.3599103920360257,0.4744334986441871,0.4282629579815835,0.0,0.0,0.5076718299119809,0.3283908345449489,0.4506914754582876,0.46777606715986,0.395139138047931,0.0,0.3349367152875294,0.4655205575499395,0.0,0.4453818879221337,0.6031921389258014,0.1923361520213911,0.4785081856244484,0.0,0.5384736406546136,0.5057167528912059,0.5600165086241748,0.4515292157437881,0.4324156219845267,0.4474907752515867,0.4634579526159335,0.440771172139506,0.5250898417043177,0.4738334070624152,0.0,0.5780539407993761
0.0,0.0,0.0,0.0,0.0,0.0,0.0,0.0,0.0,0.0,0.0,0.0,0.0,0.0,0.0,0.0,0.0,0.0,0.0,0.0,0.0,0.0,0.0,0.0,0.0,0.0,0.0,0.0,0.0,0.0,0.0,0.5345228945398187,0.0,0.0,0.0,0.0,0.0,0.0,0.3469303281234862,0.0,0.0,0.0,0.0,0.0,0.0,0.0,0.0,0.0,0.0,0.0,0.0,0.0,0.0,0.0,0.0,0.0,0.0,0.0,0.0,0.0,0.0,0.0,0.0,0.0,0.0,0.0,0.0,0.0,0.0,0.0,0.0,0.0,0.0,0.0,0.0,0.0
0.0,0.0,0.3496738852768798,0.6886357705152301,0.6464673878691537,0.4298852549919422,0.6294797932045789,0.6204712305073408,0.5004547495881358,0.6383169950556727,0.4551610501278736,0.4935890225473064,0.6784989891751805,0.7569761175497856,0.4589878172197721,0.0,0.0,0.0,0.1206576108245991,0.6284199458761216,0.0,0.6335454355052821,0.4802794680679852,0.3684890009725834,0.0,0.5279355181068298,0.4431663567262985,0.7241303175233701,0.5507272375744193,0.0,0.6569265011954972,0.2876942881412697,0.0,0.4483289289595729,0.0,0.0,0.7156426903960612,0.541615238680274,0.0668503980879323,0.0,0.5438910318470995,0.0,0.7301705288584901,0.7035224054929472,0.234663139210258,0.0,0.0,0.4007484395735893,0.0,0.5567414182744306,0.3893745739546501,0.563469784812866,0.5539917718241875,0.5048364038552784,0.0,0.5067369279358528,0.4958195319556056,0.6127020874607911,0.0,0.0,0.0,0.0,0.0,0.3972755411554572,0.5621315474872666,0.0,0.5659924622572018,0.4579880331839149,0.0,0.0,0.0,0.3408688280519077,0.675231961120763,0.439178641648605,0.0,0.0
0.0,0.0,0.2895356106601185,0.6395868303471236,0.5543099876066261,0.3462263970699874,0.6095565959088045,0.4722411095006377,0.4436292747172416,0.5326242366285845,0.3536155105860701,0.3592160966344369,0.5590147791764789,0.5562261065203095,0.0,0.0,0.0,0.0,0.2147859373605606,0.4906950130168092,0.0,0.4712673186583004,0.4000858754741843,0.2732072773819132,0.0,0.0,0.3681227640424455,0.5984657205813924,0.4126640517953368,0.0,0.5212909099856377,0.1946557692951555,0.030964224495433,0.4085704762162532,0.0,0.7156426903960612,0.0,0.4592786869797449,0.0,0.0,0.4652970396879342,0.0,0.703529420552319,0.0,0.0,0.0,0.0,0.0,0.0,0.0,0.0,0.0,0.0,0.0,0.0,0.0,0.0,0.0,0.0,0.0,0.0,0.0,0.0,0.0,0.0,0.0,0.0,0.4073480236875581,0.0,0.0,0.0,0.0,0.0,0.0,0.0,0.0
0.4637740874524932,0.0,0.0,0.4745209348232311,0.6174437482293876,0.6203675919449005,0.6659157462004789,0.0,0.652968898045002,0.6368738910502895,0.5009344434175869,0.6272648951899664,0.6098636320899423,0.0,0.0,0.0,0.7010474925216043,0.0,0.2651697953603601,0.0,0.0,0.0,0.6333633486252968,0.5413513803266112,0.5375571969759229,0.6859613024871242,0.6323291014169232,0.5685983366543975,0.0,0.0,0.5547610495827828,0.0,0.0615206674292439,0.6598643778776423,0.0,0.541615238680274,0.4592786869797449,0.0,0.0825429600157447,0.0,0.6984247476991541,0.0,0.0,0.0,0.6197602493656178,0.0,0.0,0.0,0.0,0.0,0.0,0.0,0.0,0.0,0.5257248191499923,0.0,0.5261936324763723,0.0,0.0,0.0,0.0,0.0,0.0,0.0,0.0,0.0,0.0,0.0,0.4983338834821071,0.599978056244195,0.6824731986949908,0.0,0.7260100870873579,0.0,0.0,0.0
0.0,0.0,0.0,0.0,0.0,0.0,0.0,0.0,0.0,0.0,0.0089481237335661,0.0,0.0,0.0,0.1387813731019417,0.0150231877117867,0.0,0.068066408255781,0.1728095250614372,0.057203074917642,0.0,0.1051162110895133,0.0,0.0289826911122887,0.0177178397363698,0.0,0.0334051968747014,0.0,0.0826514672491149,0.0,0.0,0.428715877533624,0.3303661869863304,0.3875374466122955,0.3469303281234862,0.0668503980879323,0.0,0.0825429600157447,0.0,0.4760191804471812,0.1388697424748242,0.3716945843739955,0.0,0.0,0.0431221600554901,0.2165715410647422,0.0502018103930871,0.0,0.0,0.0614377697850165,0.0779449984964046,0.0194709022258807,0.0,0.0,0.0938809380772849,0.0128039845224075,0.0,0.0,0.0,0.2697459212333956,0.1583913442775524,0.1421343184533902,0.1284722057275206,0.1405538222082103,0.1456510167679167,0.0481604278829114,0.2311278704690582,0.0,0.1155097532886092,0.1155387928810807,0.0586377720718525,0.0720538392903317,0.0,0.1203929267294455,0.1362496823525454,0.2348323528013834
0.0,0.0,0.0,0.0,0.0,0.0,0.0,0.0,0.0,0.0,0.0,0.0,0.0,0.0,0.082777009428517,0.0,0.0,0.0153458388093712,0.0,0.0,0.0,0.0,0.0198395541959432,0.0670331719774425,0.0,0.0,0.0151557151834024,0.0,0.0955042296293802,0.0,0.0,0.0,0.7448687273677458,0.1626267480703995,0.0,0.0,0.0,0.0,0.4760191804471812,0.0,0.0432918656296013,0.5910109532966006,0.0,0.0,0.0,0.3765947501100817,0.0,0.1674114386026437,0.0,0.0,0.0,0.0,0.0,0.0,0.0,0.0,0.0,0.0,0.0,0.2427637957751572,0.1306257667763961,0.0341983757511547,0.1076593236980025,0.2471144611499872,0.0838556853220155,0.0,0.0921993436875678,0.0,0.1294362920349934,0.0371597923684067,0.0,0.09894011181859,0.0,0.0952230062852143,0.0416045629529662,0.1152979647559528
0.4528850100888958,0.5710966984898483,0.4679998074211586,0.0,0.0,0.4943908704327546,0.5115593901272504,0.3986825930950313,0.5003383930785001,0.5254425593094949,0.0,0.4280203367188652,0.5710715938508805,0.0,0.5975889172244115,0.4602955359066297,0.0,0.3441912074222821,0.0,0.6491067130991806,0.6315873802388033,0.6459909834745401,0.5842870035123164,0.3222633603762432,0.4317327054427556,0.5236212653257578,0.4747571514185336,0.524416516094223,0.5736224412925546,0.0,0.6111533531771547,0.0862080438619586,0.0278805574008543,0.6909129477909204,0.0,0.5438910318470995,0.4652970396879342,0.6984247476991541,0.1388697424748242,0.0432918656296013,0.0,0.0,0.634448943766275,0.544314540434855,0.2988258459161374,0.4118590963392,0.5100091902044211,0.3682204465256318,0.6043644423401731,0.5262972728425754,0.5296369315821616,0.5347811212761935,0.4120653529552331,0.5810024061338833,0.5028698991770821,0.5236148213114278,0.4483646852427672,0.6512291175472877,0.563608530445831,0.5395477907056413,0.6518080012040438,0.2143057964818905,0.449795956421184,0.3861947926303911,0.7344817426412804,0.6366189753373931,0.7243397455445245,0.5328136141860572,0.3075857824706041,0.4787397307960427,0.5503929826901901,0.4971606274413236,0.7254036593898872,0.6239089314719323,0.5808773770648101,0.6446015501141215
0.0,0.0,0.0,0.0,0.0,0.0,0.0,0.0,0.0,0.0,0.0,0.0,0.0,0.0,0.0,0.0,0.0,0.0,0.0,0.0,0.0,0.0,0.0,0.0,0.0,0.0,0.0,0.0,0.0,0.0,0.0,0.0,0.50107862656598,0.0,0.0,0.0,0.0,0.0,0.3716945843739955,0.5910109532966006,0.0,0.0,0.0,0.0,0.0,0.0,0.0,0.0098421890756355,0.0,0.0,0.0,0.0,0.0,0.0,0.0,0.0,0.0,0.0,0.0,0.088866120144684,0.0,0.0,0.0,0.0196478611932975,0.0,0.0,0.0,0.0,0.0260552085401308,0.0,0.0,0.029617263591489,0.0,0.0,0.0,0.0
0.0,0.0,0.4775823821454797,0.0,0.6901656892608751,0.5877968895378264,0.7003855807122331,0.673836125587341,0.6603748142459573,0.0,0.5444585648334255,0.4888238766790044,0.708936095750843,0.7941623291758215,0.5565539185863686,0.0,0.0,0.0,0.1242430551353136,0.7261276192269874,0.0,0.7451615556531196,0.690684744661454,0.0,0.0,0.0,0.6654110617782433,0.7047342665807486,0.6453313903130449,0.0,0.6938397715752554,0.0653249027119093,0.0,0.5600876966952958,0.0,0.7301705288584901,0.703529420552319,0.0,0.0,0.0,0.634448943766275,0.0,0.0,0.6813786057935952,0.3208856136035658,0.0,0.0,0.5238954927678691,0.8145081782307633,0.6349678567658267,0.6393404223311825,0.7155563676778747,0.6232095782542887,0.7079725293750081,0.466091446725294,0.6854189157203276,0.4592315775638056,0.7980108904596047,0.919536766782554,0.4342955874002018,0.0,0.1072246720444852,0.0,0.415263224921741,0.7734384822512088,0.8523442517373561,0.7495944705250804,0.7083042338856096,0.2928757684420176,0.5176647490271267,0.6507815960202592,0.6153486594006266,0.8756719826937495,0.7134620011965329,0.0,0.71767024995215
