0.0,0.2772381246821587,0.0,0.0,0.0,0.0271081580823471,0.0,0.2689555353755286,0.0,0.2484189168714481,0.0,0.0630522972439371,0.1239781166631427,0.0,0.218239835975593,0.3580193004800859,0.3516066932838794,0.4172244917877535,0.0,0.3195287747072786,0.2934888064526439,0.3542598271359297,0.2015700149353612,0.2956919104308991,0.450795651659335,0.4645903241174125,0.332035013628644,0.3566560065274831,0.2440077813324109,0.0,0.3587055228459451,0.3366894227266484,0.229242216038161,0.2011664103428797,0.0,0.0,0.0,0.3078633335075551,0.4865828762658607,0.3256487178849228,0.3698593435451299,0.0,0.0,0.0,0.0,0.8386286360074046,0.3194085136844414,0.0,0.0,0.0,0.0,0.0,0.0,0.0,0.3623567209707917,0.0,0.0,0.0,0.0,0.0,0.5176474519031524,0.0,0.4419637963988793,0.0,0.0,0.2609657318444534,0.6414112110671695,0.0,0.2824183357122225,0.3248705242701858,0.4970871951181527,0.0,0.0,0.0,0.0,0.5706155983473584
0.2772381246821587,0.0,0.0,0.0,0.4920466987328202,0.7973289641519644,0.6644333918288665,0.4921422904474102,0.4590586785252273,0.0,0.0,0.0,0.5515526844350441,0.0,0.5789471001225401,0.5345832060724666,0.8142420391907974,0.7734371956561819,0.0,0.6305226241806051,0.4156681059583227,0.6601130337465716,0.6291125547389733,0.0,0.9585509430111584,0.9170334527108632,0.6727523292373674,0.5848802785289672,0.5039804339586418,0.0,0.2392064277368423,0.0987159621364181,0.2281716541463211,0.2366500851548313,0.0,0.0,0.0,0.0,0.190629560888633,0.3317167036808561,0.1562133643468923,0.0,0.0,0.0,0.0,0.2323722132418015,0.8334257967495456,0.0,0.0,0.0,0.7332945164939814,0.0,0.0,0.0,0.0,0.0,0.0,0.0,0.0,0.5597045481741427,0.3072276356760565,0.0,0.4765276237635948,0.0,0.4798455008003077,0.3827649663444116,0.571412717051758,0.5752542701567714,0.0,0.8408268364882553,0.7857404438146767,0.6664191321744256,0.0,0.3385104037146996,0.0,0.3023214422155953
0.0,0.0,0.0,0.2241791815438898,0.7073160754244422,0.5398539206708803,0.4514950161950135,0.5763359694492077,0.8396829244921421,0.6928123025657804,0.7500098718339194,0.4329675167754495,0.4964831598684893,0.1835358783739259,0.0,0.0,0.0,0.0,0.7973686839752697,0.0,0.0,0.0,0.6612484111937714,0.0,0.0,0.0,0.7534487753474317,0.6203661396317107,0.0,0.0,0.4474571735676553,0.307637253418046,0.3474756099742871,0.4782051423020472,0.0954923215869947,0.0,0.0,0.0,0.2580377212156161,0.0,0.3262586404873051,0.0,0.0,0.0,0.0,0.0,0.0,0.9035574727241318,0.0,0.357984602248546,0.3531223339076644,0.3388116015924148,0.4720250170533227,0.8265067040560531,0.0,0.7629972021306626,0.0,0.1343411987062141,0.0,0.0,0.0,0.0,0.0,0.694016526785604,0.0,0.0,0.0,0.6017733179936422,0.0,0.0,0.0,0.5186266107212101,0.2257728261568593,0.0,0.0,0.0
0.0,0.0,0.2241791815438898,0.0,0.4295595045349266,0.2338528056087065,0.3922667606160211,0.2882269380788254,0.3329233637631992,0.2505867368235781,0.2071996956575226,0.105017651832397,0.3504002062199631,0.0638638262692048,0.0,0.0,0.0,0.0,0.265656771071187,0.3227007905696709,0.0,0.0,0.2899708713781114,0.0,0.0,0.0,0.2726604891876066,0.422062531105179,0.3057770906896782,0.0,0.355261347179219,0.2602478323915075,0.0,0.2414028431328634,0.1387573980826666,0.0,0.0,0.3169680461727289,0.0,0.0,0.0,0.0,0.0,0.0,0.0,0.0,0.0,0.0,0.0,0.0,0.0,0.0,0.0,0.0,0.0,0.0,0.0,0.0,0.0,0.0,0.0,0.0,0.0,0.0,0.0,0.0,0.0,0.0,0.0,0.0,0.0,0.0,0.0,0.0,0.0,0.0
0.0,0.4920466987328202,0.7073160754244422,0.4295595045349266,0.0,0.5140864678925738,0.6774870802712202,0.5675889079812545,0.8413028833779482,0.6527124714359114,0.6764756618640594,0.4112784067966951,0.5840537533798938,0.1893175578800068,0.0,0.5167441399883946,0.0,0.0,0.5487025285669569,0.6517195098740491,0.0,0.606516158210556,0.5446240044050201,0.0,0.5842153435402401,0.532840494004919,0.7319649482183485,0.5931999156877482,0.5034312826453973,0.0,0.4753199192980624,0.4087926201070378,0.473511110313927,0.4396072625915275,0.0,0.0,0.0,0.5404661219417599,0.3504815323693776,0.0,0.0,0.0,0.0,0.0,0.0,0.0,0.0,0.6908380289169256,0.0,0.5164642811718144,0.2916371141439142,0.0,0.4190916585730023,0.8021619611002038,0.0,0.6557931443270252,0.0,0.0,0.0,0.0,0.0,0.0,0.0,0.4541028547068573,0.0,0.0,0.0,0.4412108931494514,0.0,0.0,0.0,0.5198577696764891,0.0,0.0,0.0,0.0
0.0271081580823471,0.7973289641519644,0.5398539206708803,0.2338528056087065,0.5140864678925738,0.0,0.6602164171751611,0.69578788811731,0.5070227732970879,0.6909944005535089,0.234203574648864,0.6464394007173908,0.6996222307974893,0.3029485081199268,0.5754559225361819,0.4384078877796621,0.6033652780554845,0.5281188698677797,0.2671113992261889,0.5238074195196254,0.4510378201410988,0.4969339784630921,0.8534368695437677,0.0,0.6878424062717462,0.7250384657094129,0.6420229027899907,0.4766162497892137,0.5260879709727613,0.2376383998166605,0.2127979464731655,0.1365642544201711,0.2414194695774165,0.2235987763484813,0.0,0.1465430106521442,0.0,0.3613405707835184,0.1070164245895982,0.0,0.0376301736591168,0.0,0.0,0.0,0.0,0.0,0.5993380463790757,0.4289476331258912,0.0,0.2163505012253839,0.7161540711415412,0.3450202956196928,0.6082407061156864,0.4857550004448574,0.0,0.2870319406485173,0.0,0.1951361312813744,0.0,0.4836614608202506,0.0,0.0,0.0,0.1906252751700715,0.2382503194799609,0.3950135364705239,0.2681534084326616,0.6837218955981335,0.0,0.0,0.5790383861705579,0.4992059326424308,0.0,0.1180870524297971,0.0198977312519762,0.0817441984130668
0.0,0.6644333918288665,0.4514950161950135,0.3922667606160211,0.6774870802712202,0.6602164171751611,0.0,0.3336285737875156,0.6479367353495366,0.7714693681192117,0.2127751209640929,0.2783343169608236,0.6693286456982535,0.0790950132597478,0.0,0.6525568229481484,0.7813358205852802,0.6723086486715406,0.3425142440710306,0.7034957226261973,0.0,0.7018773651011952,0.5121082030848014,0.0738715354969646,0.7198281025653306,0.5735274919430562,0.764871700451767,0.7365327835545232,0.769132724248815,0.0,0.5335023391385655,0.1455981200044398,0.1559220750712849,0.4066395285287799,0.0,0.0,0.0,0.432269236954355,0.1787573603232375,0.0,0.2061107439428297,0.0,0.0,0.0,0.0,0.0,0.0,0.4516039827679865,0.0,0.0,0.5599780923515364,0.0,0.2882787139263288,0.656666198678906,0.0,0.245558938338036,0.0,0.0,0.0,0.0,0.0,0.0,0.0,0.3307285208998153,0.0,0.0,0.0,0.5590161844176914,0.0,0.0,0.0,0.7662211220428219,0.0,0.0,0.0,0.0
0.2689555353755286,0.4921422904474102,0.5763359694492077,0.2882269380788254,0.5675889079812545,0.69578788811731,0.3336285737875156,0.0,0.5017408089653401,0.4690184491190963,0.5024163081005186,0.6945680197750047,0.5265036687282878,0.3145298930096056,0.4302448477926096,0.2345480511428778,0.0,0.3337604818090876,0.3352855142410636,0.3269827571498533,0.4323523820284113,0.2715963584215621,0.8403347757517662,0.6594632762949566,0.4301004200380802,0.6062007060449707,0.4000876568808629,0.3744496371231142,0.133638765783507,0.2533311794801755,0.1356528508972379,0.336591113166347,0.3346538699802075,0.1323309086059637,0.0,0.2644347370008947,0.0,0.0,0.2751715259222549,0.0,0.0387360331326644,0.0,0.1916852701093681,0.0,0.0,0.0,0.0,0.5537966319013946,0.0,0.4000343693819937,0.4379285166201148,0.2995907966371656,0.785572485593896,0.4891429570394783,0.0,0.5350153139351912,0.0,0.2829628299156247,0.2315407466515959,0.3729488358274936,0.0,0.0,0.0,0.2389715344725635,0.3827532608586859,0.3383748740278805,0.0,0.567053235305561,0.0,0.0,0.0,0.194754822230214,0.1094534610325332,0.0,0.0,0.1006509168607044
0.0,0.4590586785252273,0.8396829244921421,0.3329233637631992,0.8413028833779482,0.5070227732970879,0.6479367353495366,0.5017408089653401,0.0,0.6778964592390033,0.6831352717594109,0.4082721094398772,0.5908224775870176,0.0961945026107943,0.0,0.5621224912908006,0.0,0.4913493710505517,0.6384127124325363,0.7246964937073042,0.0,0.6833313616699829,0.5839976282781505,0.2891463043177609,0.580389771968187,0.5513449262059816,0.7740312767352373,0.6925652678173914,0.4878433206281675,0.642407700004806,0.4884871374675622,0.3338449857559879,0.3540051336115444,0.4461393393023,0.031832089221084,0.0,0.0,0.5135707112769419,0.2761286213973622,0.0,0.3289176685767297,0.0,0.0,0.0,0.0,0.0,0.0,0.8552521958928043,0.0,0.5078714042007737,0.3246597402809914,0.5044998487107285,0.451248850887864,0.9615785189987622,0.0,0.7357993548994193,0.0,0.3276051200650429,0.0,0.0,0.0,0.0,0.0,0.5238205931669849,0.0,0.0,0.0,0.5492402810281364,0.0,0.0,0.0,0.5899934070704338,0.2742432651680754,0.0,0.0,0.0
0.2484189168714481,0.0,0.6928123025657804,0.2505867368235781,0.6527124714359114,0.6909944005535089,0.7714693681192117,0.4690184491190963,0.6778964592390033,0.0,0.4094334944734745,0.5451782037094959,0.665198742385745,0.0,0.0,0.7492796640071998,0.9198302686980876,0.7585872746057759,0.5250959708187238,0.7836931169892981,0.0,0.8049157135525579,0.64673872893306,0.2469739890083767,0.9043327010510206,0.7840319538521789,0.7918340886079128,0.7082187142018294,0.6709702872118114,0.0,0.5389427332009556,0.2327366024850132,0.2993824012032903,0.4906769293882423,0.0,0.0,0.0,0.5659264778060311,0.1883407507744027,0.408695031360894,0.2732556328817304,0.0,0.0,0.0,0.5832330264462405,0.3755623673135667,0.0,0.0,0.0,0.0,0.0,0.0,0.0,0.0,0.927260438547631,0.0,0.7364424333666123,0.3467266186903993,0.0,0.0,0.0,0.8599223907749357,0.4858961546685878,0.0,0.0,0.0,0.0,0.0,0.2707848685573732,0.8248232945708602,0.8412350003265474,0.0,0.2001632022911296,0.0,0.0,0.4535822074289567
0.0,0.0,0.7500098718339194,0.2071996956575226,0.6764756618640594,0.234203574648864,0.2127751209640929,0.5024163081005186,0.6831352717594109,0.4094334944734745,0.0,0.2775192027124543,0.2641048021102135,0.164641492402671,0.0,0.0,0.322973658680499,0.0,0.6922346655292495,0.0,0.0,0.0,0.3644881042197888,0.2489093171660685,0.0,0.347247786485391,0.509946031523756,0.3479038651328898,0.0,0.0,0.2940848833405981,0.3967872767986048,0.3256899817710626,0.2409638124742726,0.0788862421596463,0.0,0.0,0.3467865721685592,0.2908008496336796,0.0,0.0,0.0,0.0,0.0,0.0,0.0,0.0,0.8820046079003788,0.0,0.4690278381314172,0.110621542855355,0.2086738423430575,0.3490814632678241,0.6123510607302705,0.0,0.9445639384988463,0.0,0.171104909201908,0.0163841313439217,0.0,0.0,0.0,0.0,0.6534087692446714,0.0,0.0,0.0,0.2786574258724828,0.0,0.0,0.0,0.2884902226250896,0.3366562358672446,0.0,0.0,0.0
0.0630522972439371,0.0,0.4329675167754495,0.105017651832397,0.4112784067966951,0.6464394007173908,0.2783343169608236,0.6945680197750047,0.4082721094398772,0.5451782037094959,0.2775192027124543,0.0,0.602770237324166,0.0,0.0,0.0,0.4599237534524316,0.4526332596624856,0.0856446932142144,0.0,0.2588677711930759,0.0,0.6254456147015149,0.787373449199085,0.4686415463345575,0.7208700255861715,0.2742298132687845,0.3748554865293196,0.0,0.0,0.0,0.0707121823523041,0.4986817971418993,0.057834771645692,0.0,0.3766348600377643,0.1034413587035089,0.3116320496996029,0.2389310409010202,0.5072271003952338,0.018935492098653,0.0,0.2990214997130974,0.0,0.4362663038829907,0.0,0.0,0.0,0.0,0.0,0.0,0.0,0.0,0.0,0.3913930293269786,0.0,0.8431852636864081,0.2221762392923543,0.0,0.0,0.0,0.3645461487754448,0.1622662185072508,0.0,0.0,0.0,0.0,0.0,0.6600360215395549,0.2614338469097301,0.493643950279012,0.0,0.1154518460564898,0.0,0.0,0.0630546380083181
0.1239781166631427,0.5515526844350441,0.4964831598684893,0.3504002062199631,0.5840537533798938,0.6996222307974893,0.6693286456982535,0.5265036687282878,0.5908224775870176,0.665198742385745,0.2641048021102135,0.602770237324166,0.0,0.1012028388076353,0.6030180913823636,0.5689022524560735,0.6778357061886002,0.7129595720588476,0.2707274832139524,0.5636639463936396,0.6362624177154039,0.5156003411730151,0.6263356224972373,0.4274236460873437,0.5505128285779717,0.6533747171197012,0.5280324924955813,0.7075317253163455,0.6656751657217812,0.3241489354444668,0.3788551685863151,0.2986848647357499,0.3857623047408611,0.3393905736385996,0.0,0.0816343079775736,0.0192236509733732,0.4479039589003707,0.2831026002537908,0.3678028791981532,0.2258222736043584,0.0,0.014505491907782,0.0,0.4238335419354552,0.0,0.0,0.4052158900885338,0.0,0.0,0.5007309483584379,0.4818426419122088,0.5753841704119242,0.0,0.0,0.2625272375163846,0.6447327315751622,0.0,0.0,0.6143924257093327,0.0,0.0,0.0,0.0,0.3350467623280608,0.0,0.3346692445840855,0.5802962398235837,0.0,0.4950815531795643,0.6543512263990235,0.4112158481701459,0.0,0.3371411862654583,0.0,0.0
0.0,0.0,0.1835358783739259,0.0638638262692048,0.1893175578800068,0.3029485081199268,0.0790950132597478,0.3145298930096056,0.0961945026107943,0.0,0.164641492402671,0.0,0.1012028388076353,0.0,0.0,0.0,0.0,0.0,0.0254736506568937,0.0,0.0405920271746376,0.0,0.3281533738542193,0.0,0.0,0.0,0.1470959660347755,0.1178591238660076,0.0,0.0,0.0,0.1038363980721204,0.0,0.0,0.0,0.4349301793116081,0.1507409544647508,0.0,0.1406878585563422,0.0,0.0,0.0,0.3578357074016292,0.0,0.0,0.0,0.0,0.2060926813936542,0.0,0.0,0.0,0.0,0.0,0.0724406108323883,0.0,0.1903334708454402,0.0,0.0,0.0,0.0,0.0,0.0,0.0,0.0,0.0,0.0,0.0,0.2929614436010693,0.0,0.0,0.0,0.1301561956566427,0.0,0.0,0.0,0.0
0.218239835975593,0.5789471001225401,0.0,0.0,0.0,0.5754559225361819,0.0,0.4302448477926096,0.0,0.0,0.0,0.0,0.6030180913823636,0.0,0.0,0.7586480229739767,0.0,0.5991785646641441,0.0,0.9021657586652704,0.8698848206171683,0.880906215958339,0.6457501666529433,0.1643696046701684,0.6446275898143164,0.6086586493631477,0.812457741475818,0.7691810161618167,0.7073459537224237,0.0,0.6402457073142384,0.2433259867224934,0.2106631295064871,0.6068732430640931,0.0,0.0,0.0,0.0,0.1238853732888423,0.1841505483927301,0.3478422288066413,0.0,0.0,0.0,0.0,0.0,0.5746128658844474,0.0,0.0,0.0,0.4396859774303498,0.0,0.4343744374685441,0.0,0.0,0.0,0.0,0.2733279809053864,0.0,0.9468041144463476,0.5409671270930411,0.0,0.0,0.0,0.5251647004517224,0.8039656491624342,0.6802378114714859,0.6989564950651702,0.0,0.6307399619297648,0.7299029730445762,0.633039164068667,0.2195420380432173,0.3425178172287902,0.0,0.4426099894122998
0.3580193004800859,0.5345832060724666,0.0,0.0,0.5167441399883946,0.4384078877796621,0.6525568229481484,0.2345480511428778,0.5621224912908006,0.7492796640071998,0.0,0.0,0.5689022524560735,0.0,0.7586480229739767,0.0,0.7778353406378699,0.7743854681201938,0.0,0.8287364998577796,0.7506676947985182,0.8740631002257853,0.4853099551757998,0.0,0.6575153563187822,0.5650340798519689,0.6852707854595277,0.7737314658506758,0.7889228975359971,0.5669051215095373,0.8329981477601013,0.2622926033915574,0.0655491687234678,0.6566658047007402,0.0054835061962995,0.0,0.0,0.0,0.0375143757873358,0.0745863532615144,0.3841307827699448,0.0,0.0,0.0,0.0,0.5116771186610669,0.5645411138404897,0.0,0.0,0.0,0.0,0.0,0.0,0.0,0.0,0.0,0.0,0.0,0.0,0.7520430501596901,0.7615364546195518,0.0,0.5915486989301832,0.0,0.4622315708399962,0.7054260445578685,0.7011243370072889,0.5923346050562187,0.0,0.6713508121992368,0.7090546951768033,0.5811033752955567,0.0,0.5023099093816259,0.0,0.5199208592601468
0.3516066932838794,0.8142420391907974,0.0,0.0,0.0,0.6033652780554845,0.7813358205852802,0.0,0.0,0.9198302686980876,0.322973658680499,0.4599237534524316,0.6778357061886002,0.0,0.0,0.7778353406378699,0.0,0.8828041072309509,0.0,0.7548859155790755,0.0,0.7999135729837771,0.0,0.2280025009708371,0.8776700196016178,0.825698974500016,0.0,0.7751503627746457,0.7088100558423776,0.0,0.5553880612150154,0.2143957935972878,0.1955966407053843,0.4537956408898922,0.0,0.0,0.0,0.5096838442750093,0.0,0.3490636048733339,0.0,0.0,0.0,0.0,0.0,0.0,0.0,0.0,0.0,0.0,0.0,0.0,0.0,0.0,0.8634510167389737,0.0,0.6305166412287302,0.0,0.0,0.0,0.0,0.9335041894273436,0.6742914959178878,0.0,0.0,0.0,0.0,0.0,0.2862999228890868,0.8378019146671974,0.8916045465270338,0.0,0.0,0.0,0.0,0.0
0.4172244917877535,0.7734371956561819,0.0,0.0,0.0,0.5281188698677797,0.6723086486715406,0.3337604818090876,0.4913493710505517,0.7585872746057759,0.0,0.4526332596624856,0.7129595720588476,0.0,0.5991785646641441,0.7743854681201938,0.8828041072309509,0.0,0.0,0.6821515831522812,0.6017428535848344,0.7066299763256627,0.451835548882613,0.3326272752013045,0.813242530655697,0.7976960321523301,0.6469588089260794,0.7197222755802645,0.6995082868811693,0.2456772855796338,0.4980403729687735,0.2498998647021807,0.3621193163178213,0.4124597324074901,0.0,0.0,0.0,0.0,0.2786217124579581,0.3950103563130162,0.3006236107855349,0.0,0.0,0.0,0.0,0.431763522087046,0.664444372729557,0.0,0.0,0.0,0.0,0.0,0.0,0.0,0.7086628665854118,0.0,0.5516999927151837,0.0,0.0,0.0,0.6685667781198467,0.8031796135890722,0.7735366188224189,0.0,0.0,0.0,0.6430437808722844,0.0,0.3094833861738114,0.7436897071931121,0.7864182702293946,0.0,0.0,0.0,0.0,0.5358184645387583
0.0,0.0,0.7973686839752697,0.265656771071187,0.5487025285669569,0.2671113992261889,0.3425142440710306,0.3352855142410636,0.6384127124325363,0.5250959708187238,0.6922346655292495,0.0856446932142144,0.2707274832139524,0.0254736506568937,0.0,0.0,0.0,0.0,0.0,0.0,0.0,0.0,0.3660696233867669,0.0,0.0,0.0,0.5815606135418377,0.4620442286662555,0.0,0.0,0.5743032960845347,0.3918504884003943,0.0,0.5481411650972414,0.2507302847254609,0.0,0.0,0.3245844406574973,0.1416057709211716,0.0,0.0,0.0,0.0,0.0,0.0,0.0,0.0,0.7608843106280279,0.0,0.210068021518313,0.150654157042187,0.271168424634016,0.1949195093538802,0.6222642659238926,0.0,0.7132862255776591,0.0,0.0771076919960816,0.0,0.0,0.0,0.0,0.0,0.9426779909923724,0.0,0.0,0.0,0.4326229907800656,0.0,0.0,0.0,0.3856305417226938,0.0,0.0,0.0,0.0
0.3195287747072786,0.6305226241806051,0.0,0.3227007905696709,0.6517195098740491,0.5238074195196254,0.7034957226261973,0.3269827571498533,0.7246964937073042,0.7836931169892981,0.0,0.0,0.5636639463936396,0.0,0.9021657586652704,0.8287364998577796,0.7548859155790755,0.6821515831522812,0.0,0.0,0.7951656879854647,1.0,0.5400254956273686,0.0,0.6984610478726392,0.598503349651948,0.8469481390965946,0.8291394470074926,0.7810455733657359,0.6743454398222478,0.7255959176904416,0.2456422424098433,0.0960711641311141,0.6066411980709793,0.0,0.0,0.0,0.0,0.1233693506775211,0.114188948777786,0.4258446714250122,0.0,0.0,0.0,0.0,0.0,0.6531372368878653,0.0,0.0,0.0,0.4166555222485447,0.0,0.2779618032002491,0.0,0.0,0.0,0.0,0.2233886088605352,0.0,0.8804890152407936,0.6316069190574133,0.0,0.0,0.0,0.5938059988181658,0.7516103001581019,0.8055201755187165,0.6329512410428773,0.0,0.7291769782659018,0.7323741061607597,0.6914973182393154,0.23517770361216,0.4505920467460304,0.1742546657711587,0.4937440701677914
0.2934888064526439,0.4156681059583227,0.0,0.0,0.0,0.4510378201410988,0.0,0.4323523820284113,0.0,0.0,0.0,0.2588677711930759,0.6362624177154039,0.0405920271746376,0.8698848206171683,0.7506676947985182,0.0,0.6017428535848344,0.0,0.7951656879854647,0.0,0.7702317804772929,0.6121900841747102,0.1308499797237124,0.5573679914328374,0.5103152106137301,0.7009170661606906,0.7356865034293524,0.7869943386834996,0.0,0.723810593495756,0.3678576271315329,0.1135353725131265,0.6308860196149165,0.0358035335576476,0.0,0.0,0.0,0.1547038539163432,0.1153971211797376,0.3397302302548796,0.0,0.0,0.0,0.0,0.5104216145922101,0.4700307392196018,0.0,0.0,0.0,0.3434367412732158,0.0,0.4594365726909756,0.0,0.0,0.0,0.0,0.4530089558600205,0.0,0.8437429925653899,0.6603905006845178,0.0,0.0,0.0,0.4712382334647108,0.906431422525817,0.6228292546836345,0.6665817963095992,0.0,0.565719049470794,0.6981040770670911,0.533724334705608,0.3006090584408193,0.4487880041424277,0.0,0.5275573440869951
0.3542598271359297,0.6601130337465716,0.0,0.0,0.606516158210556,0.4969339784630921,0.7018773651011952,0.2715963584215621,0.6833313616699829,0.8049157135525579,0.0,0.0,0.5156003411730151,0.0,0.880906215958339,0.8740631002257853,0.7999135729837771,0.7066299763256627,0.0,1.0,0.7702317804772929,0.0,0.4963333421602821,0.0,0.7592281279511927,0.6194088895723228,0.8673823490979191,0.8131654062713455,0.7849562478628903,0.6435778212040674,0.7527024940239546,0.2235391315378787,0.0869600131311188,0.616855085979657,0.0,0.0,0.0,0.0,0.0972925580255262,0.10372093127609,0.4175892525472848,0.0,0.0,0.0,0.0,0.5007071613694393,0.6764866729891835,0.0,0.0,0.0,0.4129662472450636,0.0,0.0,0.0,0.0,0.0,0.0,0.0,0.0,0.8723843524707572,0.657727145117405,0.0,0.5094084262589298,0.0,0.5773712786577695,0.7391721235868397,0.8388587079538051,0.6128234543009022,0.0,0.7728742816962059,0.7463362394761179,0.7506095717797118,0.2294973551540404,0.4844246337756854,0.0,0.5130812933020455
0.2015700149353612,0.6291125547389733,0.6612484111937714,0.2899708713781114,0.5446240044050201,0.8534368695437677,0.5121082030848014,0.8403347757517662,0.5839976282781505,0.64673872893306,0.3644881042197888,0.6254456147015149,0.6263356224972373,0.3281533738542193,0.6457501666529433,0.4853099551757998,0.0,0.451835548882613,0.3660696233867669,0.5400254956273686,0.6121900841747102,0.4963333421602821,0.0,0.4703658895772138,0.6054462288563335,0.7216391895867122,0.611704132805532,0.5127906417065736,0.4210722566734798,0.3245068790061862,0.3238802291848696,0.2615725639510515,0.2391875945056459,0.2824923502190105,0.0,0.1248901666218317,0.0,0.4478145547150326,0.1068855944584778,0.2603880047679029,0.1076389508705116,0.0,0.0,0.0,0.0,0.0,0.4815714649393394,0.5625010625434956,0.0,0.2517700958383725,0.6056033250547199,0.329876420400116,0.7729911358905431,0.5607208793810939,0.0,0.4140778418398866,0.0,0.2740048260437679,0.0878543187459302,0.5615803925265996,0.0,0.0,0.0,0.2912084749870468,0.3119555335457916,0.5263107712295994,0.327891156088964,0.8228957059837351,0.0,0.4653201937318016,0.6426287614548288,0.3964840331466638,0.0,0.0692000509132031,0.0241466972191112,0.1327719334582081
0.2956919104308991,0.0,0.0,0.0,0.0,0.0,0.0738715354969646,0.6594632762949566,0.2891463043177609,0.2469739890083767,0.2489093171660685,0.787373449199085,0.4274236460873437,0.0,0.1643696046701684,0.0,0.2280025009708371,0.3326272752013045,0.0,0.0,0.1308499797237124,0.0,0.4703658895772138,0.0,0.3086181969148051,0.5926513059508883,0.08543998029543,0.1976330817884524,0.0,0.0,0.0,0.1499881339142882,0.5518866652757913,0.0,0.0,0.5539309593198875,0.2206257382731066,0.2551364870521191,0.4192962466145161,0.57137200748392,0.0,0.0,0.0,0.0,0.3010729599798749,0.1714456151920895,0.0,0.0,0.0,0.0,0.0,0.0,0.0,0.0,0.1639994180142679,0.0,0.6114428034705729,0.0,0.0,0.0,0.0,0.1823070150450134,0.1807719687038439,0.0,0.0,0.0,0.0,0.0,0.86708808888848,0.0989240713310252,0.3879068662549904,0.0,0.2559905056706196,0.0,0.0,0.1560983183323087
0.450795651659335,0.9585509430111584,0.0,0.0,0.5842153435402401,0.6878424062717462,0.7198281025653306,0.4301004200380802,0.580389771968187,0.9043327010510206,0.0,0.4686415463345575,0.5505128285779717,0.0,0.6446275898143164,0.6575153563187822,0.8776700196016178,0.813242530655697,0.0,0.6984610478726392,0.5573679914328374,0.7592281279511927,0.6054462288563335,0.3086181969148051,0.0,0.907813530702532,0.7998629977667114,0.6281685894068453,0.6097905336533861,0.0,0.382090236850827,0.1743683790282472,0.2866645477864674,0.3377818120713135,0.0,0.0,0.0,0.4905430074340361,0.2844681580920827,0.4359170162614242,0.2646856678060894,0.0,0.0,0.0,0.0,0.4307651351733665,0.8739388059914379,0.0,0.0,0.0,0.0,0.0,0.0,0.0,0.8234848681194987,0.0,0.6090714719865103,0.2210577922064381,0.0,0.6757229660063704,0.4627320237179093,0.7797764006586755,0.5268817279813172,0.0,0.6028974191615344,0.5183097075559933,0.70697082719356,0.6045201700866357,0.2956226085736839,0.9113725371150996,0.8621749032126665,0.0,0.0,0.4960641261905865,0.0,0.4514076404261447
0.4645903241174125,0.9170334527108632,0.0,0.0,0.532840494004919,0.7250384657094129,0.5735274919430562,0.6062007060449707,0.5513449262059816,0.7840319538521789,0.347247786485391,0.7208700255861715,0.6533747171197012,0.0,0.6086586493631477,0.5650340798519689,0.825698974500016,0.7976960321523301,0.0,0.598503349651948,0.5103152106137301,0.6194088895723228,0.7216391895867122,0.5926513059508883,0.907813530702532,0.0,0.6306132210771576,0.6209804742074713,0.4668981105199658,0.0,0.2520831142368951,0.174380105434903,0.3648554772604236,0.2134002985062784,0.0,0.236313672280359,0.0,0.4714116734637585,0.291380318836731,0.4704468429239024,0.2164003479914156,0.0,0.0,0.0,0.5275954278034569,0.3698385594506436,0.6612217626143583,0.0,0.0,0.0,0.6090235485776725,0.0,0.0,0.0,0.678840166576341,0.0,0.7094041145178622,0.2721772638840838,0.0,0.6145424597041925,0.3640713351623318,0.7048722106577554,0.4994691094575186,0.0,0.5548167986924438,0.4178711663478466,0.5966809650605452,0.5880267868842376,0.5217655978614856,0.6820595124572302,0.8695906299245547,0.5611119253721302,0.2145606129605343,0.3164547109650107,0.0,0.3755791439218925
0.332035013628644,0.6727523292373674,0.7534487753474317,0.2726604891876066,0.7319649482183485,0.6420229027899907,0.764871700451767,0.4000876568808629,0.7740312767352373,0.7918340886079128,0.509946031523756,0.2742298132687845,0.5280324924955813,0.1470959660347755,0.812457741475818,0.6852707854595277,0.0,0.6469588089260794,0.5815606135418377,0.8469481390965946,0.7009170661606906,0.8673823490979191,0.611704132805532,0.08543998029543,0.7998629977667114,0.6306132210771576,0.0,0.6837317304875263,0.7449858091132485,0.5714023137791111,0.5795211556956271,0.28008587514171,0.2049890414551188,0.512393344652955,0.0,0.0,0.0,0.4703723009195439,0.2349264609133617,0.2625175016794398,0.2966954322230472,0.0,0.0,0.0,0.0,0.0,0.7695798996713737,0.6990736242531143,0.0,0.4064221449558886,0.5158470432141424,0.5382585524506285,0.328567371948015,0.8092405374806783,0.0,0.5358788067518964,0.0,0.2365830938496937,0.0,0.799825812399481,0.0,0.0,0.0,0.5142417524375799,0.6403830033793912,0.6719092217746265,0.7120361922411692,0.642017866113773,0.0,0.0,0.7144702684318484,0.8710773378533231,0.2572168560794416,0.5525042866504615,0.1380429168623749,0.4300780938338795
0.3566560065274831,0.5848802785289672,0.6203661396317107,0.422062531105179,0.5931999156877482,0.4766162497892137,0.7365327835545232,0.3744496371231142,0.6925652678173914,0.7082187142018294,0.3479038651328898,0.3748554865293196,0.7075317253163455,0.1178591238660076,0.7691810161618167,0.7737314658506758,0.7751503627746457,0.7197222755802645,0.4620442286662555,0.8291394470074926,0.7356865034293524,0.8131654062713455,0.5127906417065736,0.1976330817884524,0.6281685894068453,0.6209804742074713,0.6837317304875263,0.0,0.675797381878658,0.6025940079063463,0.6237754793276863,0.1871157084368824,0.1524235823827582,0.5098825011008383,0.0,0.0,0.0384948315492196,0.5086077542205142,0.2430922613930723,0.1997546973128188,0.4053005291029858,0.0,0.0,0.0,0.5610031776819087,0.0,0.0,0.6066776589366211,0.0,0.0,0.4675707014081288,0.0,0.3886831429342711,0.7674868975953143,0.6959955106322907,0.0,0.5459893620927249,0.4416473557368962,0.0,0.8139392141574123,0.0,0.0,0.0,0.0,0.5308056925592178,0.6983917091953138,0.6930946354210423,0.6210446581278639,0.0,0.6399493374351908,0.7769544302594409,0.6289730153219815,0.4190863411258825,0.4538127599184202,0.0,0.5643286836687611
0.2440077813324109,0.5039804339586418,0.0,0.3057770906896782,0.5034312826453973,0.5260879709727613,0.769132724248815,0.133638765783507,0.4878433206281675,0.6709702872118114,0.0,0.0,0.6656751657217812,0.0,0.7073459537224237,0.7889228975359971,0.7088100558423776,0.6995082868811693,0.0,0.7810455733657359,0.7869943386834996,0.7849562478628903,0.4210722566734798,0.0,0.6097905336533861,0.4668981105199658,0.7449858091132485,0.675797381878658,0.0,0.4722885085252757,0.7125593001541514,0.2298816222637661,0.0841751898733493,0.5678632704341963,0.0,0.0,0.0,0.0,0.1361397498486866,0.0472670974303331,0.2969165507625799,0.0,0.0,0.0,0.0,0.0,0.5621351585752706,0.3048636212801509,0.0,0.0,0.3900858138180377,0.4425299249739934,0.1654521610066142,0.5057347274279568,0.0,0.0,0.0,0.3711159540706027,0.0,0.7188094685851398,0.0,0.0,0.0,0.0,0.3818708196103301,0.7548546522273938,0.5543826746346195,0.5340688880705231,0.0,0.0,0.5961742075987834,0.6557503400689022,0.245725605070838,0.6279340843912818,0.0,0.5339189831493312
0.0,0.0,0.0,0.0,0.0,0.2376383998166605,0.0,0.2533311794801755,0.642407700004806,0.0,0.0,0.0,0.3241489354444668,0.0,0.0,0.5669051215095373,0.0,0.2456772855796338,0.0,0.6743454398222478,0.0,0.6435778212040674,0.3245068790061862,0.0,0.0,0.0,0.5714023137791111,0.6025940079063463,0.4722885085252757,0.0,0.7394037562396734,0.3767285131235478,0.0,0.6472159667012157,0.1650326777210522,0.0,0.0,0.0,0.0,0.0,0.0,0.0,0.0,0.0,0.0,0.0,0.0,0.0,0.0,0.0,0.0,0.0,0.0,0.0,0.0,0.0,0.0,0.0,0.0,0.0,0.0,0.0,0.0,0.0,0.4400311044088414,0.0,0.0,0.3747412416089682,0.0,0.0,0.0,0.3704410652144753,0.0,0.2212597313565645,0.0,0.0
0.3587055228459451,0.2392064277368423,0.4474571735676553,0.355261347179219,0.4753199192980624,0.2127979464731655,0.5335023391385655,0.1356528508972379,0.4884871374675622,0.5389427332009556,0.2940848833405981,0.0,0.3788551685863151,0.0,0.6402457073142384,0.8329981477601013,0.5553880612150154,0.4980403729687735,0.5743032960845347,0.7255959176904416,0.723810593495756,0.7527024940239546,0.3238802291848696,0.0,0.382090236850827,0.2520831142368951,0.5795211556956271,0.6237754793276863,0.7125593001541514,0.7394037562396734,0.0,0.4453534527078072,0.0,0.7201047216705299,0.1260628532600006,0.0,0.0,0.4377360547780684,0.063815799628574,0.0,0.435847326031119,0.0,0.0,0.0,0.0,0.0,0.3538089583787567,0.0,0.0,0.0,0.1137578922012915,0.0,0.1181192550528772,0.0,0.5580820134639292,0.0,0.1288310435584,0.0,0.0,0.6497835540139651,0.7164406940075358,0.5971714643546197,0.418380044549411,0.0,0.4118165482516404,0.6722961307347824,0.6377141114003982,0.4316189382933169,0.0,0.468217544640329,0.4723044646009554,0.4081007398428641,0.2210709448694538,0.4495860699412074,0.0,0.5808579709031001
0.3366894227266484,0.0987159621364181,0.307637253418046,0.2602478323915075,0.4087926201070378,0.1365642544201711,0.1455981200044398,0.336591113166347,0.3338449857559879,0.2327366024850132,0.3967872767986048,0.0707121823523041,0.2986848647357499,0.1038363980721204,0.2433259867224934,0.2622926033915574,0.2143957935972878,0.2498998647021807,0.3918504884003943,0.2456422424098433,0.3678576271315329,0.2235391315378787,0.2615725639510515,0.1499881339142882,0.1743683790282472,0.174380105434903,0.28008587514171,0.1871157084368824,0.2298816222637661,0.3767285131235478,0.4453534527078072,0.0,0.4034823486374426,0.4408683876402584,0.2617136396312324,0.0,0.0,0.3326838480476306,0.4795685423206057,0.2978649692926451,0.2835893947808636,0.0622916923770805,0.0387417685555981,0.0358936425053955,0.2587247974961423,0.3814051040102111,0.1213359764363066,0.284256414367342,0.0,0.2977122736366401,0.0470783483194691,0.295892637200267,0.2937981222752544,0.2755647633109218,0.2252389522953103,0.328534932344085,0.0987869544020843,0.3592125683611726,0.0,0.2328643011661681,0.195598943250289,0.2321613142776767,0.077362122707924,0.3144238498278845,0.3388732237861429,0.3112005420229746,0.2831990516631839,0.2108951021134519,0.1442832014046517,0.0913129982590056,0.2255641129759053,0.0384629870754434,0.29219252147433,0.2143596620434203,0.0,0.3479750701223166
0.229242216038161,0.2281716541463211,0.3474756099742871,0.0,0.473511110313927,0.2414194695774165,0.1559220750712849,0.3346538699802075,0.3540051336115444,0.2993824012032903,0.3256899817710626,0.4986817971418993,0.3857623047408611,0.0,0.2106631295064871,0.0655491687234678,0.1955966407053843,0.3621193163178213,0.0,0.0960711641311141,0.1135353725131265,0.0869600131311188,0.2391875945056459,0.5518866652757913,0.2866645477864674,0.3648554772604236,0.2049890414551188,0.1524235823827582,0.0841751898733493,0.0,0.0,0.4034823486374426,0.0,0.1429585143356553,0.1175995583804297,0.256891985653662,0.0912526120754719,0.3484306449158554,0.4916378767035336,0.7563548931899947,0.2452942829485941,0.0905702076410951,0.0,0.0,0.2951373376738513,0.2313841484012272,0.1241796874013897,0.0,0.0,0.0,0.0,0.0,0.0,0.0,0.2302665887420221,0.0,0.4154312756772286,0.0,0.0,0.1914292662618671,0.0923293495898745,0.1212873832386824,0.13041064121774,0.0,0.2982154933937657,0.0615411196787509,0.1690929691222988,0.124432478989893,0.4995199283427003,0.1315512846855349,0.2511836759661475,0.0911025875639553,0.2939148295217468,0.0,0.0,0.2843248427068958
0.2011664103428797,0.2366500851548313,0.4782051423020472,0.2414028431328634,0.4396072625915275,0.2235987763484813,0.4066395285287799,0.1323309086059637,0.4461393393023,0.4906769293882423,0.2409638124742726,0.057834771645692,0.3393905736385996,0.0,0.6068732430640931,0.6566658047007402,0.4537956408898922,0.4124597324074901,0.5481411650972414,0.6066411980709793,0.6308860196149165,0.616855085979657,0.2824923502190105,0.0,0.3377818120713135,0.2134002985062784,0.512393344652955,0.5098825011008383,0.5678632704341963,0.6472159667012157,0.7201047216705299,0.4408683876402584,0.1429585143356553,0.0,0.3270774673350896,0.0,0.0,0.4292828547849257,0.0798534408681074,0.0591219065053895,0.6104098334789928,0.0,0.0,0.0,0.3838554423933413,0.3831904836090803,0.3422077902018978,0.3598176336309449,0.0,0.0,0.1753077702330431,0.3448507384969745,0.0904874805500343,0.5074650170028641,0.5194238727637073,0.0,0.2591758942839036,0.2269141662364065,0.0,0.5474028340705586,0.5310239557488606,0.5019388031837616,0.2752444423578565,0.0,0.2886797599621913,0.6128764697859508,0.499205511016189,0.3490434399604645,0.0,0.4187154285418893,0.4096032944842006,0.3109018196059362,0.1521661654841503,0.3013847006613149,0.0,0.4197369296265126
0.0,0.0,0.0954923215869947,0.1387573980826666,0.0,0.0,0.0,0.0,0.031832089221084,0.0,0.0788862421596463,0.0,0.0,0.0,0.0,0.0054835061962995,0.0,0.0,0.2507302847254609,0.0,0.0358035335576476,0.0,0.0,0.0,0.0,0.0,0.0,0.0,0.0,0.1650326777210522,0.1260628532600006,0.2617136396312324,0.1175995583804297,0.3270774673350896,0.0,0.0,0.0,0.0,0.0,0.0,0.1915332035080173,0.0446154709748293,0.0,0.0,0.0,0.0,0.0,0.0,0.0,0.0,0.0,0.0,0.0,0.0,0.0,0.0,0.0,0.0,0.0,0.0,0.0,0.0,0.0,0.0,0.0,0.0,0.0,0.0,0.0,0.0,0.0,0.0,0.0,0.0,0.0,0.0
0.0,0.0,0.0,0.0,0.0,0.1465430106521442,0.0,0.2644347370008947,0.0,0.0,0.0,0.3766348600377643,0.0816343079775736,0.4349301793116081,0.0,0.0,0.0,0.0,0.0,0.0,0.0,0.0,0.1248901666218317,0.5539309593198875,0.0,0.236313672280359,0.0,0.0,0.0,0.0,0.0,0.0,0.256891985653662,0.0,0.0,0.0,0.4957988721516749,0.0479686793710616,0.2343179328334158,0.3548188000703033,0.0,0.215383035512871,0.7441508247750144,0.3484879543190553,0.0145401550110392,0.0,0.0,0.0,0.0,0.1910809631076651,0.1854075950862554,0.0921189602757404,0.2713368664358566,0.0,0.0,0.0,0.1808402589845062,0.0626165229904123,0.0,0.0,0.0,0.0,0.0,0.0,0.0,0.0,0.0,0.0,0.0,0.0,0.0,0.0,0.0747642769930747,0.0,0.0,0.0
0.0,0.0,0.0,0.0,0.0,0.0,0.0,0.0,0.0,0.0,0.0,0.1034413587035089,0.0192236509733732,0.1507409544647508,0.0,0.0,0.0,0.0,0.0,0.0,0.0,0.0,0.0,0.2206257382731066,0.0,0.0,0.0,0.0384948315492196,0.0,0.0,0.0,0.0,0.0912526120754719,0.0,0.0,0.4957988721516749,0.0,0.0180061807573649,0.1711896944775275,0.0,0.0,0.1215420853237971,0.4801894988313667,0.0,0.0,0.0,0.0,0.0,0.0,0.0,0.0,0.0,0.0,0.0,0.0,0.0,0.0,0.0,0.0,0.0,0.0,0.0,0.0,0.0,0.0,0.0,0.0,0.0002635050369482,0.0,0.0,0.0,0.0,0.0,0.0,0.0,0.0
0.3078633335075551,0.0,0.0,0.3169680461727289,0.5404661219417599,0.3613405707835184,0.432269236954355,0.0,0.5135707112769419,0.5659264778060311,0.3467865721685592,0.3116320496996029,0.4479039589003707,0.0,0.0,0.0,0.5096838442750093,0.0,0.3245844406574973,0.0,0.0,0.0,0.4478145547150326,0.2551364870521191,0.4905430074340361,0.4714116734637585,0.4703723009195439,0.5086077542205142,0.0,0.0,0.4377360547780684,0.3326838480476306,0.3484306449158554,0.4292828547849257,0.0,0.0479686793710616,0.0180061807573649,0.0,0.2047230869743446,0.3335274663137832,0.3109379236923982,0.0,0.0,0.0,0.4489728892218785,0.0,0.0,0.0,0.0,0.0,0.0,0.0,0.0,0.0,0.5202678611458315,0.0,0.4212182857534218,0.0,0.0,0.0,0.0,0.0,0.0,0.0,0.0,0.0,0.0,0.0,0.291637377179972,0.4642234138612167,0.5582879847428791,0.0,0.2363664653574285,0.0,0.0,0.0
0.4865828762658607,0.190629560888633,0.2580377212156161,0.0,0.3504815323693776,0.1070164245895982,0.1787573603232375,0.2751715259222549,0.2761286213973622,0.1883407507744027,0.2908008496336796,0.2389310409010202,0.2831026002537908,0.1406878585563422,0.1238853732888423,0.0375143757873358,0.0,0.2786217124579581,0.1416057709211716,0.1233693506775211,0.1547038539163432,0.0972925580255262,0.1068855944584778,0.4192962466145161,0.2844681580920827,0.291380318836731,0.2349264609133617,0.2430922613930723,0.1361397498486866,0.0,0.063815799628574,0.4795685423206057,0.4916378767035336,0.0798534408681074,0.0,0.2343179328334158,0.1711896944775275,0.2047230869743446,0.0,0.5701487999834983,0.3054172061601178,0.1724702250428209,0.4192501443894285,0.3018932129700007,0.3761795693973628,0.5196222382562584,0.2847056244925435,0.2204045420503899,0.2411460802862134,0.5110038051925185,0.183905290553401,0.3993595497892395,0.3250228017174267,0.2611251711923455,0.2767354141984754,0.3051350743739709,0.2346378649454688,0.3531198403701539,0.2454035033297013,0.1887369328959789,0.2374934053351679,0.1777065711244314,0.2339214953557039,0.0575041869955719,0.4569773735789531,0.1900067146891243,0.3171736449746673,0.1435525734085481,0.453409596251322,0.231398351641644,0.3011662813378792,0.2274593568540399,0.5879351406259993,0.3854065388346376,0.4340696705318828,0.5211586504451219
0.3256487178849228,0.3317167036808561,0.0,0.0,0.0,0.0,0.0,0.0,0.0,0.408695031360894,0.0,0.5072271003952338,0.3678028791981532,0.0,0.1841505483927301,0.0745863532615144,0.3490636048733339,0.3950103563130162,0.0,0.114188948777786,0.1153971211797376,0.10372093127609,0.2603880047679029,0.57137200748392,0.4359170162614242,0.4704468429239024,0.2625175016794398,0.1997546973128188,0.0472670974303331,0.0,0.0,0.2978649692926451,0.7563548931899947,0.0591219065053895,0.0,0.3548188000703033,0.0,0.3335274663137832,0.5701487999834983,0.0,0.2063683996767137,0.0727553180557994,0.4452457688885344,0.1680659938254977,0.4120535867242976,0.300040449208944,0.3129619439611039,0.3481441295116846,0.0,0.5860440774718769,0.3061978671789604,0.4270944443963019,0.386066965861987,0.3836863551401619,0.4473372688162982,0.4728770509027988,0.5062029797391857,0.3579893057306467,0.0,0.2227230940805556,0.1537919983355208,0.2951779628520266,0.2690169387154467,0.0959639424015566,0.4358394852062411,0.1295196583633941,0.2686278263965586,0.2133015560178943,0.598105542181269,0.3305454079519794,0.4313951217036901,0.234905995914552,0.3668124264152593,0.2400620804026025,0.306996483014493,0.3189070993516819
0.3698593435451299,0.1562133643468923,0.3262586404873051,0.0,0.0,0.0376301736591168,0.2061107439428297,0.0387360331326644,0.3289176685767297,0.2732556328817304,0.0,0.018935492098653,0.2258222736043584,0.0,0.3478422288066413,0.3841307827699448,0.0,0.3006236107855349,0.0,0.4258446714250122,0.3397302302548796,0.4175892525472848,0.1076389508705116,0.0,0.2646856678060894,0.2164003479914156,0.2966954322230472,0.4053005291029858,0.2969165507625799,0.0,0.435847326031119,0.2835893947808636,0.2452942829485941,0.6104098334789928,0.1915332035080173,0.0,0.0,0.3109379236923982,0.3054172061601178,0.2063683996767137,0.0,0.1668080212182948,0.0,0.0,0.4602897036562957,0.496649061920471,0.1915483240561284,0.2340820133458386,0.045341757121569,0.1717536219438332,0.1038659515327477,0.2230667294513088,0.1236035838228224,0.3333247354434206,0.3476724427024421,0.1740478594513544,0.1452381977493533,0.1810894085065402,0.0,0.3710764314738631,0.5015205350685861,0.2807524792897522,0.2488178348729575,0.2556757411567851,0.3627805709922883,0.3974723870922981,0.4499795388706532,0.2269732534256138,0.1692370879582594,0.2622246494843521,0.3506496169468004,0.2370008382763856,0.342084292379029,0.308318685460473,0.295433981480666,0.5152547928636267
0.0,0.0,0.0,0.0,0.0,0.0,0.0,0.0,0.0,0.0,0.0,0.0,0.0,0.0,0.0,0.0,0.0,0.0,0.0,0.0,0.0,0.0,0.0,0.0,0.0,0.0,0.0,0.0,0.0,0.0,0.0,0.0622916923770805,0.0905702076410951,0.0,0.0446154709748293,0.215383035512871,0.1215420853237971,0.0,0.1724702250428209,0.0727553180557994,0.1668080212182948,0.0,0.2454527208004823,0.1422571282257112,0.0,0.1226557056199045,0.0,0.0,0.1215267596210758,0.0,0.0,0.0,0.0,0.0,0.0,0.0,0.0,0.0846855999563099,0.0,0.0,0.0,0.0,0.0,0.0,0.0,0.0,0.0,0.0,0.0761705645474642,0.0,0.0,0.0,0.1053627237579005,0.0081778963196126,0.1099089982451223,0.1169363583687091
