0.0,0.2337919921697941,0.0,0.0,0.0,0.4252983681516603,0.0,0.367382393813966,0.0,0.0,0.0,0.0,0.0,0.2286230267492667,0.0,0.4324379657288844,0.4018866370418745,0.380029282457331,0.0,0.0,0.6045212934292288,0.0,0.4983206059125848,0.0,0.3577944881425407,0.0342055931422563,0.3384631309743945,0.1913852356944356,0.3424553049347719,0.0,0.446834162453675,0.0,0.2335697245154313,0.3764876514072948,0.1659955533848859,0.0,0.0,0.2002503115696739,0.0,0.3902787902606531,0.1953480277748844,0.0,0.0,0.0,0.0,0.626276543704276,0.2274503222373337,0.0,0.0,0.0,0.0,0.0,0.0,0.0,0.1038007260513395,0.0,0.0,0.0,0.0,0.0,0.0,0.0,0.2108288764028691,0.0,0.0,0.5704493222888577,0.0,0.4123381399411789,0.0,0.1654334409355738,0.3546476395239922,0.0,0.0,0.0,0.0,0.0
0.2337919921697941,0.0,0.0,0.0,0.0648242337958929,0.4107825694720818,0.0298362132566656,0.385960364555055,0.2288950877077357,0.0,0.0,0.0,0.3640171257524233,0.0,0.1272471354544509,0.3567786789151608,0.0,0.3960531920968482,0.0,0.1175380190253456,0.1891524254806192,0.1418026055156997,0.3955930402260432,0.0,0.4844580697658825,0.4880895207753465,0.2702362533095196,0.2391701081921602,0.2014077198238868,0.0,0.2141529278082638,0.0,0.2039138700872459,0.0635582251000275,0.0,0.0,0.0,0.0,0.0314904564258873,0.2997393024407706,0.1776923375587744,0.0,0.0,0.0,0.0,0.2014086965382728,0.4868711992949787,0.0,0.0,0.0,0.5111222116270584,0.0,0.0,0.0,0.0,0.0,0.0,0.0,0.0,0.2347449398965622,0.1555876007938023,0.0,0.1965115774673647,0.0,0.1528386451024647,0.2281344138871629,0.1363911168578299,0.4304224809085742,0.0,0.4009275741618902,0.4785590342839824,0.3562779391221252,0.0,0.3292921086244499,0.0,0.0077450920902667
0.0,0.0,0.0,0.00941017274376,0.4899300284931127,0.3696220961802961,0.2237049737496093,0.4019040553368082,0.5083298609486979,0.1322154724053613,0.603012312110365,0.0,0.4177161042051294,0.3120940417555618,0.0,0.0,0.0,0.0,0.5715590425889837,0.0,0.0,0.0,0.3736662500358342,0.0,0.0,0.0,0.4517471363503698,0.3963503888451051,0.3386339194134453,0.3151524562658832,0.239329002108464,0.0,0.0,0.0,0.0152372425718891,0.0417317398608988,0.1055598875953808,0.0,0.0,0.0,0.0,0.0,0.0653835479087715,0.0,0.0,0.0,0.0,0.6203991365495352,0.0,0.3630962623231615,0.312332119238953,0.1717281386478979,0.3288927934210362,0.4185018283068888,0.0,0.5520409387725991,0.0,0.2865205904114676,0.1120367002569973,0.0,0.0,0.0,0.0,0.4802560208337663,0.0,0.0,0.0,0.3859329856023286,0.0,0.0,0.0,0.3945427855737179,0.0,0.0,0.0,0.0
0.0,0.0,0.00941017274376,0.0,0.2049789899366585,0.146431977188937,0.2943599399340807,0.0499859324551169,0.1441498171741245,0.0,0.0681758649150219,0.0,0.0869262629050302,0.1503724342723093,0.0,0.0,0.0,0.0,-0.000242262413184,0.0,0.0,0.0,0.1583455787277284,0.0,0.0,0.0,0.155374281955273,0.1010607674214805,0.0,0.0,0.289269474059861,0.0,0.0,0.323110298901836,0.2282931736987694,0.2394854521539247,0.0113046784238712,0.0,0.0,0.0,0.0,0.0,0.0,0.0,0.0,0.0,0.0,0.0,0.0,0.0,0.0,0.0,0.0,0.0,0.0,0.0,0.0,0.0,0.0,0.0,0.0,0.0,0.0,0.0,0.0,0.0,0.0,0.0,0.0,0.0,0.0,0.0,0.0,0.0,0.0,0.0
0.0,0.0648242337958929,0.4899300284931127,0.2049789899366585,0.0,0.4295518498296965,0.4345749038405853,0.3511291995533483,0.5290348733333766,0.0,0.5672037505350486,0.0,0.4235478402836478,0.424707523708109,0.0,0.3600562329789623,0.0,0.0,0.3189438567737744,0.3533597420769773,0.0,0.2139186519321524,0.3995645337748056,0.0,0.2029226348614547,0.0862598601137763,0.5135770764893058,0.44989462254931,0.4733801229784513,0.0,0.2938690818379457,0.0,0.0,0.0518248333294828,0.1236512479897725,0.0950380792069204,0.1936956020333539,0.0353355248158399,0.0,0.0,0.0,0.0,0.2415932507990681,0.0,0.0,0.0,0.0,0.4620235478926771,0.0,0.0,0.3043221159334149,0.0,0.3926220962316559,0.5633979011346386,0.0,0.5696686983015672,0.0,0.0,0.0,0.0,0.0,0.0,0.0,0.2355733259845613,0.0,0.0,0.0,0.3820928316461213,0.0,0.0,0.0,0.4607510354103837,0.0,0.0,0.0,0.0
0.4252983681516603,0.4107825694720818,0.3696220961802961,0.146431977188937,0.4295518498296965,0.0,0.3150217383193668,0.5465036345173058,0.5056824952723619,0.0489658269236615,0.3608985073342973,0.0638206370509608,0.4941910077111868,0.3196188341592265,0.2338380394199795,0.4376994624329456,0.0,0.4678651469801331,0.2885517371098181,0.2423010404122208,0.4737779003452503,0.1576939693588429,0.5895710896364531,0.0,0.4460339588279574,0.3275580038928191,0.5468734083143802,0.3758048826747066,0.5137188896778117,0.0,0.3340403065104599,0.0,0.0674540660191704,0.1459807747738226,0.0082496245777855,0.1883977315963974,0.1605846192879822,0.1463848625730901,0.0,0.0,0.0757601326637956,0.0,0.3060924507583319,0.0,0.0,0.0,0.0,0.4055323390261121,0.0,0.423326582902806,0.5385229210446385,0.4639676770997766,0.5389010319562253,0.4762723251314693,0.0,0.4525908157743692,0.0,0.4069502481120091,0.0,0.2406490357822282,0.0,0.0,0.0,0.2491669802995744,0.2229565837659561,0.4277333278832208,0.1316102651366109,0.5683344654458825,0.0,0.0,0.4765249034760163,0.5159333951305488,0.2456656803060444,0.32819210668833,0.0,0.0
0.0,0.0298362132566656,0.2237049737496093,0.2943599399340807,0.4345749038405853,0.3150217383193668,0.0,0.1727723554244583,0.297921394473586,0.0,0.2722083056138009,0.0,0.3093355436533398,0.3346713159643008,0.0,0.331508080991233,0.2736130788021679,0.3359677634916294,0.1660700764790433,0.0999340826404462,0.0,0.0184218261629668,0.2792948370982989,0.0,0.1856525289991416,0.0,0.3089482352364046,0.2687803584193382,0.4209027539590752,0.0,0.2784204447126107,0.0,0.0,0.1376221914152366,0.1748185821100605,0.1834071377946412,0.1915803306663026,0.0970271462421697,0.0,0.0,0.0,0.0,0.2167422423249961,0.0,0.0,0.0,0.0,0.0,0.0,0.0,0.1693392187561015,0.0,0.0,0.0,0.0,0.0,0.0,0.0,0.0,0.0,0.0,0.0,0.0,0.0,0.0,0.0,0.0,0.2515011934649132,0.0,0.0,0.0,0.2768261686998918,0.0,0.0,0.0,0.0
0.367382393813966,0.385960364555055,0.4019040553368082,0.0499859324551169,0.3511291995533483,0.5465036345173058,0.1727723554244583,0.0,0.4080414305958604,0.1603658910095297,0.34936686095473,0.0,0.4259711629321667,0.3008716919098197,0.2354794837236504,0.325844810401908,0.0,0.3732633674138456,0.3402935918939135,0.258704508425424,0.3982707785732382,0.2111322547390282,0.5818946286565713,0.2118696097567,0.4124886317105017,0.3985459400685452,0.4115681726400975,0.3677655791894318,0.3342420308107813,0.1463877934465815,0.3133791456610089,0.0,0.0025172552325958,0.1006973310917642,0.0180486513206558,0.1474357691826762,0.1450691902774361,0.0,0.0,0.0,0.0576032129329627,0.0,0.184913365296965,0.0,0.0,0.0,0.0,0.4495044026755259,0.0,0.3403490627695009,0.4663587006779623,0.3399337681356372,0.5539238425477989,0.3689299314334484,0.0,0.4327303918410358,0.0,0.3899423144854845,0.2123333938851472,0.2775681111842762,0.0,0.0,0.0,0.3446467200206578,0.2126147068750643,0.3522457086972703,0.1927814098914728,0.5474954220445576,0.0,0.0,0.0,0.3953431737945858,0.2914162362165406,0.2353915917761325,0.0,0.0262227229829145
0.0,0.2288950877077357,0.5083298609486979,0.1441498171741245,0.5290348733333766,0.5056824952723619,0.297921394473586,0.4080414305958604,0.0,0.0393883586597627,0.509730488299205,0.0546121913286174,0.4431311581621139,0.2287939823212589,0.0,0.3682321470280665,0.0,0.0,0.3689260179896411,0.2773874038122564,0.0,0.1853311754355256,0.4685193424483499,0.0,0.3305349707441162,0.239916021693023,0.5291601127764122,0.3748594802592834,0.379657115145074,0.079368929905384,0.3468867543720903,0.0,0.0,0.0662760827254099,0.0473411873506057,0.1912727869718029,0.1418109407187279,0.1331636637125705,0.0,0.0,0.0,0.0,0.2597158921311813,0.0,0.0,0.0,0.0,0.5111145437495839,0.0,0.5169373943023001,0.4314747252235333,0.3871004648233474,0.4660300954477503,0.6027773205561657,0.0,0.5773919903244757,0.0,0.3283924163847223,0.222806113414989,0.0,0.0,0.0,0.0,0.2506108046085811,0.0,0.0,0.0,0.4652745067898085,0.0,0.0,0.0,0.4981665240234439,0.0,0.0,0.0,0.0
0.0,0.0,0.1322154724053613,0.0,0.0,0.0489658269236615,0.0,0.1603658910095297,0.0393883586597627,0.0,0.0,0.5353630173980999,0.1633311596129455,0.0,0.0,0.0776036329164962,0.2498511597759158,0.1803307013900539,0.2254890222703523,0.0,0.0,0.209821919646707,0.0776935462448669,0.4273340602245517,0.2789048384142149,0.394002773497895,0.0095167127990652,0.0639881163237414,0.0,0.0,0.0824576507719509,0.163373214235679,0.0699327483490033,0.0,0.0,-0.0106089671594881,0.0,0.1194603900324691,0.2740361072958489,0.0168128074677068,0.1446327611068814,0.1776421891059165,0.0,0.0,0.0963781643637188,0.0,0.0,0.0,0.0,0.0,0.0,0.0,0.0,0.0,0.5458610462470551,0.0,0.4235511304765662,0.2842396791710779,0.0,0.0,0.43576789415389,0.3693732879124786,0.2537093739247034,0.0,0.0,0.0,0.0,0.0,0.4035215967904905,0.3581972722625673,0.254412516067881,0.0,0.2276733724695966,0.0,0.0,0.4164373391897913
0.0,0.0,0.603012312110365,0.0681758649150219,0.5672037505350486,0.3608985073342973,0.2722083056138009,0.34936686095473,0.509730488299205,0.0,0.0,0.0500639361678346,0.3940900985661299,0.3186248222102242,0.0,0.0,0.0,0.0,0.4993715250473008,0.0,0.0,0.0,0.3500798713258753,0.0130465535711716,0.0,0.0,0.4591482232515494,0.4097097492369309,0.0,0.0,0.2392955788805171,0.0,0.0,0.0,0.0679070345926941,0.0128121672573306,0.0771508493469125,-0.0010691147469814,0.0,0.0,0.0,0.0,0.1663758550334418,0.0,0.0,0.0,0.0,0.579629858768165,0.0,0.4563742125442738,0.2753973807466656,0.1849505167878532,0.3202374467325011,0.4927178739535692,0.0,0.6023943416470829,0.0,0.2271878542016696,0.2262910210791752,0.0,0.0,0.0,0.0,0.4033010531051521,0.0,0.0,0.0,0.3433831329039462,0.0,0.0,0.0,0.4021358470421355,0.0,0.0,0.0,0.0
0.0,0.0,0.0,0.0,0.0,0.0638206370509608,0.0,0.0,0.0546121913286174,0.5353630173980999,0.0500639361678346,0.0,0.2477467270435238,0.0,0.0,0.0,0.1027558454651009,0.0917999866166781,0.0,0.0,0.0,0.0,0.0456343791218473,0.5192938599475372,0.168383774202677,0.4971506522668991,0.0,0.1521419367902801,0.0,0.0,0.0,0.0718349011930727,0.0,0.0,0.0,0.0,0.0,0.0386171303187885,0.244655040545334,0.0,0.002546162709927,0.1048461922207635,0.0,0.0,0.0,0.0,0.0,0.0,0.0,0.0,0.0,0.0,0.0,0.0,0.4290042604773106,0.0,0.5838737561940128,0.0,0.0,0.0,0.0,0.3477255546540866,0.1595443737384742,0.0,0.0,0.0,0.0,0.0,0.4328808816346656,0.3258216531232425,0.2533555986386298,0.0,0.3388206427777396,0.0,0.0,0.4164917738285122
0.0,0.3640171257524233,0.4177161042051294,0.0869262629050302,0.4235478402836478,0.4941910077111868,0.3093355436533398,0.4259711629321667,0.4431311581621139,0.1633311596129455,0.3940900985661299,0.2477467270435238,0.0,0.2563985580553961,0.3545759859273152,0.4188656708190169,0.3713696817043379,0.4518140598290397,0.2699853668187411,0.3955860262572446,0.2654306937225428,0.3756581936542811,0.4336219209293848,0.1237829576472835,0.2771616723828883,0.3652948923156545,0.4017318811271794,0.5712926538804526,0.4070494850534041,0.2300099299189198,0.3229622845024465,0.0,0.0,0.0,0.0,0.0790975239227088,0.2084384307007064,0.076124651871792,0.0,0.0,0.0,0.0,0.1524906459690184,0.0,0.0,0.0,0.0,0.454340531931492,0.0,0.0,0.4567324526350294,0.0,0.4162713899609925,0.0,0.0,0.0,0.0,0.0,0.0,0.0,0.0,0.0,0.0,0.0,0.3746365107079137,0.0,0.0,0.4619375312049986,0.0,0.0,0.0,0.4179421503980683,0.0,0.368883126369215,0.0,0.0
0.2286230267492667,0.0,0.3120940417555618,0.1503724342723093,0.424707523708109,0.3196188341592265,0.3346713159643008,0.3008716919098197,0.2287939823212589,0.0,0.3186248222102242,0.0,0.2563985580553961,0.0,0.0,0.0,0.0,0.0,0.1956207217551392,0.0,0.2695410205481302,0.0,0.2996271593124862,0.0,0.0,0.0,0.3199031614852648,0.3040660586820325,0.0,0.0,0.1902972720911471,0.0,0.0,0.0495985484795572,0.0,0.1770269459196715,0.2447004584833217,0.0,0.0,0.0,0.0,0.0,0.1381561116594719,0.0,0.0,0.0,0.0,0.223501262432127,0.0,0.0,0.0,0.0,0.0,0.276023757049015,0.0,0.2956799214757105,0.0,0.0,0.0,0.0,0.0,0.0,0.0,0.1335709345935402,0.0,0.0,0.0,0.2832979311654585,0.0,0.0,0.0,0.2725840047145931,0.0,0.0,0.0,0.0
0.0,0.1272471354544509,0.0,0.0,0.0,0.2338380394199795,0.0,0.2354794837236504,0.0,0.0,0.0,0.0,0.3545759859273152,0.0,0.0,0.1257294400496745,0.0,0.136921750004325,0.0,0.5737783594781233,0.0628347800708061,0.5358354263209735,0.1632734331227048,0.1558719660909353,0.0448342597522876,0.274096028064317,0.3324366151662697,0.4497289469631332,0.3062280077753316,0.333078141858764,0.0629624113530736,0.0,0.0,0.0,0.0,0.0,0.0,0.0,0.0,0.0,0.0,0.0,0.0,0.0,0.0,0.0,0.1839229981824661,0.0,0.0,0.0,0.2295751583352492,0.0,0.2107044316133094,0.0,0.0,0.0,0.0,0.0,0.0,0.5355515619192761,0.1189121725132707,0.0,0.0,0.0,0.5132288594702401,0.06514339533421,0.5271386533226534,0.2406135535637429,0.0,0.1759541177483413,0.170810065267595,0.2707453679622875,0.4835512483357023,0.2154266239146703,0.0,0.184829465818561
0.4324379657288844,0.3567786789151608,0.0,0.0,0.3600562329789623,0.4376994624329456,0.331508080991233,0.325844810401908,0.3682321470280665,0.0776036329164962,0.0,0.0,0.4188656708190169,0.0,0.1257294400496745,0.0,0.4780024179251569,0.5849822030436458,0.0,0.1958677079760149,0.4022716408265203,0.1954383905246813,0.4412114977275984,0.0,0.4569936239848214,0.2036671655162773,0.4130112826157708,0.3805698287260659,0.4172734176062045,0.033181278416102,0.4937582766147008,0.0,0.166760234913554,0.2618689620755437,0.0713621522895375,0.0,0.0,0.0,0.0,0.2819572807864784,0.089064404077892,0.0,0.0,0.0,0.0,0.4154493179591668,0.3285568895821449,0.0,0.0,0.0,0.0,0.0,0.0,0.0,0.0,0.0,0.0,0.0,0.0,0.2030748442924763,-0.0150808542202608,0.0,0.3826193153106117,0.0,0.1699773080058041,0.383622323544557,0.0636557879970227,0.0,0.0,0.344722641643198,0.409852921815688,0.4365346656435461,0.0,0.0,0.0,0.0
0.4018866370418745,0.0,0.0,0.0,0.0,0.0,0.2736130788021679,0.0,0.0,0.2498511597759158,0.0,0.1027558454651009,0.3713696817043379,0.0,0.0,0.4780024179251569,0.0,0.5666914682310629,0.0,0.0344541635655099,0.0,0.0,0.0,0.0,0.4324098859312066,0.194536175294147,0.0,0.2778941277062027,0.3006018193018531,0.0,0.4075281745664214,0.0,0.2660087955672048,0.2319191015431774,0.0,0.0,0.0,0.2089389888203542,0.0,0.3713037649302533,0.2433408227856281,0.0,0.0,0.0,0.0,0.0,0.0,0.0,0.0,0.0,0.0,0.0,0.0,0.0,0.3661579244183301,0.0,0.0,0.0,0.0,0.0,0.0,0.5007456628251176,0.4191917517970792,0.0,0.0,0.0,0.0,0.0,0.0476187437431397,0.317382479479984,0.4100455933703935,0.0,0.0,0.0,0.0,0.0
0.380029282457331,0.3960531920968482,0.0,0.0,0.0,0.4678651469801331,0.3359677634916294,0.3732633674138456,0.0,0.1803307013900539,0.0,0.0917999866166781,0.4518140598290397,0.0,0.136921750004325,0.5849822030436458,0.5666914682310629,0.0,0.0,0.1936297392777814,0.3664042867468214,0.1661321839897996,0.4288533408549878,0.0,0.46884723768298,0.2640810793285887,0.4351242689065552,0.3741374058139236,0.4210210393447458,0.0625794984001831,0.4283225848005286,0.0,0.1856722099140856,0.1913129674743204,0.0,0.0,0.0,0.0,0.0,0.3083079391860737,0.1297064941924294,0.0,0.0,0.0,0.0,0.3505988734442727,0.3549361807582863,0.0,0.0,0.0,0.0,0.0,0.0,0.0,0.3215656359940949,0.0,0.0,0.0,0.0,0.0,0.0241533180488179,0.4438678180452243,0.4393100743232647,0.0,0.0,0.0,0.0916431064092231,0.0,0.0,0.3660523851861417,0.4075367033764511,0.0,0.0,0.0,0.0,0.0
0.0,0.0,0.5715590425889837,-0.000242262413184,0.3189438567737744,0.2885517371098181,0.1660700764790433,0.3402935918939135,0.3689260179896411,0.2254890222703523,0.4993715250473008,0.0,0.2699853668187411,0.1956207217551392,0.0,0.0,0.0,0.0,0.0,0.0,0.0,0.0,0.3045767214784433,0.0,0.0,0.0,0.3445292973052472,0.2107408107636361,0.0,0.0,0.2122846526847926,0.0,0.0,0.0,0.061673050729497,0.0122207493615382,0.0060034754906796,0.0716969901584495,0.0,0.0,0.0,0.0,0.0445498935336802,0.0,0.0,0.0,0.0,0.5402801730457614,0.0,0.1836006556708601,0.2273348203934391,0.1234194023630963,0.2358033624220947,0.253436871438967,0.0,0.3793601598503862,0.0,0.0,0.0161242333456605,0.0,0.0,0.0,0.0,0.567086073172302,0.0,0.0,0.0,0.3079863101012407,0.0,0.0,0.0,0.2848269520625492,0.0,0.0,0.0,0.0
0.0,0.1175380190253456,0.0,0.0,0.3533597420769773,0.2423010404122208,0.0999340826404462,0.258704508425424,0.2773874038122564,0.0,0.0,0.0,0.3955860262572446,0.0,0.5737783594781233,0.1958677079760149,0.0344541635655099,0.1936297392777814,0.0,0.0,-0.0091457838497129,0.6177804169522944,0.1992531015832849,0.0,0.1361186538559755,0.2925982423435532,0.4077036866781258,0.4681079883302833,0.3437350693502055,0.4462496753770779,0.1167512817997756,0.0,0.0,0.0,0.0,0.0,0.0993754599928743,0.0,0.0,0.0,0.0,0.0,0.0,0.0,0.0,0.0,0.2074952427459954,0.0,0.0,0.0,0.2490933886004851,0.0,0.1665281378550248,0.0,0.0,0.0,0.0,0.2818286238054278,0.0,0.4657701040983583,0.0,0.0,0.0,0.0,0.603807681954377,0.0,0.5785533908100363,0.276045313177475,0.0,0.0,0.1993874065070682,0.3432984833936625,0.5173343158997832,0.2909959336114341,0.0,0.2931464793101987
0.6045212934292288,0.1891524254806192,0.0,0.0,0.0,0.4737779003452503,0.0,0.3982707785732382,0.0,0.0,0.0,0.0,0.2654306937225428,0.2695410205481302,0.0628347800708061,0.4022716408265203,0.0,0.3664042867468214,0.0,-0.0091457838497129,0.0,0.0,0.5190860673360047,0.0,0.287394829765793,-0.0095383597338376,0.378919150258339,0.2644092720731719,0.4087270158930746,0.0,0.4520175820247317,0.0,0.1776237587668393,0.3700708351888854,0.1634346755182542,0.3226128061723143,0.0,0.0,0.0,0.3055490420538949,0.1230406685299505,0.0,0.0,0.0,0.0,0.5470982442805766,0.2337045411799899,0.0,0.0,0.0,0.3147593962257519,0.0,0.514146366092469,0.0,0.0,0.0,0.0,0.0,0.0,0.1292884186207586,0.0,0.0,0.0,0.0,0.0,0.6124126488491826,0.0,0.4444116231737557,0.0,0.1286492809063279,0.3104163173842071,0.3590389220032384,0.0699821351990225,0.1621786177058485,0.0,0.0
0.0,0.1418026055156997,0.0,0.0,0.2139186519321524,0.1576939693588429,0.0184218261629668,0.2111322547390282,0.1853311754355256,0.209821919646707,0.0,0.0,0.3756581936542811,0.0,0.5358354263209735,0.1954383905246813,0.0,0.1661321839897996,0.0,0.6177804169522944,0.0,0.0,0.1362190721799403,0.0,0.1029401753575294,0.3372944848595671,0.2522752542412266,0.4434354323921573,0.2330802029140548,0.4957765169262575,0.1083981071216683,0.0,0.0,0.0,0.0,0.0,0.1203498087828787,0.0,-0.000478331855069,0.0,0.0,0.0,0.0,0.0,0.0,0.0,0.2261233264851419,0.0,0.0,0.0,0.213461657651161,0.0,0.0,0.0,0.0,0.0,0.0,0.0,0.0,0.4771310508753673,0.2600332338490439,0.0,0.2176866687290043,0.0,0.549493129997445,0.0,0.6148369851567038,0.2374926751911064,0.0,0.2848840990545804,0.1937786176604502,0.2097268748886475,0.5068808831606629,0.2427242384029172,0.0,0.3967686758518214
0.4983206059125848,0.3955930402260432,0.3736662500358342,0.1583455787277284,0.3995645337748056,0.5895710896364531,0.2792948370982989,0.5818946286565713,0.4685193424483499,0.0776935462448669,0.3500798713258753,0.0456343791218473,0.4336219209293848,0.2996271593124862,0.1632734331227048,0.4412114977275984,0.0,0.4288533408549878,0.3045767214784433,0.1992531015832849,0.5190860673360047,0.1362190721799403,0.0,0.0359152559172459,0.4575488623705099,0.3055158769336513,0.4926207035676163,0.3602553102035598,0.4522513573015734,0.0149258923472409,0.4091271598057518,0.0,0.0836379986719687,0.2002988298061914,0.0491726036364003,0.2127113789051679,0.15331171928501,0.1870835198337989,0.0,0.2595635442333242,0.0791813523327017,0.0,0.267051142455596,0.0,0.0,0.0,0.4230271077750437,0.4117441491250071,0.0,0.4244254288278153,0.4935047391474245,0.4306629357664572,0.5786497533746143,0.4616886212146767,0.0,0.4384352654467083,0.0,0.3771735656667222,0.2795841391887712,0.2309741391026507,0.0,0.0,0.0,0.2474816609741917,0.1533652928363293,0.4852241232765504,0.0794089621216678,0.634696981389636,0.0,0.0,0.5004707574683127,0.4633451139883839,0.2185551193951853,0.2857405812118907,0.0,0.0
0.0,0.0,0.0,0.0,0.0,0.0,0.0,0.2118696097567,0.0,0.4273340602245517,0.0130465535711716,0.5192938599475372,0.1237829576472835,0.0,0.1558719660909353,0.0,0.0,0.0,0.0,0.0,0.0,0.0,0.0359152559172459,0.0,0.1348885645970103,0.4639534673264691,0.0,0.0343680560874534,0.0,0.0,0.0,0.0769369790303668,0.0480856158263663,0.0,0.0,0.0,0.0,0.1244476425163829,0.242000330370961,0.0,0.0884487907608911,0.0851793415424276,0.0,0.0,0.0305869586149956,0.0,0.1993808489978845,0.0,0.0,0.0,0.0,0.0,0.0,0.0,0.3393587320551509,0.0,0.4297865185704455,0.0,0.0,0.0,0.4120836736921047,0.2356682250170027,0.13243289231632,0.0,0.0,0.0,0.0,0.0,0.5951448065244931,0.2789991401919631,0.2793265205233726,0.0,0.1802255235267909,0.0,0.0,0.4399376342092719
0.3577944881425407,0.4844580697658825,0.0,0.0,0.2029226348614547,0.4460339588279574,0.1856525289991416,0.4124886317105017,0.3305349707441162,0.2789048384142149,0.0,0.168383774202677,0.2771616723828883,0.0,0.0448342597522876,0.4569936239848214,0.4324098859312066,0.46884723768298,0.0,0.1361186538559755,0.287394829765793,0.1029401753575294,0.4575488623705099,0.1348885645970103,0.0,0.3896812848085093,0.4179445166428824,0.1666899828554579,0.3359244626565432,0.0,0.3278801164983881,0.0448923004048337,0.1968561125672652,0.1876132857003102,0.0,0.0,0.0,0.1721564298290203,-0.0002278753503886,0.3270792012443242,0.2240105020181724,0.0,0.0,0.0,0.2222894268822811,0.3656699136339614,0.4654404097653921,0.0,0.0,0.0,0.0,0.0,0.0,0.0,0.4426319098676808,0.0,0.00448824458584,0.0,0.0,0.1083711006905401,0.1294799143896007,0.3076801958553881,0.3029631149329689,0.0,0.1324004606322618,0.2943427391095393,0.0344546655613016,0.0,0.10450988158425,0.4663672176021737,0.5167739654546493,0.0,0.0,0.3930476163946696,0.0,-0.0084502695748273
0.0342055931422563,0.4880895207753465,0.0,0.0,0.0862598601137763,0.3275580038928191,0.0,0.3985459400685452,0.239916021693023,0.394002773497895,0.0,0.4971506522668991,0.3652948923156545,0.0,0.274096028064317,0.2036671655162773,0.194536175294147,0.2640810793285887,0.0,0.2925982423435532,-0.0095383597338376,0.3372944848595671,0.3055158769336513,0.4639534673264691,0.3896812848085093,0.0,0.2154993427594,0.2181076203511205,0.1712581420882562,0.0,0.1023055778483145,0.015279037148956,0.0526806068084952,0.0,0.0,0.0,0.0,0.0900442914643951,0.0834595999461474,0.1012073437827648,0.0661486372574566,0.0,0.0,0.0,0.0840422927603014,0.0908434293306022,0.3767851868540054,0.0,0.0,0.0,0.3551810310464536,0.0,0.0,0.0,0.3729217068025509,0.0,0.3489298735950058,0.0,0.0,0.2555334949639231,0.292366086217432,0.3538673805877874,0.1880402808697823,0.0,0.2518499608732248,0.0291401591816978,0.3131818330787115,0.3395983769564003,0.3843394089899409,0.3941736720972018,0.4688765638378172,0.2404310334557227,0.0,0.2285631470851267,0.0,0.2535839157562306
0.3384631309743945,0.2702362533095196,0.4517471363503698,0.155374281955273,0.5135770764893058,0.5468734083143802,0.3089482352364046,0.4115681726400975,0.5291601127764122,0.0095167127990652,0.4591482232515494,0.0,0.4017318811271794,0.3199031614852648,0.3324366151662697,0.4130112826157708,0.0,0.4351242689065552,0.3445292973052472,0.4077036866781258,0.378919150258339,0.2522752542412266,0.4926207035676163,0.0,0.4179445166428824,0.2154993427594,0.0,0.4017747511389828,0.5166273924167066,0.0707488468266465,0.3103788898742068,0.0,0.0,0.0532909361837739,0.0,0.1128450453894499,0.147859521825576,0.0,0.0,0.1494863845941993,0.0,0.0,0.2482823286167257,0.0,0.0,0.0,0.3921393200605754,0.4608289725906079,0.0,0.4790230602089136,0.501371475298165,0.4624214472921916,0.4501222855985121,0.4938285062516888,0.0,0.5030953813802155,0.0,0.3337491464357516,0.2630153923545785,0.3231112787417809,0.0,0.0,0.0,0.3236154226709505,0.3947523088681338,0.3342611859450863,0.2422059378403399,0.5213307715779386,0.0,0.0,0.3917713830561989,0.6384146344784083,0.3332446984412583,0.4219104282466044,0.0495101284056406,0.0
0.1913852356944356,0.2391701081921602,0.3963503888451051,0.1010607674214805,0.44989462254931,0.3758048826747066,0.2687803584193382,0.3677655791894318,0.3748594802592834,0.0639881163237414,0.4097097492369309,0.1521419367902801,0.5712926538804526,0.3040660586820325,0.4497289469631332,0.3805698287260659,0.2778941277062027,0.3741374058139236,0.2107408107636361,0.4681079883302833,0.2644092720731719,0.4434354323921573,0.3602553102035598,0.0343680560874534,0.1666899828554579,0.2181076203511205,0.4017747511389828,0.0,0.3834856078822536,0.3174552694057433,0.3411892903244825,0.0,0.0,0.0,0.0,0.0916029549082756,0.290610830769471,0.0079673378739471,0.0,0.0181693914012757,0.0,0.0,0.1518397871769896,0.0,0.0,0.0,0.0,0.4336544637316336,0.0,0.0,0.3748510916078181,0.0,0.376577175570329,0.0,0.0,0.0,0.1618196579354056,0.0,0.0,0.4401182013104662,0.0,0.0,0.0,0.0,0.454457097985824,0.2398879263358368,0.418739286947356,0.4219407406539802,0.0,0.0,0.0,0.4192146064315,0.5810228208075182,0.3285645556203732,0.0,0.1095848357143525
0.3424553049347719,0.2014077198238868,0.3386339194134453,0.0,0.4733801229784513,0.5137188896778117,0.4209027539590752,0.3342420308107813,0.379657115145074,0.0,0.0,0.0,0.4070494850534041,0.0,0.3062280077753316,0.4172734176062045,0.3006018193018531,0.4210210393447458,0.0,0.3437350693502055,0.4087270158930746,0.2330802029140548,0.4522513573015734,0.0,0.3359244626565432,0.1712581420882562,0.5166273924167066,0.3834856078822536,0.0,0.0790544298260651,0.3251872300626746,0.0,0.0057624639345518,0.0792704248083547,0.0501199647246522,0.1256355159437106,0.1670376884710921,0.0,0.0,0.0,0.0,0.0,0.231059123669715,0.0,0.0,0.0,0.30163774379856,0.0,0.0,0.0,0.3387460768957787,0.0,0.364541618858261,0.0,0.0,0.0,0.0,0.2794057278557061,0.0,0.2020339551741916,0.0,0.0,0.0,0.0,0.2701171816049773,0.3606401095212344,0.1761937774886622,0.4276911304799443,0.0,0.0,0.310059627451454,0.4480508607021349,0.2649989973716897,0.3363003411036838,0.0,0.0
0.0,0.0,0.3151524562658832,0.0,0.0,0.0,0.0,0.1463877934465815,0.079368929905384,0.0,0.0,0.0,0.2300099299189198,0.0,0.333078141858764,0.033181278416102,0.0,0.0625794984001831,0.0,0.4462496753770779,0.0,0.4957765169262575,0.0149258923472409,0.0,0.0,0.0,0.0707488468266465,0.3174552694057433,0.0790544298260651,0.0,0.0833499364767523,0.0563175166817312,0.0,0.0,0.0,0.0,0.0,0.0,0.1660823043964019,0.0,0.0,0.0,0.0,0.0,0.0,0.0,0.0,0.0,0.0,0.0,0.0489751600449797,0.0,0.0,0.0,0.0,0.0,0.0,0.0,0.0,0.0,0.0,0.0,0.0,0.0,0.4131883371007926,0.0,0.0,0.0847729501888734,0.0,0.0,0.0,0.044739883918034,0.0,0.1788596883513885,0.0,0.0
0.446834162453675,0.2141529278082638,0.239329002108464,0.289269474059861,0.2938690818379457,0.3340403065104599,0.2784204447126107,0.3133791456610089,0.3468867543720903,0.0824576507719509,0.2392955788805171,0.0,0.3229622845024465,0.1902972720911471,0.0629624113530736,0.4937582766147008,0.4075281745664214,0.4283225848005286,0.2122846526847926,0.1167512817997756,0.4520175820247317,0.1083981071216683,0.4091271598057518,0.0,0.3278801164983881,0.1023055778483145,0.3103788898742068,0.3411892903244825,0.3251872300626746,0.0833499364767523,0.0,0.0,0.1646211025634908,0.2847625304021406,0.0982130731047136,0.2837880453861937,0.1293130421808205,0.2846964821464171,0.0,0.2509995636536187,0.1132798990049154,0.0,0.0,0.0,0.0,0.4541416792626654,0.24469493634335,0.0,0.0,0.0,0.2878428949834861,0.0,0.4072119524739456,0.0,0.2997459814044296,0.0,0.0,0.0,0.0,0.174294654536868,0.0486095359096245,0.3216011627157006,0.4034780460258108,0.0,0.1105685096742904,0.4411987642805963,0.0337369510507755,0.4062299597445492,0.0701169473735409,0.2920386760707527,0.3509603502594965,0.3271294292524883,0.1695471069955244,0.2939106336816384,0.0,0.0
0.0,0.0,0.0,0.0,0.0,0.0,0.0,0.0,0.0,0.163373214235679,0.0,0.0718349011930727,0.0,0.0,0.0,0.0,0.0,0.0,0.0,0.0,0.0,0.0,0.0,0.0769369790303668,0.0448923004048337,0.015279037148956,0.0,0.0,0.0,0.0563175166817312,0.0,0.0,0.1415462880571386,0.0,0.0,0.0,0.0,0.0506000522361891,0.4236680610520535,0.0236718906063659,0.1398358564994851,0.219775347735528,0.0,0.0111685787697606,0.0,0.0,0.0,0.0,0.0,0.0,0.0,0.0,0.0,0.0,0.0596869593253577,0.0,0.0181780251299991,0.0,0.0,0.0,0.0945446706758734,0.0,0.0,0.0445467377830847,0.0,0.0,0.0,0.0,0.0400834187542007,-0.0085561721520865,0.0,0.0,0.0,0.0,0.1802034847774829,0.0962409209923835
0.2335697245154313,0.2039138700872459,0.0,0.0,0.0,0.0674540660191704,0.0,0.0025172552325958,0.0,0.0699327483490033,0.0,0.0,0.0,0.0,0.0,0.166760234913554,0.2660087955672048,0.1856722099140856,0.0,0.0,0.1776237587668393,0.0,0.0836379986719687,0.0480856158263663,0.1968561125672652,0.0526806068084952,0.0,0.0,0.0057624639345518,0.0,0.1646211025634908,0.1415462880571386,0.0,0.3300094260595587,0.0,0.1637399225199917,0.0,0.3155103864981597,0.167114882338158,0.460507942899791,0.4924951372690035,0.1272060738177591,0.0,0.0,0.2920535865325371,0.2174251096629093,0.0598906071049063,0.0,0.0,0.0,0.0,0.0,0.0,0.0,0.1420907344781492,0.0,0.0,0.0,0.0,0.0,0.0554367673584746,0.1492966600691155,0.1211132028213067,0.0,0.0,0.2023531722274309,0.0,0.0285619737922483,0.0742820334929388,0.0449456039358729,0.1296622225638713,0.0,0.0,0.0218238045500354,0.0,0.0
0.3764876514072948,0.0635582251000275,0.0,0.323110298901836,0.0518248333294828,0.1459807747738226,0.1376221914152366,0.1006973310917642,0.0662760827254099,0.0,0.0,0.0,0.0,0.0495985484795572,0.0,0.2618689620755437,0.2319191015431774,0.1913129674743204,0.0,0.0,0.3700708351888854,0.0,0.2002988298061914,0.0,0.1876132857003102,0.0,0.0532909361837739,0.0,0.0792704248083547,0.0,0.2847625304021406,0.0,0.3300094260595587,0.0,0.2462246883951341,0.2465071668195935,0.0146605756509001,0.1923609049595543,0.0,0.3901128814619716,0.3481826768225716,0.0,0.3516994898798536,0.0,0.2250802768476299,0.3639660009083867,0.042520544613189,0.0,0.0,0.0,0.0723389064986697,0.0,0.1961266720729778,0.0,0.0853136004578163,0.0,0.0,-0.0040236876566416,0.0,0.0,0.0,0.0302894187467436,0.049704557612183,0.0,0.0,0.353956285739149,0.0,0.1121134666618389,0.0,0.0185371339259552,0.1386669843428702,0.0796051441586753,0.0,0.0241910275128049,0.0,0.0
0.1659955533848859,0.0,0.0152372425718891,0.2282931736987694,0.1236512479897725,0.0082496245777855,0.1748185821100605,0.0180486513206558,0.0473411873506057,0.0,0.0679070345926941,0.0,0.0,0.0,0.0,0.0713621522895375,0.0,0.0,0.061673050729497,0.0,0.1634346755182542,0.0,0.0491726036364003,0.0,0.0,0.0,0.0,0.0,0.0501199647246522,0.0,0.0982130731047136,0.0,0.0,0.2462246883951341,0.0,0.1012285613859669,0.0,0.0168881176522923,0.0,0.0,0.0,0.0,0.0975469579357729,0.0,0.0060615778765095,0.1984128864165851,0.0,0.0,0.0,0.0,0.0,0.0,0.0,0.0,0.0,0.0,0.0,0.0,0.0,0.0,0.0,0.0,0.0,0.0,0.0,0.1238954346794753,0.0,0.0,0.0,0.0,0.0,0.0,0.0,0.0,0.0,0.0
0.0,0.0,0.0417317398608988,0.2394854521539247,0.0950380792069204,0.1883977315963974,0.1834071377946412,0.1474357691826762,0.1912727869718029,-0.0106089671594881,0.0128121672573306,0.0,0.0790975239227088,0.1770269459196715,0.0,0.0,0.0,0.0,0.0122207493615382,0.0,0.3226128061723143,0.0,0.2127113789051679,0.0,0.0,0.0,0.1128450453894499,0.0916029549082756,0.1256355159437106,0.0,0.2837880453861937,0.0,0.1637399225199917,0.2465071668195935,0.1012285613859669,0.0,0.2579442126731084,0.2005463402684953,0.0,0.2224302428093007,0.1291867405010485,0.0450288951238254,0.2626541046825895,0.0,0.0,0.0,0.0,0.0217746296136841,0.0,0.1949711774480136,0.1185610697022874,0.2463270844258403,0.2535595477523419,0.2114554993506814,0.0,0.117490287078637,0.0,0.0881065777017058,0.1691207593648236,0.0,0.0,0.0,0.0,0.0,0.0,0.0,0.0,0.1806496800531068,0.0,0.0,0.0,0.1286703198777655,0.0,0.0890542933436516,0.0,0.0
0.0,0.0,0.1055598875953808,0.0113046784238712,0.1936956020333539,0.1605846192879822,0.1915803306663026,0.1450691902774361,0.1418109407187279,0.0,0.0771508493469125,0.0,0.2084384307007064,0.2447004584833217,0.0,0.0,0.0,0.0,0.0060034754906796,0.0993754599928743,0.0,0.1203498087828787,0.15331171928501,0.0,0.0,0.0,0.147859521825576,0.290610830769471,0.1670376884710921,0.0,0.1293130421808205,0.0,0.0,0.0146605756509001,0.0,0.2579442126731084,0.0,0.0085222475097586,0.0,0.0206961420598777,0.0,0.0,0.0797608042013429,0.0986329804871398,0.0,0.0,0.0,0.0,0.0,0.0,0.0,0.0,0.0,0.0,0.0,0.0,0.009949912291465,0.0,0.0,0.0,0.0,0.0,0.0,0.0,0.0,0.0,0.0,0.0,0.0,0.0,0.0,0.0,0.0,0.0,0.0,0.0
0.2002503115696739,0.0,0.0,0.0,0.0353355248158399,0.1463848625730901,0.0970271462421697,0.0,0.1331636637125705,0.1194603900324691,-0.0010691147469814,0.0386171303187885,0.076124651871792,0.0,0.0,0.0,0.2089389888203542,0.0,0.0716969901584495,0.0,0.0,0.0,0.1870835198337989,0.1244476425163829,0.1721564298290203,0.0900442914643951,0.0,0.0079673378739471,0.0,0.0,0.2846964821464171,0.0506000522361891,0.3155103864981597,0.1923609049595543,0.0168881176522923,0.2005463402684953,0.0085222475097586,0.0,0.0265258005132143,0.2246996365533,0.2572548402531285,0.0953566430648414,0.0,0.0,0.3154827453768432,0.0,0.0,0.0,0.0,0.0,0.0,0.0,0.0,0.0,0.1600770071084781,0.0,0.0,0.0,0.0,0.0,0.0,0.0,0.0,0.0,0.0,0.0,0.0,0.0,0.1675299486696936,0.0969034093034387,0.1794950082929221,0.0,0.0,0.0,0.0,0.0
0.0,0.0314904564258873,0.0,0.0,0.0,0.0,0.0,0.0,0.0,0.2740361072958489,0.0,0.244655040545334,0.0,0.0,0.0,0.0,0.0,0.0,0.0,0.0,0.0,-0.000478331855069,0.0,0.242000330370961,-0.0002278753503886,0.0834595999461474,0.0,0.0,0.0,0.1660823043964019,0.0,0.4236680610520535,0.167114882338158,0.0,0.0,0.0,0.0,0.0265258005132143,0.0,0.0,0.2296887304475093,0.2784166459847122,0.0,0.124146752196724,0.0418822070941423,0.0,0.0394444806564116,0.0,0.0332249715030881,0.0,0.0,0.0,0.0,0.0,0.1909885139302402,0.0,0.1925514117241035,0.0,0.0,0.0,0.2482604393333079,0.0157481432930371,0.0,0.0832569205765312,0.0,0.0,0.0161854319962215,0.0,0.2372149668854789,0.054853727396672,0.0,0.0,0.0,0.0,0.2641263114968933,0.2327118110219031
0.3902787902606531,0.2997393024407706,0.0,0.0,0.0,0.0,0.0,0.0,0.0,0.0168128074677068,0.0,0.0,0.0,0.0,0.0,0.2819572807864784,0.3713037649302533,0.3083079391860737,0.0,0.0,0.3055490420538949,0.0,0.2595635442333242,0.0,0.3270792012443242,0.1012073437827648,0.1494863845941993,0.0181693914012757,0.0,0.0,0.2509995636536187,0.0236718906063659,0.460507942899791,0.3901128814619716,0.0,0.2224302428093007,0.0206961420598777,0.2246996365533,0.0,0.0,0.438964745202179,0.0,0.3460539867919567,0.0,0.2440328184521004,0.360365771952612,0.1646555357331735,0.0,0.0,0.1929953848337207,0.2890367512602372,0.3938265916809071,0.2590603583698222,0.1925111394417666,0.2071663105561297,0.0888835519493383,0.0,0.1901039922170566,0.0,0.0013282819094157,0.0,0.2229216204914405,0.1529735541320342,0.0,0.0,0.3375163845091863,0.0,0.2169673908249999,0.0281450714713467,0.1118987379759066,0.278210418369105,0.2332077519051724,0.0,0.2031994568396837,0.0,0.0
0.1953480277748844,0.1776923375587744,0.0,0.0,0.0,0.0757601326637956,0.0,0.0576032129329627,0.0,0.1446327611068814,0.0,0.002546162709927,0.0,0.0,0.0,0.089064404077892,0.2433408227856281,0.1297064941924294,0.0,0.0,0.1230406685299505,0.0,0.0791813523327017,0.0884487907608911,0.2240105020181724,0.0661486372574566,0.0,0.0,0.0,0.0,0.1132798990049154,0.1398358564994851,0.4924951372690035,0.3481826768225716,0.0,0.1291867405010485,0.0,0.2572548402531285,0.2296887304475093,0.438964745202179,0.0,0.1648005024424564,0.1169567245883855,0.0,0.226406731235239,0.1837009138742638,0.0839369001127306,0.0,0.332563195719884,0.0,0.0972123733845431,0.1880029756305481,0.1045667338256361,0.0,0.2065611784921575,0.0,0.0,0.034758585111256,0.0,0.0,0.0884302445777695,0.1470769939701338,0.1148754413667616,0.0,0.0,0.1865089613359789,0.0,0.0426567219445011,0.1216771856665069,0.0635388266214216,0.1514651061157496,0.0075923764715173,0.0,0.0761277417861891,0.0100674830355573,0.0
0.0,0.0,0.0,0.0,0.0,0.0,0.0,0.0,0.0,0.1776421891059165,0.0,0.1048461922207635,0.0,0.0,0.0,0.0,0.0,0.0,0.0,0.0,0.0,0.0,0.0,0.0851793415424276,0.0,0.0,0.0,0.0,0.0,0.0,0.0,0.219775347735528,0.1272060738177591,0.0,0.0,0.0450288951238254,0.0,0.0953566430648414,0.2784166459847122,0.0,0.1648005024424564,0.0,0.0,0.1352297120091599,0.08045322305938,0.0,0.0,0.0,0.0763282617236678,0.0,0.0,0.0,0.0,0.0,0.0881772716003929,0.0,0.0959269593868226,0.0,0.0,0.0,0.1297755040992315,0.0,0.0,0.0,0.0,0.0,0.0,0.0,0.086147343814803,0.0,0.0,0.0,0.0,0.0,0.0898436952170747,0.152327051411383
0.0,0.0,0.0653835479087715,0.0,0.2415932507990681,0.3060924507583319,0.2167422423249961,0.184913365296965,0.2597158921311813,0.0,0.1663758550334418,0.0,0.1524906459690184,0.1381561116594719,0.0,0.0,0.0,0.0,0.0445498935336802,0.0,0.0,0.0,0.267051142455596,0.0,0.0,0.0,0.2482823286167257,0.1518397871769896,0.231059123669715,0.0,0.0,0.0,0.0,0.3516994898798536,0.0975469579357729,0.2626541046825895,0.0797608042013429,0.0,0.0,0.3460539867919567,0.1169567245883855,0.0,0.0,0.0,0.0812374606656045,0.0,0.0,0.0881125621125456,0.3265626290851031,0.3982981787940309,0.2371541573243926,0.355531848194631,0.2964500807545674,0.365327243690266,0.0426459842505498,0.2760795541340774,0.0,0.1516806664878973,0.4019836605608379,0.0,0.0,0.1451534416041191,0.0,0.0,0.0,0.366860104559059,0.0,0.2293284392794223,0.0,0.0834355810169387,0.2004216222291147,0.2821482385042674,0.0,0.1349529176326968,0.0,0.0
0.0,0.0,0.0,0.0,0.0,0.0,0.0,0.0,0.0,0.0,0.0,0.0,0.0,0.0,0.0,0.0,0.0,0.0,0.0,0.0,0.0,0.0,0.0,0.0,0.0,0.0,0.0,0.0,0.0,0.0,0.0,0.0111685787697606,0.0,0.0,0.0,0.0,0.0986329804871398,0.0,0.124146752196724,0.0,0.0,0.1352297120091599,0.0,0.0,0.0,0.0,0.0,0.0,0.0,0.0,0.0,0.0,0.0,0.0,0.0900939741787492,0.0,0.3138269090543683,0.0334202716808135,0.0,0.0,0.0,0.0,0.0,0.0535959264139189,0.0,0.0,0.0,0.0,0.0,0.0,0.0,0.0,0.1382163596883412,0.0082200596573264,0.0,0.2531393344806224
0.0,0.0,0.0,0.0,0.0,0.0,0.0,0.0,0.0,0.0963781643637188,0.0,0.0,0.0,0.0,0.0,0.0,0.0,0.0,0.0,0.0,0.0,0.0,0.0,0.0305869586149956,0.2222894268822811,0.0840422927603014,0.0,0.0,0.0,0.0,0.0,0.0,0.2920535865325371,0.2250802768476299,0.0060615778765095,0.0,0.0,0.3154827453768432,0.0418822070941423,0.2440328184521004,0.226406731235239,0.08045322305938,0.0812374606656045,0.0,0.0,0.2706909490885105,0.0,0.0,0.2487253927144575,0.1281819471405367,0.0,0.2774025646164601,0.0,0.1372363021343096,0.2276812335262397,0.0337231396526248,0.0,0.1612106165858997,0.0,0.0,0.0,0.2056865918673856,0.1501889129641241,0.0,0.0,0.0,0.0,0.0,0.090017741655302,0.1008251653335826,0.2442160937573921,0.0,0.0,0.0,0.0,0.0
0.626276543704276,0.2014086965382728,0.0,0.0,0.0,0.0,0.0,0.0,0.0,0.0,0.0,0.0,0.0,0.0,0.0,0.4154493179591668,0.0,0.3505988734442727,0.0,0.0,0.5470982442805766,0.0,0.0,0.0,0.3656699136339614,0.0908434293306022,0.0,0.0,0.0,0.0,0.4541416792626654,0.0,0.2174251096629093,0.3639660009083867,0.1984128864165851,0.0,0.0,0.0,0.0,0.360365771952612,0.1837009138742638,0.0,0.0,0.0,0.2706909490885105,0.0,0.2534629240878422,0.0,0.0,0.0,0.3054162686294857,0.0,0.4754689255273498,0.0,0.1489142443098398,0.0,0.0,0.1751974390323674,0.3323186047917962,0.0350583233080341,0.0,0.1952141769598186,0.2645527051326787,0.0,0.0,0.5441015367847951,0.0,0.4271111497330486,0.0,0.2230313518591173,0.4178099714946292,0.3342818627739693,0.0460806879758892,0.2067225822416443,0.0,0.0
0.2274503222373337,0.4868711992949787,0.0,0.0,0.0,0.0,0.0,0.0,0.0,0.0,0.0,0.0,0.0,0.0,0.1839229981824661,0.3285568895821449,0.0,0.3549361807582863,0.0,0.2074952427459954,0.2337045411799899,0.2261233264851419,0.4230271077750437,0.1993808489978845,0.4654404097653921,0.3767851868540054,0.3921393200605754,0.0,0.30163774379856,0.0,0.24469493634335,0.0,0.0598906071049063,0.042520544613189,0.0,0.0,0.0,0.0,0.0394444806564116,0.1646555357331735,0.0839369001127306,0.0,0.0,0.0,0.0,0.2534629240878422,0.0,0.0,0.0,0.0,0.5051731399777214,0.3937227431429357,0.416824906162748,0.2150943000946871,0.4353515962528366,0.0,0.0,0.4240157347409315,0.0,0.2368131804510743,0.2311050372555237,0.3875940261367371,0.2726441097693419,0.0,0.2030057719136682,0.2494793257752115,0.1917533370542345,0.4951190525097205,0.0,0.5266194127057386,0.5109101933680263,0.3725418023315477,0.2140838583830566,0.3528389722882234,0.0,0.0612468740004108
0.0,0.0,0.6203991365495352,0.0,0.4620235478926771,0.4055323390261121,0.0,0.4495044026755259,0.5111145437495839,0.0,0.579629858768165,0.0,0.454340531931492,0.223501262432127,0.0,0.0,0.0,0.0,0.5402801730457614,0.0,0.0,0.0,0.4117441491250071,0.0,0.0,0.0,0.4608289725906079,0.4336544637316336,0.0,0.0,0.0,0.0,0.0,0.0,0.0,0.0217746296136841,0.0,0.0,0.0,0.0,0.0,0.0,0.0881125621125456,0.0,0.0,0.0,0.0,0.0,0.0,0.3569285991638139,0.3665172626659032,0.2207285562507082,0.3747029711107324,0.4013807401304798,0.269786844533376,0.5638849987280588,0.0,0.3501981905091552,0.1070421734944953,0.0,0.0,0.0,0.0,0.543570596898012,0.0,0.1340232438217582,0.0,0.4332752908831715,0.0,0.0,0.3464645801124854,0.4284664296988721,0.4208912488630015,0.3055604606562755,0.1846510188839995,0.1931536246399798
