0.0,0.296491907765159,0.0,0.0,0.0,0.0771442890547641,0.0,0.2394955423437149,0.0,0.2650678862339768,0.0,0.1840788592478871,0.0,0.0,0.4257538663569637,0.2714803446306512,0.3046737882556586,0.1312055853581043,0.0,0.4197730956798653,0.5050494991092352,0.3931679455638876,0.1928934322082463,0.3736808492581415,0.4287247821505207,0.4874744414942223,0.3087307298552893,0.3184416737498539,0.3813330690045043,0.0,0.3400884119162232,0.0,0.1353943343882079,0.0117519330697252,0.0,0.0,0.0,0.0,0.0631885961234721,0.3699994909392102,0.1102693495429786,0.0,0.0,0.0,0.0,0.6112509801839712,0.0338833298923472,0.0,0.0,0.0,0.0,0.0,0.0,0.0,0.1529268755605415,0.0,0.0,0.0,0.0,0.0,0.2441271728102097,0.0,0.3314290091954454,0.0,0.0,0.3139445698887599,0.3437680684518212,0.0,0.3552575614221849,0.2349503422252694,0.2885248123656506,0.0,0.0,0.0,0.0,0.0
0.296491907765159,0.0,0.0,0.0,0.2819139617264539,0.6797973314263447,0.5063783354743874,0.4463323160042812,0.3466958394186149,0.0,0.0,0.0,0.5508815882356116,0.0,0.320568613610147,0.6503337749991783,0.0,0.4417868871565177,0.0,0.2607399436671012,0.3498733330950641,0.4858381752418017,0.467875390745042,0.0,0.7113907534172754,0.678468438202399,0.4093694643633296,0.377002869965829,0.506722466725667,0.0,0.2479531134469978,0.0849957671626498,0.1205047989214132,0.162246053671158,0.1335810908790791,0.0,0.0,0.0,0.0,0.2810972842511172,0.0,0.0,0.0,0.0,0.0,0.0602127707082691,0.1372681154956351,0.0,0.0,0.0,0.0,0.0,0.0,0.0,0.0,0.0,0.0,0.0,0.0,0.3459320390011823,0.0,0.0,0.2263918276021932,0.0,0.3610450167412015,0.0978659962708729,0.2059833077234628,0.3383508509290858,0.0,0.1031946715980439,0.1435904610296987,0.3807753270576561,0.0,0.074369603777741,0.0,0.0
0.0,0.0,0.0,0.0,0.2894998613665859,0.1333046808340824,0.0,0.2806708251841837,0.5872770766200717,0.0016307683580584,0.6042120873638485,0.0,0.2510745268501548,0.0504226673609459,0.0,0.0,0.0,0.0,0.5376938469274484,0.0,0.0,0.0,0.341167790243105,0.0,0.0,0.0,0.5200835154328483,0.3560285715679926,0.0,0.1807893924598154,0.2249702216054068,0.0,0.0,0.1719005033877313,0.0,0.4174798325274751,0.0460219899283767,0.0,0.0,0.0,0.0,0.0,0.1976822910934203,0.0,0.0,0.0,0.0,0.6758377398557457,0.0,0.3217384533565022,0.0509087609890349,0.0,0.1469823063100305,0.6871495290688966,0.0,0.4598175820593305,0.0,0.0,0.1438295650975973,0.0,0.0,0.0,0.0,0.5718743576474422,0.0,0.0,0.0,0.17121114097593,0.0,0.0,0.0,0.2493640588885628,0.0,0.0,0.0,0.0
0.0,0.0,0.0,0.0,0.2261555516712049,0.070827794699077,0.4730540572371497,0.248213219137674,0.0,0.0919351346010261,0.1373559421375933,0.0,0.0675244785255965,0.1532474313405861,0.0,0.0,0.0,0.0,0.0,0.0,0.0,0.0,0.1156107251864173,0.0,0.0,0.0,0.1690833191159187,0.0659276550783031,0.0,0.0,0.0,0.3585704950503115,0.0,0.0298399344588916,0.0,0.0462570539515281,0.1147107824190197,0.0,0.0,0.0,0.0,0.0,0.0,0.0,0.0,0.0,0.0,0.0,0.0,0.0,0.0,0.0,0.0,0.0,0.0,0.0,0.0,0.0,0.0,0.0,0.0,0.0,0.0,0.0,0.0,0.0,0.0,0.0,0.0,0.0,0.0,0.0,0.0,0.0,0.0,0.0
0.0,0.2819139617264539,0.2894998613665859,0.2261555516712049,0.0,0.2421789780046032,0.4177056213138421,0.1396458290750877,0.6518227797747094,0.1252936472381554,0.4572101437439566,0.0,0.1208919163524662,0.0934153395740816,0.0,0.0,0.0,0.0,0.2478255455343505,0.2580415994043231,0.0,0.347664544201322,0.2832774844156075,0.0,0.083634940676429,0.0,0.4537518961067113,0.1923555177760662,0.2301236756531746,0.0,0.0366228392646603,0.072633947643129,0.0715675503578406,0.2189556542534241,0.030614295984398,0.2124319739124464,0.1392468569880114,0.0863399776896785,0.0,0.0,0.0,0.0,0.0900658102347481,0.0,0.0,0.0,0.0,0.3328629136643238,0.0,0.0,0.0,0.0,0.1370518816702879,0.4499765620239998,0.0,0.2793033192425228,0.0,0.0,0.0,0.0,0.0,0.0,0.0,0.0,0.0,0.0,0.0,0.2963180389453362,0.0,0.0,0.0,0.4607037372197967,0.0,0.0,0.0,0.0
0.0771442890547641,0.6797973314263447,0.1333046808340824,0.070827794699077,0.2421789780046032,0.0,0.4086456389238819,0.5601679558697702,0.2737502343849503,0.1853616321863368,0.0741157455678034,0.0,0.5572072506853634,0.372982895797633,0.1408106031210058,0.2930411805218673,0.0,0.3094022994916896,0.362518558730564,0.0728817066137311,0.2841344238139752,0.1034798097059228,0.6936986441826826,0.0,0.3777527260258894,0.4241745696783625,0.4315305832624389,0.1794775951185847,0.3789731406948954,0.1521664137005826,0.093523654423826,0.2772542892043583,0.2031455136249151,0.0659637753476461,0.0571464947746223,0.3248757031863142,0.0,0.0,0.0961926428344767,0.0,0.004912388318977,0.0,0.0538114050762187,0.0,0.0,0.0,0.0,0.0,0.0,0.0,0.7167011493476525,0.1841001984534722,0.4900805395165773,0.149583815904322,0.0,0.0,0.0,0.4215984801402508,0.0,0.0916062879117825,0.0,0.0,0.0,0.2231235844512346,0.0794914543405908,0.093313359007961,0.0488131520874046,0.6181058778034092,0.0,0.0,0.0,0.2709316774045692,0.0618339881189408,0.0,0.0,0.0
0.0,0.5063783354743874,0.0,0.4730540572371497,0.4177056213138421,0.4086456389238819,0.0,0.2230047759441581,0.1844827032880548,0.2659321747987576,0.0750728415884464,0.0,0.2368276366659595,0.0923557698601606,0.0,0.3121160038505027,0.2686861193624508,0.0379448238178335,0.0,0.0622895548689684,0.0,0.313107711608202,0.1822341734108814,0.0,0.3682680740526685,0.1086459051597882,0.3252093557328317,0.1199330343547507,0.483917509215502,0.0,0.0,0.2871134457959425,0.0780625191121971,0.1763031024989992,0.2343104353304776,0.0,0.0,0.0408978378964543,0.0,0.0,0.0,0.0,0.0,0.0,0.0,0.0,0.0,0.0,0.0,0.0,0.1886829389252486,0.0,0.0,0.0,0.0,0.0,0.0,0.0,0.0,0.0,0.0,0.0,0.0,0.0,0.0,0.0,0.0,0.2638538070182353,0.0,0.0,0.0,0.4602343855289968,0.0,0.0,0.0,0.0
0.2394955423437149,0.4463323160042812,0.2806708251841837,0.248213219137674,0.1396458290750877,0.5601679558697702,0.2230047759441581,0.0,0.2109573065921389,0.2928224317186796,0.1067058795406638,0.0,0.4645092310574422,0.3905751395803682,0.1886808968121517,0.141383805827628,0.0,0.1527412573178426,0.2911090023888059,0.1886509076867981,0.5437928735916765,0.1048002159922014,0.8157377746619701,0.4626168998562027,0.0931908032999304,0.5372772552012017,0.1289445886414176,0.2737645830021024,0.0,0.3250958441641961,0.2816299703714602,0.1740697154040481,0.2016593941997334,0.1791091040973277,0.0570976980436981,0.4219935451333719,0.0,0.0,0.0518228947312629,0.0,0.0,0.0,0.248144087986736,0.0,0.0,0.0,0.0,0.1834198780044715,0.0,0.0252527763042874,0.2884468273606328,0.0,0.7320219567842116,0.1917917103402816,0.0,0.1073859415583205,0.0,0.2813772062995769,0.1396364472608394,0.2422236250215788,0.0,0.0,0.0,0.2752842641916523,0.1482724050740601,0.3911603014253985,0.0,0.6520143423747852,0.0,0.0,0.0,0.0466281390383893,0.108499809187265,0.0,0.0,0.0
0.0,0.3466958394186149,0.5872770766200717,0.0,0.6518227797747094,0.2737502343849503,0.1844827032880548,0.2109573065921389,0.0,0.0885237792058972,0.6397237727454387,0.0151286695022747,0.2931342802448178,0.0291935453521047,0.0,0.2951697798509645,0.0,0.0,0.5616820837707744,0.4034496017075623,0.0,0.4508883086985445,0.3074409110198622,0.0,0.0,0.0,0.5241853077990212,0.2761228577321517,0.1695349106045988,0.184578744747313,0.1873060577563352,0.0495224134713761,0.0427448151975576,0.1949516936096692,0.0108991487188255,0.3391006985487062,0.0160437812838273,0.1781363152983396,0.0,0.0,0.0,0.0,0.1779059381330987,0.0,0.0,0.0,0.0,0.4655796145110256,0.0,0.0,0.1672053552500924,0.0,0.1239265305493845,0.7940384149866202,0.0,0.4170913527817614,0.0,0.0,0.114305702201998,0.0,0.0,0.0,0.0,0.539589202648799,0.0,0.0,0.0,0.2372160978076204,0.0,0.0,0.0,0.4034860425411279,0.0,0.0,0.0,0.0
0.2650678862339768,0.0,0.0016307683580584,0.0919351346010261,0.1252936472381554,0.1853616321863368,0.2659321747987576,0.2928224317186796,0.0885237792058972,0.0,0.0,0.5761196432041431,0.498321050377556,0.0,0.0,0.6071152989315817,0.8496188140988218,0.5227309356879964,0.0,0.0,0.0,0.4734812579294969,0.1860160722990038,0.3795469207104505,0.5766386695573197,0.6538466179399567,0.1149582149597678,0.677104010741588,0.0,0.0,0.6374504420333568,0.0,0.0200759378057638,0.1156716411317472,0.1417828847319275,0.3207436865407081,0.0,0.6183995635813936,0.0,0.1440002673351002,0.0,0.0,0.0,0.0,0.0116077037545617,0.0,0.0,0.0,0.0,0.0,0.0,0.0,0.0,0.0,0.7757209132195624,0.0,0.6040880851278941,0.0,0.0,0.0,0.0,0.4261950728069265,0.4250354817552316,0.0,0.0,0.0,0.0,0.0,0.2927084814416986,0.129045389056014,0.1591407042190274,0.0,0.337612800343369,0.0,0.0,0.2191519605446209
0.0,0.0,0.6042120873638485,0.1373559421375933,0.4572101437439566,0.0741157455678034,0.0750728415884464,0.1067058795406638,0.6397237727454387,0.0,0.0,0.0,0.1199908684137561,0.1094217572228592,0.0,0.0,0.0,0.0,0.4585388272265626,0.0,0.0,0.0,0.137765244948493,0.0,0.0,0.0,0.4994033895543241,0.1767672771693732,0.0,0.0,0.0377657336604878,0.0226852006090357,0.0,0.0266076858151189,0.0,0.1875513062073694,0.016993019847125,0.0908952758839505,0.0,0.0,0.0,0.0,0.1206633678706903,0.0,0.0,0.0,0.0,0.6378019803236346,0.0,0.114915191427847,0.0401906694807801,0.037806037757213,0.0,0.5176772718882452,0.0,0.4824265114835432,0.0,0.0,0.0,0.0,0.0,0.0,0.0,0.4917092029556028,0.0,0.0,0.0,0.0846758820576273,0.0,0.0,0.0,0.3205376682823748,0.0,0.0,0.0,0.0
0.1840788592478871,0.0,0.0,0.0,0.0,0.0,0.0,0.0,0.0151286695022747,0.5761196432041431,0.0,0.0,0.462238805922696,0.0,0.0,0.0,0.6027013177188977,0.4644430479810883,0.0,0.0,0.0,0.0,0.0,0.5972486258555375,0.1561857416661476,0.688857718398552,0.0,0.507726759760079,0.0,0.0,0.4335865467259419,0.0,0.0329574608231715,0.0,0.0,0.3661603779797359,0.0,0.546451284547552,0.0,0.1669285235626931,0.0,0.0,0.0,0.0,0.0665966074074492,0.0,0.0,0.0,0.0,0.0,0.0,0.0,0.0,0.0,0.4909439711491651,0.0,0.791285474261242,0.0,0.0,0.0,0.0,0.4010359390686109,0.318990143137528,0.0,0.0,0.0,0.0,0.0,0.4171050656301329,0.0,0.1880118563542911,0.0,0.0,0.0,0.0,0.1297797256215417
0.0,0.5508815882356116,0.2510745268501548,0.0675244785255965,0.1208919163524662,0.5572072506853634,0.2368276366659595,0.4645092310574422,0.2931342802448178,0.498321050377556,0.1199908684137561,0.462238805922696,0.0,0.0588531016304289,0.3865626734822498,0.4818603580146862,0.5958095954112025,0.7004127286280643,0.1788110680088037,0.4254941224477734,0.4315126727913344,0.3174731398374437,0.4754637614573267,0.3216292511001295,0.2786185692674169,0.7131534270564988,0.1964537111190253,0.7125982509072016,0.2962617067392677,0.340216300646413,0.3434917501932045,0.25153691150747,0.1468228435819877,0.1803624648210814,0.0456375773015019,0.4093236817653806,0.0680671824052433,0.3799038639597742,0.0,0.0,0.0,0.0,0.2131430114627104,0.0,0.0,0.0,0.0,0.0837710085003487,0.0,0.0,0.2919724975977572,0.0,0.2049447610361333,0.0,0.0,0.0,0.0,0.0,0.0,0.0,0.0,0.0,0.0,0.0,0.0,0.0,0.0,0.3351619718177269,0.0,0.0,0.0,0.0157328033941808,0.0,0.0,0.0,0.0
0.0,0.0,0.0504226673609459,0.1532474313405861,0.0934153395740816,0.372982895797633,0.0923557698601606,0.3905751395803682,0.0291935453521047,0.0,0.1094217572228592,0.0,0.0588531016304289,0.0,0.0,0.0,0.0,0.0,0.2511297204177628,0.0,0.1516807781431157,0.0,0.4147983644935916,0.0,0.0,0.0,0.064447777565858,0.0,0.0,0.0,0.0,0.1407925815930007,0.0,0.1078771584998507,0.0,0.1537744686312568,0.0,0.0,0.0,0.0,0.0,0.0,0.0,0.0,0.0,0.0,0.0,0.1284073038716024,0.0,0.0,0.0,0.0,0.0,0.0516662008545489,0.0,0.2338753074597685,0.0,0.0,0.0,0.0,0.0,0.0,0.0,0.0,0.0,0.0,0.0,0.4425956077140388,0.0,0.0,0.0,0.0,0.0,0.0,0.0,0.0
0.4257538663569637,0.320568613610147,0.0,0.0,0.0,0.1408106031210058,0.0,0.1886808968121517,0.0,0.0,0.0,0.0,0.3865626734822498,0.0,0.0,0.3704834710204248,0.0,0.2944578435713942,0.0,0.7334730915780454,0.5407894638177981,0.6370948951943974,0.1958401126052627,0.1993002198062742,0.2551992926086959,0.4576411634381214,0.4896859566117171,0.6311776417654346,0.4359450848276794,0.0,0.3934396915314725,0.0857123842803376,0.0,0.1813926807908233,0.0,0.4153341331713976,0.0,0.0,0.0,0.070137819181423,0.0,0.0,0.0,0.0,0.0,0.0,0.0,0.0,0.0,0.0,0.0012781103356863,0.0,0.0291335986688383,0.0,0.0,0.0,0.0,0.0,0.0,0.7490118997243472,0.0747879007121951,0.0,0.0,0.0,0.6549464700903488,0.3478429642436571,0.4908586887349578,0.1145537848908246,0.0,0.0,0.0222120359795143,0.2486964862999138,0.2619023464341872,0.0632059652546441,0.0,0.1024968985253118
0.2714803446306512,0.6503337749991783,0.0,0.0,0.0,0.2930411805218673,0.3121160038505027,0.141383805827628,0.2951697798509645,0.6071152989315817,0.0,0.0,0.4818603580146862,0.0,0.3704834710204248,0.0,0.5654253262825949,0.6530170184318237,0.0,0.4404317015268544,0.31310065115423,0.6720940240675234,0.1736338058742408,0.1791794799980055,0.6125803043466589,0.5954482128298579,0.3460075769136768,0.5618228754128338,0.5312129693220122,0.3743821019743676,0.4950074316625366,0.0274193751908265,0.1181797066341979,0.229916692958907,0.2058896247790178,0.0,0.0,0.0,0.0,0.1979173515808673,0.0,0.0,0.0,0.0,0.0,0.0338463256444345,0.0,0.0,0.0,0.0,0.0,0.0,0.0,0.0,0.0,0.0,0.0,0.0,0.0,0.4121366153794778,0.0306753982239687,0.0,0.3465639332213159,0.0,0.4756103533940383,0.079266023419422,0.3135489597805789,0.0,0.0,0.0016809887758676,0.0,0.0,0.0,0.0,0.0,0.0
0.3046737882556586,0.0,0.0,0.0,0.0,0.0,0.2686861193624508,0.0,0.0,0.8496188140988218,0.0,0.6027013177188977,0.5958095954112025,0.0,0.0,0.5654253262825949,0.0,0.5917028715582048,0.0,0.5427994179520029,0.0,0.5541060995731065,0.0,0.3874122596268794,0.4440796167761168,0.7093049872319158,0.0,0.7757179679882723,0.0,0.0,0.6239344476217311,0.0433603848751852,0.1100411771767462,0.1861352267982473,0.1230909205763202,0.0,0.0,0.5415943901618695,0.0,0.1762668332504891,0.0,0.0,0.0,0.0,0.0,0.0,0.0,0.0,0.0,0.0,0.0,0.0,0.0,0.0,0.5709578726245808,0.0,0.5656266717379524,0.0,0.0,0.0,0.0,0.2982540900297679,0.4662481134238833,0.0,0.0,0.0,0.0,0.0,0.239598109510818,0.0,0.0924399188837594,0.0,0.0,0.0,0.0,0.0
0.1312055853581043,0.4417868871565177,0.0,0.0,0.0,0.3094022994916896,0.0379448238178335,0.1527412573178426,0.0,0.5227309356879964,0.0,0.4644430479810883,0.7004127286280643,0.0,0.2944578435713942,0.6530170184318237,0.5917028715582048,0.0,0.0,0.3259160048089527,0.2458676707702405,0.3503789183128731,0.1325961232777103,0.4106012854580312,0.4260437311040905,0.6417227591159071,0.0187600069982846,0.6072345229508557,0.321191521994395,0.0,0.4523981645252494,0.0413339020397618,0.1588611401443838,0.1356716634830392,0.0,0.0,0.0,0.0,0.0,0.2492330558151783,0.0,0.0,0.0,0.0,0.0,0.0,0.0,0.0,0.0,0.0,0.0,0.0,0.0,0.0,0.3779928072517686,0.0,0.4932266160717004,0.0,0.0,0.0,0.0,0.3813952980645944,0.4548614478561437,0.0,0.0,0.0,0.0,0.0,0.2150452303722892,0.0,0.0886596660627749,0.0,0.0,0.0,0.0,0.0871455772978396
0.0,0.0,0.5376938469274484,0.0,0.2478255455343505,0.362518558730564,0.0,0.2911090023888059,0.5616820837707744,0.0,0.4585388272265626,0.0,0.1788110680088037,0.2511297204177628,0.0,0.0,0.0,0.0,0.0,0.0,0.0,0.0,0.3778467692432756,0.0,0.0,0.0,0.4293834518592357,0.0849987970768682,0.0,0.0,0.0491322385238341,0.1479157840434069,0.0,0.1277364758110897,0.0,0.2609153463824811,0.0,0.0,0.0,0.0,0.0,0.0,0.0242957662609824,0.0,0.0,0.0,0.0,0.3841092231676163,0.0,0.0,0.2698997175702339,0.0,0.2650166998753063,0.422796223389324,0.0,0.4971523550735063,0.0,0.0,0.0,0.0,0.0,0.0,0.0,0.8897337812128967,0.0,0.0,0.0,0.2738862104869112,0.0,0.0,0.0,0.3122095694832995,0.0,0.0,0.0,0.0
0.4197730956798653,0.2607399436671012,0.0,0.0,0.2580415994043231,0.0728817066137311,0.0622895548689684,0.1886509076867981,0.4034496017075623,0.0,0.0,0.0,0.4254941224477734,0.0,0.7334730915780454,0.4404317015268544,0.5427994179520029,0.3259160048089527,0.0,0.0,0.4655057692245355,0.7618588768633106,0.0954677605052776,0.0,0.3144386538718284,0.503560042905005,0.5828743299855009,0.7183137236770607,0.4664613436049178,0.4117216172726811,0.444857882534664,0.137409889128368,0.0,0.0824682368136884,0.0,0.4195337736789529,0.1772630604129373,0.0,0.0,0.0340293797214162,0.0377932456059132,0.1046671052701085,0.0,0.0,0.0,0.0,0.0,0.0,0.0,0.0,0.0,0.0,0.0,0.0,0.0,0.0,0.0,0.0,0.0,0.6783805273310075,0.0,0.0,0.0,0.0,0.7656298729328482,0.2696055596857047,0.5843641005298247,0.0,0.0,0.0,0.0629619239712227,0.2854334434308214,0.353977540621252,0.1642954851832763,0.0,0.2588691769899769
0.5050494991092352,0.3498733330950641,0.0,0.0,0.0,0.2841344238139752,0.0,0.5437928735916765,0.0,0.0,0.0,0.0,0.4315126727913344,0.1516807781431157,0.5407894638177981,0.31310065115423,0.0,0.2458676707702405,0.0,0.4655057692245355,0.0,0.3691807216252008,0.5399414893619597,0.3805377820296166,0.3172732182261307,0.5192330393609742,0.386380621504324,0.5489119101834815,0.4268049450330721,0.3729256090354554,0.504196303326355,0.1609614272738898,0.1666885872684223,0.3117673942455494,0.0177436079002012,0.4066671539732054,0.0,0.0,0.0,0.21201162233978,0.0154123281698207,0.0138226875536292,0.0,0.0,0.0,0.3180441791522674,0.1298299101493849,0.0,0.0,0.0,0.0848209166536052,0.0,0.3638305445052974,0.0,0.0,0.0,0.0,0.0,0.0,0.5596559363890278,0.054333581311319,0.0,0.0,0.0,0.4197372681745033,0.694159049042805,0.3141466350595717,0.4109310658759947,0.0,0.1519487580376798,0.3023111519108022,0.2609718919894445,0.2608144049075864,0.0442083591832169,0.0,0.1159181983144453
0.3931679455638876,0.4858381752418017,0.0,0.0,0.347664544201322,0.1034798097059228,0.313107711608202,0.1048002159922014,0.4508883086985445,0.4734812579294969,0.0,0.0,0.3174731398374437,0.0,0.6370948951943974,0.6720940240675234,0.5541060995731065,0.3503789183128731,0.0,0.7618588768633106,0.3691807216252008,0.0,0.0485454835071197,0.0,0.5125727131823952,0.4780805177995651,0.6641926883714518,0.5940761038355831,0.591793276924322,0.402519810551179,0.4131766824938212,0.0674982782457885,0.0,0.21372649967953,0.1682374294017478,0.2252615882278679,0.0550128761717468,0.0,0.0,0.0700003281143546,0.0,0.0,0.0,0.0,0.0,0.20677927166671,0.0,0.0,0.0,0.0,0.0,0.0,0.0,0.0,0.0,0.0,0.0,0.0,0.0,0.6025101367690661,0.1730601702879312,0.0,0.2425340950681424,0.0,0.7232645225102564,0.1376408009063243,0.6689898764484754,0.0,0.0,0.0,0.0,0.51382087632594,0.0,0.2205151695902138,0.0,0.0521482426211852
0.1928934322082463,0.467875390745042,0.341167790243105,0.1156107251864173,0.2832774844156075,0.6936986441826826,0.1822341734108814,0.8157377746619701,0.3074409110198622,0.1860160722990038,0.137765244948493,0.0,0.4754637614573267,0.4147983644935916,0.1958401126052627,0.1736338058742408,0.0,0.1325961232777103,0.3778467692432756,0.0954677605052776,0.5399414893619597,0.0485454835071197,0.0,0.3758768505615048,0.0183070651802406,0.4852012882294562,0.251598330563849,0.2326081822484713,0.0304326497630501,0.2586367685993744,0.2159108555520794,0.1333701060767066,0.2479938732597991,0.2435806991589167,0.1411918168796608,0.4271034167043147,0.0,0.0,0.0048483949832097,0.1148058780731536,0.0,0.0,0.1305477461151574,0.0,0.0,0.0,0.0541115853959371,0.1734767169512889,0.0,0.1566997650813821,0.4278084793108628,0.0791850260896877,0.7102502725732681,0.2789569830168614,0.0,0.153697950082347,0.0,0.3690491985110466,0.2460788348343679,0.2855385713287243,0.0,0.0,0.0,0.3111662692335128,0.1443270984048061,0.3446893963834213,0.0,0.8487015753640854,0.0,0.0,0.283347775870437,0.1228682579675633,0.0533527906900409,0.0,0.1245548901772058,0.0
0.3736808492581415,0.0,0.0,0.0,0.0,0.0,0.0,0.4626168998562027,0.0,0.3795469207104505,0.0,0.5972486258555375,0.3216292511001295,0.0,0.1993002198062742,0.1791794799980055,0.3874122596268794,0.4106012854580312,0.0,0.0,0.3805377820296166,0.0,0.3758768505615048,0.0,0.1769778375549283,0.6137395741800074,0.0,0.3966459871104651,0.0,0.0,0.5393254249064625,0.0,0.190709028728305,0.0525736659832222,0.0,0.4811264379639489,0.0,0.3909261591113162,0.0,0.1170549533731509,0.0,0.0,0.0,0.0,0.1667021646085185,0.0825105104259157,0.0,0.0,0.0,0.0,0.0,0.0,0.0,0.0,0.3434686708458623,0.0,0.5954692733699294,0.0,0.0,0.0,0.0,0.3377266791817089,0.2772501640898867,0.0,0.0,0.0,0.0,0.0,0.721368919066833,0.0,0.3275595737912365,0.0,0.0,0.0,0.0,0.0864022322381314
0.4287247821505207,0.7113907534172754,0.0,0.0,0.083634940676429,0.3777527260258894,0.3682680740526685,0.0931908032999304,0.0,0.5766386695573197,0.0,0.1561857416661476,0.2786185692674169,0.0,0.2551992926086959,0.6125803043466589,0.4440796167761168,0.4260437311040905,0.0,0.3144386538718284,0.3172732182261307,0.5125727131823952,0.0183070651802406,0.1769778375549283,0.0,0.4958286896747197,0.4448216411857617,0.3537881697284257,0.7286481042448221,0.0,0.3125190486841492,0.0404406605526024,0.0928963400603568,0.0706689981794756,0.0285977752783387,0.0,0.0,0.3124348260496354,0.0018696985017785,0.4011900528801432,0.0805199360102269,0.0,0.0,0.0,0.0,0.3379254869843669,0.3352410053231852,0.0,0.0,0.0,0.0,0.0,0.0,0.0,0.5719931000063085,0.0,0.2087778266281935,0.0,0.0,0.0,0.3852410937288151,0.3766940256097236,0.4633444729405185,0.0,0.3758686333520092,0.2158017271948336,0.391544519427931,0.0,0.3256733155057562,0.557504811764077,0.2103857646459048,0.0,0.0,0.0,0.0,0.2371384636380068
0.4874744414942223,0.678468438202399,0.0,0.0,0.0,0.4241745696783625,0.1086459051597882,0.5372772552012017,0.0,0.6538466179399567,0.0,0.688857718398552,0.7131534270564988,0.0,0.4576411634381214,0.5954482128298579,0.7093049872319158,0.6417227591159071,0.0,0.503560042905005,0.5192330393609742,0.4780805177995651,0.4852012882294562,0.6137395741800074,0.4958286896747197,0.0,0.1896996200928446,0.6798551035612546,0.2820897637336115,0.0,0.5399436045925557,0.0680169365907372,0.216309529356529,0.1636028886884291,0.0889696612495652,0.4247309645010734,0.0,0.5714425724090282,0.0,0.3047999407225862,0.0,0.0,0.0,0.0,0.0950730229676589,0.1284771499033634,0.0,0.0,0.0,0.0,0.0,0.0,0.0,0.0,0.4779263606057488,0.0,0.5801247988437369,0.0,0.0,0.5055788567790703,0.0,0.4007856027945067,0.3787659476661238,0.0,0.4869853218153177,0.2100442704851472,0.1690037915867704,0.2362929130210881,0.3566775129551616,0.0,0.261209777019902,0.0458449188121248,0.0,0.0,0.0,0.0785030405966512
0.3087307298552893,0.4093694643633296,0.5200835154328483,0.1690833191159187,0.4537518961067113,0.4315305832624389,0.3252093557328317,0.1289445886414176,0.5241853077990212,0.1149582149597678,0.4994033895543241,0.0,0.1964537111190253,0.064447777565858,0.4896859566117171,0.3460075769136768,0.0,0.0187600069982846,0.4293834518592357,0.5828743299855009,0.386380621504324,0.6641926883714518,0.251598330563849,0.0,0.4448216411857617,0.1896996200928446,0.0,0.305184359371682,0.6409505646441982,0.1933736532510278,0.1489906447855618,0.2637897637921995,0.0,0.1188626839274613,0.0758516848453804,0.206644592704568,8.09263522573062e-05,0.0,0.036651056914789,0.0,0.0849374438765967,0.0600650969860546,0.1155280805224173,0.0,0.0,0.0,0.2581388978936111,0.3397802272349698,0.0,0.0,0.258746389224822,0.2958512097398595,0.0878280946340834,0.3619161392953508,0.0,0.1148131038836719,0.0,0.0,0.0,0.4216005866422789,0.0,0.0,0.0,0.3415503422806519,0.4974330867351189,0.1449594121305503,0.6774649740449632,0.2152755755738145,0.0,0.0,0.0255229881646914,0.7307416186955835,0.0959432967741917,0.2877516271755009,0.0,0.1429989551868799
0.3184416737498539,0.377002869965829,0.3560285715679926,0.0659276550783031,0.1923555177760662,0.1794775951185847,0.1199330343547507,0.2737645830021024,0.2761228577321517,0.677104010741588,0.1767672771693732,0.507726759760079,0.7125982509072016,0.0,0.6311776417654346,0.5618228754128338,0.7757179679882723,0.6072345229508557,0.0849987970768682,0.7183137236770607,0.5489119101834815,0.5940761038355831,0.2326081822484713,0.3966459871104651,0.3537881697284257,0.6798551035612546,0.305184359371682,0.0,0.4331531212590872,0.5202582974433555,0.6449232805255822,0.0728935075230246,0.0222617341275065,0.1988175384787875,0.023193136186266,0.5026234179577231,0.1404875119125869,0.5864944870327862,0.0,0.0,0.0,0.0,0.3677622099395238,0.0,0.0,0.0,0.0,0.0,0.0,0.0,0.0007097986186825,0.0,0.0355162023882046,0.0,0.0,0.0,0.0,0.0,0.0,0.6276695686118416,0.0,0.0,0.0,0.0,0.6131685867046265,0.3277106734083104,0.0,0.0596632848798585,0.0,0.0,0.0,0.1339841672197597,0.503876530838888,0.0829236121888523,0.0,0.2388730080382181
0.3813330690045043,0.506722466725667,0.0,0.0,0.2301236756531746,0.3789731406948954,0.483917509215502,0.0,0.1695349106045988,0.0,0.0,0.0,0.2962617067392677,0.0,0.4359450848276794,0.5312129693220122,0.0,0.321191521994395,0.0,0.4664613436049178,0.4268049450330721,0.591793276924322,0.0304326497630501,0.0,0.7286481042448221,0.2820897637336115,0.6409505646441982,0.4331531212590872,0.0,0.3003490234303859,0.3199304019895098,0.1311008719667558,0.0,0.0458456835575247,0.0851289595484267,0.1293205075931932,0.0140818500279694,0.0,0.0306568003332116,0.0,0.1172837300133985,0.1851297229268827,0.0,0.0,0.0,0.0,0.3757682293632666,0.0,0.0,0.0,0.2615297093587223,0.0,0.0,0.0,0.0,0.0,0.0,0.0,0.0,0.2855496526392496,0.0,0.0,0.0,0.0,0.3719852752429244,0.3247516317527981,0.4952028054216023,0.0086241493316414,0.0,0.0,0.1460668682279422,0.4983989717873951,0.0961958220280047,0.6051644053980193,0.0,0.298430498938894
0.0,0.0,0.1807893924598154,0.0,0.0,0.1521664137005826,0.0,0.3250958441641961,0.184578744747313,0.0,0.0,0.0,0.340216300646413,0.0,0.0,0.3743821019743676,0.0,0.0,0.0,0.4117216172726811,0.3729256090354554,0.402519810551179,0.2586367685993744,0.0,0.0,0.0,0.1933736532510278,0.5202582974433555,0.3003490234303859,0.0,0.4230668545251045,0.0476670263774379,0.0,0.2618278297436316,0.1788892454086138,0.0,0.0,0.0,0.1374705926530009,0.0,0.0,0.0,0.0,0.0,0.0,0.0,0.0,0.0,0.0,0.0,0.0,0.0,0.0,0.0,0.0,0.0,0.0,0.0,0.0,0.0,0.0,0.0,0.0,0.0,0.431898249104442,0.0,0.0,0.1060048521465692,0.0,0.0,0.0,0.1335416337163297,0.0,0.0,0.0,0.0
0.3400884119162232,0.2479531134469978,0.2249702216054068,0.0,0.0366228392646603,0.093523654423826,0.0,0.2816299703714602,0.1873060577563352,0.6374504420333568,0.0377657336604878,0.4335865467259419,0.3434917501932045,0.0,0.3934396915314725,0.4950074316625366,0.6239344476217311,0.4523981645252494,0.0491322385238341,0.444857882534664,0.504196303326355,0.4131766824938212,0.2159108555520794,0.5393254249064625,0.3125190486841492,0.5399436045925557,0.1489906447855618,0.6449232805255822,0.3199304019895098,0.4230668545251045,0.0,0.0227008608008244,0.1129383543403547,0.247295822676752,0.1724048763948641,0.4759163879845859,0.0736557045607325,0.5614359738557392,0.0,0.0687345001894682,0.0,0.0,0.0,0.0,0.0,0.0640596345404385,0.0,0.0,0.0,0.0,0.0,0.0,0.108658778040106,0.0,0.5491690814689856,0.0,0.4840370012572149,0.0,0.0,0.4033642401445961,0.048914462243744,0.0,0.3398657160393865,0.0,0.3861868643869129,0.30268980511984,0.1513492388942769,0.0159956910838208,0.3596746279593004,0.0,0.0866627616296466,0.0140635315928252,0.3709129632032651,0.0237422010741013,0.0,0.1727308202794559
0.0,0.0849957671626498,0.0,0.3585704950503115,0.072633947643129,0.2772542892043583,0.2871134457959425,0.1740697154040481,0.0495224134713761,0.0,0.0226852006090357,0.0,0.25153691150747,0.1407925815930007,0.0857123842803376,0.0274193751908265,0.0433603848751852,0.0413339020397618,0.1479157840434069,0.137409889128368,0.1609614272738898,0.0674982782457885,0.1333701060767066,0.0,0.0404406605526024,0.0680169365907372,0.2637897637921995,0.0728935075230246,0.1311008719667558,0.0476670263774379,0.0227008608008244,0.0,0.4062026481152183,0.3369262754563606,0.0794660816228388,0.1028260011279095,0.2594404825712671,0.0026831364218829,0.5352716822394028,0.1358430694189877,0.3898601367325554,0.3765647001853734,0.0241493897946903,0.1725671023834674,0.1953940177183239,0.0458167713269835,0.3642986844479759,0.0,0.0,0.0,0.0,0.0,0.0146631105346283,0.0,0.0,0.0,0.0,0.0,0.0,0.0,0.1679980516546298,0.0,0.0081779328801898,0.1542638601809549,0.0,0.1290275262034609,0.244753458663172,0.0869439138052591,0.0,0.0992225929348309,0.1205603096691895,0.0662619949328213,0.0,0.0,0.0,0.0334203503119705
0.1353943343882079,0.1205047989214132,0.0,0.0,0.0715675503578406,0.2031455136249151,0.0780625191121971,0.2016593941997334,0.0427448151975576,0.0200759378057638,0.0,0.0329574608231715,0.1468228435819877,0.0,0.0,0.1181797066341979,0.1100411771767462,0.1588611401443838,0.0,0.0,0.1666885872684223,0.0,0.2479938732597991,0.190709028728305,0.0928963400603568,0.216309529356529,0.0,0.0222617341275065,0.0,0.0,0.1129383543403547,0.4062026481152183,0.0,0.2873640609295114,0.0188418502127834,0.1675118226917685,0.0670682036474031,0.0316283027321972,0.2980319803154154,0.4055889816789629,0.268097662984366,0.0662686725336896,0.0,0.0,0.2244224651741936,0.1914783432135488,0.1758368850208981,0.0,0.0,0.0,0.0,0.0,0.0,0.0,0.0430139959509673,0.0,0.0,0.0,0.0,0.0,0.0469940818749824,0.1345802177418229,0.1603123501205129,0.0,0.0,0.1597790190036823,0.060713375006889,0.1775063413497098,0.1056445337149118,0.141361249472387,0.2493787943205228,0.0,0.0,0.0,0.0,0.0
0.0117519330697252,0.162246053671158,0.1719005033877313,0.0298399344588916,0.2189556542534241,0.0659637753476461,0.1763031024989992,0.1791091040973277,0.1949516936096692,0.1156716411317472,0.0266076858151189,0.0,0.1803624648210814,0.1078771584998507,0.1813926807908233,0.229916692958907,0.1861352267982473,0.1356716634830392,0.1277364758110897,0.0824682368136884,0.3117673942455494,0.21372649967953,0.2435806991589167,0.0525736659832222,0.0706689981794756,0.1636028886884291,0.1188626839274613,0.1988175384787875,0.0458456835575247,0.2618278297436316,0.247295822676752,0.3369262754563606,0.2873640609295114,0.0,0.3546348073237107,0.1160102456204962,0.0212724822877278,0.232016795871269,0.1806052472156129,0.0153272627623481,0.0226484363614604,0.0,0.0155437675710177,0.0,0.0,0.0,0.0,0.0,0.0,0.0,0.0,0.0,0.2364701553520616,0.0,0.1895217682005028,0.0,0.0154706683648672,0.0,0.0,0.1873351125041382,0.0,0.0,0.0,0.0,0.1140923449715951,0.1770518434505176,0.205898688419177,0.1685681235715559,0.0,0.0,0.0,0.1425812259564059,0.1448039189573916,0.0,0.0,0.0
0.0,0.1335810908790791,0.0,0.0,0.030614295984398,0.0571464947746223,0.2343104353304776,0.0570976980436981,0.0108991487188255,0.1417828847319275,0.0,0.0,0.0456375773015019,0.0,0.0,0.2058896247790178,0.1230909205763202,0.0,0.0,0.0,0.0177436079002012,0.1682374294017478,0.1411918168796608,0.0,0.0285977752783387,0.0889696612495652,0.0758516848453804,0.023193136186266,0.0851289595484267,0.1788892454086138,0.1724048763948641,0.0794660816228388,0.0188418502127834,0.3546348073237107,0.0,0.0,0.0139538088468258,0.1323203080279638,0.1348312657748839,0.0,0.0,0.0,0.0,0.0198446996877302,0.0,0.0,0.0,0.0,0.0,0.0,0.0,0.0,0.0,0.0,0.0,0.0,0.0052767135666921,0.0,0.0,0.0258378865274515,0.0,0.0,0.0,0.0,0.0,0.0,0.0699744561551421,0.0858048933521331,0.0,0.0,0.0,0.0921487590327798,0.0,0.0,0.0,0.0
0.0,0.0,0.4174798325274751,0.0462570539515281,0.2124319739124464,0.3248757031863142,0.0,0.4219935451333719,0.3391006985487062,0.3207436865407081,0.1875513062073694,0.3661603779797359,0.4093236817653806,0.1537744686312568,0.4153341331713976,0.0,0.0,0.0,0.2609153463824811,0.4195337736789529,0.4066671539732054,0.2252615882278679,0.4271034167043147,0.4811264379639489,0.0,0.4247309645010734,0.206644592704568,0.5026234179577231,0.1293205075931932,0.0,0.4759163879845859,0.1028260011279095,0.1675118226917685,0.1160102456204962,0.0,0.0,0.2050600069249987,0.283321236677424,0.0,0.0416863189900544,0.0,0.0,0.4373169959453834,0.0805021240591334,0.0,0.0,0.0,0.1883090260069448,0.0,0.0,0.1884486140631079,0.1679751753815007,0.2350808116117673,0.426464460865951,0.0,0.0936944306150569,0.3663969263702472,0.2713845855313543,0.2410541483614554,0.0,0.0,0.0,0.0,0.2640885548345265,0.0,0.0,0.0,0.2837955704590917,0.0,0.0,0.0,0.0714246733204002,0.4256639749422269,0.0,0.0,0.0
0.0,0.0,0.0460219899283767,0.1147107824190197,0.1392468569880114,0.0,0.0,0.0,0.0160437812838273,0.0,0.016993019847125,0.0,0.0680671824052433,0.0,0.0,0.0,0.0,0.0,0.0,0.1772630604129373,0.0,0.0550128761717468,0.0,0.0,0.0,0.0,8.09263522573062e-05,0.1404875119125869,0.0140818500279694,0.0,0.0736557045607325,0.2594404825712671,0.0670682036474031,0.0212724822877278,0.0139538088468258,0.2050600069249987,0.0,0.0,0.0824892056924747,0.0,0.0620922638462149,0.1415363097287081,0.0,0.0,0.0,0.0,0.0,0.0,0.0,0.0,0.0,0.0,0.0,0.0,0.0,0.0,0.0,0.0,0.0,0.0,0.0,0.0,0.0,0.0,0.0,0.0,0.0,0.0,0.0,0.0,0.0,0.0,0.0,0.0,0.0,0.0
0.0,0.0,0.0,0.0,0.0863399776896785,0.0,0.0408978378964543,0.0,0.1781363152983396,0.6183995635813936,0.0908952758839505,0.546451284547552,0.3799038639597742,0.0,0.0,0.0,0.5415943901618695,0.0,0.0,0.0,0.0,0.0,0.0,0.3909261591113162,0.3124348260496354,0.5714425724090282,0.0,0.5864944870327862,0.0,0.0,0.5614359738557392,0.0026831364218829,0.0316283027321972,0.232016795871269,0.1323203080279638,0.283321236677424,0.0,0.0,0.0,0.1302307376248741,0.0,0.0,0.0,0.0,0.0,0.0,0.0,0.0,0.0,0.0,0.0,0.0,0.0,0.0,0.536923611718867,0.0,0.3951536910171419,0.0,0.0,0.0,0.0,0.0,0.0,0.0,0.0,0.0,0.0,0.0,0.2162824636226392,0.0,0.0,0.0,0.0,0.0,0.0,0.0
0.0631885961234721,0.0,0.0,0.0,0.0,0.0961926428344767,0.0,0.0518228947312629,0.0,0.0,0.0,0.0,0.0,0.0,0.0,0.0,0.0,0.0,0.0,0.0,0.0,0.0,0.0048483949832097,0.0,0.0018696985017785,0.0,0.036651056914789,0.0,0.0306568003332116,0.1374705926530009,0.0,0.5352716822394028,0.2980319803154154,0.1806052472156129,0.1348312657748839,0.0,0.0824892056924747,0.0,0.0,0.1348530089902116,0.4205037662103814,0.4444098503683015,0.0,0.0650834122285492,0.1527190495522613,0.1786963753039309,0.3805294819001623,0.0,0.0,0.0,0.0,0.0,0.0,0.0,0.0,0.0,0.0,0.0,0.0,0.0,0.2766998012699531,0.0,0.0180782203444616,0.0,0.0,0.079316626249946,0.1676570743188516,0.0873712015469461,0.0,0.176716105080695,0.2809937150866832,0.0105042773636711,0.0,0.0521522414962925,0.0,0.078270645811126
0.3699994909392102,0.2810972842511172,0.0,0.0,0.0,0.0,0.0,0.0,0.0,0.1440002673351002,0.0,0.1669285235626931,0.0,0.0,0.070137819181423,0.1979173515808673,0.1762668332504891,0.2492330558151783,0.0,0.0340293797214162,0.21201162233978,0.0700003281143546,0.1148058780731536,0.1170549533731509,0.4011900528801432,0.3047999407225862,0.0,0.0,0.0,0.0,0.0687345001894682,0.1358430694189877,0.4055889816789629,0.0153272627623481,0.0,0.0416863189900544,0.0,0.1302307376248741,0.1348530089902116,0.0,0.2500081212032635,0.1441514070119293,0.0446606720731588,0.1194387798177155,0.388760730345051,0.4262456914525319,0.2753650735897351,0.0,0.0,0.0,0.293339851619587,0.0913602004631088,0.0295006662813837,0.0,0.1378161354055364,0.0,0.0961119035439541,0.2426054616698869,0.0,0.0684128965585532,0.3353784670370761,0.2674032654630341,0.4835505874235834,0.0,0.1034737394518217,0.0958610745264626,0.1969478760728841,0.0710882368472432,0.2210944756228398,0.3243435420476608,0.3195173371728091,0.0466282294214971,0.0,0.1942445330420475,0.0,0.1822581979202492
0.1102693495429786,0.0,0.0,0.0,0.0,0.004912388318977,0.0,0.0,0.0,0.0,0.0,0.0,0.0,0.0,0.0,0.0,0.0,0.0,0.0,0.0377932456059132,0.0154123281698207,0.0,0.0,0.0,0.0805199360102269,0.0,0.0849374438765967,0.0,0.1172837300133985,0.0,0.0,0.3898601367325554,0.268097662984366,0.0226484363614604,0.0,0.0,0.0620922638462149,0.0,0.4205037662103814,0.2500081212032635,0.0,0.5665435758101265,0.0,0.0,0.4129326792277928,0.3359083640095145,0.4162657147072633,0.0,0.0,0.0,0.0,0.0,0.0,0.0,0.0,0.0,0.0,0.0,0.0,0.0,0.5137939620977509,0.0,0.2150643004068578,0.0,0.0,0.2156953138389633,0.2674012247642316,0.0,0.0142834066609455,0.3904933204027141,0.3330227176697565,0.0610056353635254,0.0,0.2745257136897171,0.0178411253211811,0.4616598142965863
0.0,0.0,0.0,0.0,0.0,0.0,0.0,0.0,0.0,0.0,0.0,0.0,0.0,0.0,0.0,0.0,0.0,0.0,0.0,0.1046671052701085,0.0138226875536292,0.0,0.0,0.0,0.0,0.0,0.0600650969860546,0.0,0.1851297229268827,0.0,0.0,0.3765647001853734,0.0662686725336896,0.0,0.0,0.0,0.1415363097287081,0.0,0.4444098503683015,0.1441514070119293,0.5665435758101265,0.0,0.0363465256143924,0.1080321994335745,0.3076563565380808,0.240818436491835,0.3333456475363197,0.0,0.0,0.0,0.0,0.0,0.0,0.0,0.0,0.0,0.0,0.0,0.0,0.0,0.4357071260266646,0.0,0.1840257450645527,0.0,0.0,0.1392107936163908,0.181625395923507,0.0,0.0,0.2122822627698939,0.1977314394993934,0.0,0.0,0.1843699863502931,0.0,0.3984263980704133
0.0,0.0,0.1976822910934203,0.0,0.0900658102347481,0.0538114050762187,0.0,0.248144087986736,0.1779059381330987,0.0,0.1206633678706903,0.0,0.2131430114627104,0.0,0.0,0.0,0.0,0.0,0.0242957662609824,0.0,0.0,0.0,0.1305477461151574,0.0,0.0,0.0,0.1155280805224173,0.3677622099395238,0.0,0.0,0.0,0.0241493897946903,0.0,0.0155437675710177,0.0,0.4373169959453834,0.0,0.0,0.0,0.0446606720731588,0.0,0.0363465256143924,0.0,0.1976595616268575,0.1306721105342826,0.0,0.0,0.1460776062280912,0.2374481969627165,0.1132611035503362,0.1013842633034299,0.1293913384928043,0.1117366096096422,0.346917936739086,0.2263240049956452,0.0075457949056181,0.2208521518602726,0.2354007750269549,0.0678516227729082,0.3012792315127395,0.0,0.1696719479996053,0.0,0.057143185298348,0.3430275364024473,0.1103573054094338,0.0898217478562442,0.1030695893402762,0.269714491222987,0.0,0.1867963716085904,0.0399817762961727,0.4335784195100897,0.1425969697129278,0.0,0.2520178792152639
0.0,0.0,0.0,0.0,0.0,0.0,0.0,0.0,0.0,0.0,0.0,0.0,0.0,0.0,0.0,0.0,0.0,0.0,0.0,0.0,0.0,0.0,0.0,0.0,0.0,0.0,0.0,0.0,0.0,0.0,0.0,0.1725671023834674,0.0,0.0,0.0198446996877302,0.0805021240591334,0.0,0.0,0.0650834122285492,0.1194387798177155,0.0,0.1080321994335745,0.1976595616268575,0.0,0.0,0.0,0.0,0.0,0.069788112481104,0.215610724669648,0.0,0.1136915024706875,0.0155319057502855,0.0177960868848652,0.1030598539214578,0.0,0.0802544098884489,0.0,0.0599601330992665,0.0,0.0,0.0,0.0,0.0,0.0,0.0,0.0,0.0,0.0,0.0,0.0,0.0839056615327373,0.1407121826631953,0.0398804725555148,0.0,0.087599696151851
0.0,0.0,0.0,0.0,0.0,0.0,0.0,0.0,0.0,0.0116077037545617,0.0,0.0665966074074492,0.0,0.0,0.0,0.0,0.0,0.0,0.0,0.0,0.0,0.0,0.0,0.1667021646085185,0.0,0.0950730229676589,0.0,0.0,0.0,0.0,0.0,0.1953940177183239,0.2244224651741936,0.0,0.0,0.0,0.0,0.0,0.1527190495522613,0.388760730345051,0.4129326792277928,0.3076563565380808,0.1306721105342826,0.0,0.0,0.3360532399581115,0.0,0.0,0.0,0.0,0.0,0.0,0.0,0.1171518221092736,0.0,0.0,0.0,0.1177101195516938,0.0,0.0,0.0,0.0205577305511015,0.0,0.0,0.0,0.0,0.0,0.0,0.2768827502334062,0.2395720267692054,0.4024917364854525,0.0,0.0185764110524559,0.0,0.0,0.3409171307434787
0.6112509801839712,0.0602127707082691,0.0,0.0,0.0,0.0,0.0,0.0,0.0,0.0,0.0,0.0,0.0,0.0,0.0,0.0338463256444345,0.0,0.0,0.0,0.0,0.3180441791522674,0.20677927166671,0.0,0.0825105104259157,0.3379254869843669,0.1284771499033634,0.0,0.0,0.0,0.0,0.0640596345404385,0.0458167713269835,0.1914783432135488,0.0,0.0,0.0,0.0,0.0,0.1786963753039309,0.4262456914525319,0.3359083640095145,0.240818436491835,0.0,0.0,0.3360532399581115,0.0,0.3274186213562411,0.0,0.0,0.0,0.0794731655471462,0.0,0.0,0.0,0.1779551008484647,0.0,0.0,0.0104863483884029,0.0,0.0940684372171689,0.4131728550888179,0.0,0.3369387410584828,0.0,0.2384446533301182,0.3254251394564127,0.4022456507044039,0.0,0.3037414705256837,0.4893265834250721,0.43402950442513,0.2258214899237847,0.0,0.4228143363172707,0.0,0.421579330938469
0.0338833298923472,0.1372681154956351,0.0,0.0,0.0,0.0,0.0,0.0,0.0,0.0,0.0,0.0,0.0,0.0,0.0,0.0,0.0,0.0,0.0,0.0,0.1298299101493849,0.0,0.0541115853959371,0.0,0.3352410053231852,0.0,0.2581388978936111,0.0,0.3757682293632666,0.0,0.0,0.3642986844479759,0.1758368850208981,0.0,0.0,0.0,0.0,0.0,0.3805294819001623,0.2753650735897351,0.4162657147072633,0.3333456475363197,0.0,0.0,0.0,0.3274186213562411,0.0,0.0,0.0,0.0,0.2955659825583493,0.0724192926882103,0.1145184639468186,0.0,0.2519098049015248,0.0,0.0,0.1755547456394027,0.0,0.0,0.5305211944369371,0.0,0.3292648608795502,0.0,0.0,0.327297942304941,0.241317784264172,0.1738942321366005,0.0,0.732434710726508,0.6584299913938848,0.2611268783903457,0.0,0.3996985180725801,0.0,0.3389503480846182
0.0,0.0,0.6758377398557457,0.0,0.3328629136643238,0.0,0.0,0.1834198780044715,0.4655796145110256,0.0,0.6378019803236346,0.0,0.0837710085003487,0.1284073038716024,0.0,0.0,0.0,0.0,0.3841092231676163,0.0,0.0,0.0,0.1734767169512889,0.0,0.0,0.0,0.3397802272349698,0.0,0.0,0.0,0.0,0.0,0.0,0.0,0.0,0.1883090260069448,0.0,0.0,0.0,0.0,0.0,0.0,0.1460776062280912,0.0,0.0,0.0,0.0,0.0,0.0,0.1754115481826844,0.0,0.0,0.0996510296188997,0.62286937158286,0.0,0.6644625055343056,0.0,0.0,0.0814478670143504,0.0,0.0,0.0,0.0,0.5517156276247123,0.0,0.0,0.0,0.1577019576387277,0.0,0.0,0.0,0.333239220621588,0.2644591695943558,0.0,0.0,0.0
