0.0,0.0,0.0,0.0,0.0,0.0,0.0,0.0,0.0,0.0432866253077533,0.0,0.0,0.0,0.0,0.2127525940349868,0.2409043415004794,0.0450781008541424,-0.0019724347930743,0.0,0.1645829906803226,0.1660372525779998,0.2669726750503791,0.0,0.0,0.0919287939283182,0.0,0.1084040970558286,0.1309052219674433,0.1579051439858615,0.0,0.2495935831370269,0.0701057798681312,0.0865219477502467,0.0157984938973105,0.0066246332794336,0.0,0.0,0.0,0.0253582251429969,0.0771033054883403,0.1181007815463592,0.0,0.0,0.0,0.0,0.3693898673357759,0.0129017973366293,0.0,0.0,0.0,0.0,0.0,0.0,0.0,0.024939132942986,0.0,0.0,0.0,0.0,0.0,0.2637800161064117,0.0,0.1748244683376176,0.0,0.0,0.1226068963856871,0.2389998230777732,0.0,0.0660904935734645,0.1369136637162417,0.0658093186307468,0.0,0.0,0.0,0.0,0.0
0.0,0.0,0.0,0.0,0.0,0.459923863391149,0.1365093558926839,0.1544291339294223,0.0,0.0,0.0,0.0,0.1858402414952842,0.0,0.1444392160180358,0.0161913823326995,0.0,0.3587437473724748,0.0,0.1593106147200799,0.25752593780894,0.1924288795480224,0.2214463681939563,0.0,0.5475931713018187,0.5406951051978081,0.2417337493717301,0.0,0.0888778536481381,0.0,0.0,0.272515777228098,0.2289327982063598,0.0,0.0,0.0,0.0,0.0,0.0882446608928178,0.1417554602744015,0.069100913273325,0.0,0.0,0.0,0.0,0.0,0.3753027665532342,0.0,0.0,0.0,0.0,0.0,0.0,0.0,0.0,0.0,0.0,0.0,0.0,0.1867548267532467,0.0236398905207367,0.0,0.0130557834924567,0.0,0.1207876565704174,0.1171060083940847,0.1630478942763118,0.1109505683979928,0.0,0.2567220130872122,0.3198277405792049,0.1915472744853767,0.0,0.0430756815676258,0.0,0.0104224072785908
0.0,0.0,0.0,0.0,0.0888723809501369,0.2070688777543522,0.0,0.2453618518932791,0.1913088580047428,0.037592632274998,0.1923475562029589,0.0,0.1412253779299774,0.0,0.0,0.0,0.0,0.0,0.2974351567491073,0.0,0.0,0.0,0.3436653176161225,0.0,0.0,0.0,0.0923152452066749,0.1664479840360072,0.0,0.0038476829609594,0.0,0.0,0.0,0.0506828027537791,0.0,0.1691920030333665,0.0445611325327489,0.0,0.0,0.0,0.0,0.0,-0.0088838047946473,0.0,0.0,0.0,0.0,0.5275968244638538,0.0,0.0878519580767619,0.049066859391935,0.0,0.2204230364453053,0.36212792283045,0.0,0.3042148263740918,0.0,0.0,-0.0057263648597702,0.0,0.0,0.0,0.0,0.2508986461197468,0.0,0.0,0.0,0.2308315759785534,0.0,0.0,0.0,-0.0110698269824337,0.0,0.0,0.0,0.0
0.0,0.0,0.0,0.0,0.1956378637054731,0.0688166645351995,0.1341280394337041,0.2202616261776247,0.1021273353472476,0.0,0.1793736718651126,0.0,0.1772073225614545,0.314303532834368,0.0,0.0,0.0,0.0,0.1553520978773042,0.0,0.0,0.0,0.1636336920141087,0.0,0.0,0.0,0.0,0.2879346550821777,0.0,0.0,0.0,0.0,0.0,0.387164730877648,0.0585178552904609,0.3486780575208975,0.3451488171442868,0.0,0.0,0.0,0.0,0.0,0.0,0.0,0.0,0.0,0.0,0.0,0.0,0.0,0.0,0.0,0.0,0.0,0.0,0.0,0.0,0.0,0.0,0.0,0.0,0.0,0.0,0.0,0.0,0.0,0.0,0.0,0.0,0.0,0.0,0.0,0.0,0.0,0.0,0.0
0.0,0.0,0.0888723809501369,0.1956378637054731,0.0,0.000784214470844,0.3573921039118087,0.0197262343752715,0.4867623332492372,0.0,0.3383761953474736,0.0994490084044857,0.2438061676809735,0.2278068423915135,0.0,0.0,0.0,0.0,0.0458142851553917,0.0430416047979962,0.0,0.0587372022918278,0.0,0.0,0.0,0.0,0.0177713800655984,0.270635846541542,0.1509233405929987,0.0,0.1240875209751613,0.0,0.0,0.2119551500663532,0.0277077953675251,0.1492265335040291,0.2385258143250612,0.1872269329114113,0.0,0.0,0.0,0.0,0.0011464905351079,0.0,0.0,0.0,0.0,0.1800128534212899,0.0,0.0,0.0,0.0,0.0,0.2188591513341527,0.0,0.2729283726822679,0.0,0.0,0.0,0.0,0.0,0.0,0.0,0.0,0.0,0.0,0.0,0.0,0.0,0.0,0.0,0.0,0.0,0.0,0.0,0.0
0.0,0.459923863391149,0.2070688777543522,0.0688166645351995,0.000784214470844,0.0,0.3014918260286334,0.4383504828092023,0.0,0.2423470863097264,0.0,0.0,0.4366667252615241,-0.0007504848069702,0.021962239599602,0.0,0.0,0.1736046908313323,0.1121112905957283,0.0813301157999534,0.114816213196754,0.0,0.4408410378858933,0.0,0.2996560677312715,0.4814179777516092,0.1434250834798739,0.0,0.0,0.0,0.0,0.0724249760832488,0.1157661162251338,0.0215245453598611,0.0,0.2012799339854857,0.0436211420150731,0.0,0.0,0.0,0.0,0.0,0.0820345827567983,0.0,0.0,0.0,0.0,0.0705243448303868,0.0,0.0,0.3246122257335631,0.0,0.3033134627799231,0.0492372634801919,0.0,0.0552001015082238,0.0,0.3064140292007529,0.0,0.0,0.0,0.0,0.0,0.2080203850931749,0.0,0.061451603252069,0.0,0.1962997503640205,0.0,0.0,0.0,0.0,0.0,0.0,0.0,0.0
0.0,0.1365093558926839,0.0,0.1341280394337041,0.3573921039118087,0.3014918260286334,0.0,0.1206787961683367,0.2497947598429493,0.254416813430324,0.0370284504345386,0.1744822028961852,0.4883377890496144,0.1304504007393553,0.0,0.217236617798044,0.1984935824419736,0.3110671148675873,0.0,0.0,0.0,0.0,0.0,0.0,0.0807274794023248,0.0762955127780212,0.0,0.1361670023230772,0.1260369369529252,0.0,0.1165271867927668,0.0,0.0,0.234640066958525,0.0,0.1726128594945121,0.2910489441088677,0.2019233981322949,0.0,0.0,0.0,0.0,0.0,0.0,0.0,0.0,0.0,0.0,0.0,0.0,0.0,0.0,0.0,0.0,0.0,0.0,0.0,0.0,0.0,0.0,0.0,0.0,0.0,0.0,0.0,0.0,0.0,0.0,0.0,0.0,0.0,0.0,0.0,0.0,0.0,0.0
0.0,0.1544291339294223,0.2453618518932791,0.2202616261776247,0.0197262343752715,0.4383504828092023,0.1206787961683367,0.0,0.0,0.0392014485095912,0.1855095911376256,0.0,0.3092717986872682,0.2584451448915373,0.0,0.0,0.0,0.0,0.1747389981837538,0.0,0.0,0.0,0.5570732960181225,0.346178601387041,0.0,0.3640530650900075,0.0,0.0,0.0,0.0,0.0,0.0,0.0555760444740201,0.1429937278973715,0.0,0.2793076903367311,0.099765536990079,0.0,0.0,0.0,0.0,0.0,0.1692266833009525,0.0,0.0,0.0,0.0,0.0778994255269651,0.0,0.0,0.1772123569528188,0.0,0.5434068038848957,0.0,0.0,0.1959979700150364,0.0,0.2020138659792555,0.2309383008231658,0.0,0.0,0.0,0.0,0.1467848070059976,0.0,0.0,0.0,0.3475774439883265,0.0,0.0,0.0,0.0,0.0,0.0,0.0,0.0
0.0,0.0,0.1913088580047428,0.1021273353472476,0.4867623332492372,0.0,0.2497947598429493,0.0,0.0,0.0195817563894433,0.2409712444478343,0.0276146259526718,0.1899844004652083,0.0931717067526923,0.0,0.2365124086975416,0.0,0.0,-0.0075486359003259,0.1262047368536766,0.0,0.1193884634061023,0.0,0.0,0.0,0.0,0.0,0.3232279896582845,0.1377361243364207,0.3389017434721096,0.1500204377597555,0.0,0.0,0.1786840284585554,0.0,0.0727914718546688,0.190328221325166,0.0993931013860828,0.0,0.0,0.0,0.0,0.0,0.0,0.0,0.0,0.0,0.3015853077025998,0.0,0.0,0.0,0.0,0.0,0.4566279892076848,0.0,0.313591823359046,0.0,0.0,0.0453442141862471,0.0,0.0,0.0,0.0,0.0,0.0,0.0,0.0,0.0,0.0,0.0,0.0,0.0,0.0,0.0,0.0,0.0
0.0432866253077533,0.0,0.037592632274998,0.0,0.0,0.2423470863097264,0.254416813430324,0.0392014485095912,0.0195817563894433,0.0,0.0,0.1310607925582163,0.1490745741879495,0.0,0.0,0.0997722207961898,0.391680063505028,0.3453633524675122,0.0,0.0,0.0,0.2661605335534182,0.0319278069457694,0.0144805717414254,0.3557944265924317,0.2974896832498712,0.2627432003061416,0.2070247976323489,0.0,0.0,0.2454938157120335,0.0930270181986285,0.1311756167106305,0.1249054192526644,0.0,0.250387423258393,0.1974870178585022,0.1306269239779089,0.0,0.089921453303541,0.0,0.0,0.0,0.0,0.0,0.0,0.0,0.0,0.0,0.0,0.0,0.0,0.0,0.0,0.4927678983060243,0.0,0.1011779832334652,0.0,0.0,0.0,0.0,0.3081088224788093,0.0777053071090538,0.0,0.0,0.0,0.0,0.0,0.011312284415711,0.2361986024370997,0.1941858450053231,0.0,0.1077191330217446,0.0,0.0,0.0
0.0,0.0,0.1923475562029589,0.1793736718651126,0.3383761953474736,0.0,0.0370284504345386,0.1855095911376256,0.2409712444478343,0.0,0.0,0.2146783146399485,0.0828648394600099,0.3170149572752154,0.0,0.0,0.0,0.0,0.3239402591938842,0.0,0.0,0.0,0.1530673898365869,0.0,0.0,0.0,0.0,0.0523909895406034,0.0,0.0,0.0,0.0,0.0,0.1224875008974106,0.0840310420283691,0.0754804843483168,0.0614245705830044,0.130189284593047,0.0,0.0,0.0,0.0,0.0,0.0,0.0,0.0,0.0,0.288474378208411,0.0,0.2604636847087294,0.0,0.0,0.1466431165013182,0.030795405552143,0.0,0.423884903735325,0.0,0.0,0.2437099674001873,0.0,0.0,0.0,0.0,0.1228411075350601,0.0,0.0,0.0,0.0185194129753293,0.0,0.0,0.0,0.0,0.0,0.0,0.0,0.0
0.0,0.0,0.0,0.0,0.0994490084044857,0.0,0.1744822028961852,0.0,0.0276146259526718,0.1310607925582163,0.2146783146399485,0.0,0.3663074243138755,0.0,0.0,0.0,0.1295519011986534,0.0,0.0,0.0,0.0,0.0,0.0,0.3648717139208074,0.0,0.4075003698926914,0.0,0.0782067730131384,0.0,0.0,0.0,0.0,0.0635561291503791,0.1822053682260376,0.0,0.305937076605767,0.1761202036693656,0.3170388694259078,0.0,0.0093375412271716,0.0,0.0,0.0,0.0,-0.001098611684708,0.0,0.0,0.0,0.0,0.0,0.0,0.0,0.0,0.0,0.0,0.0,0.5528501481860524,0.0,0.0,0.0,0.0,0.0,0.0,0.0,0.0,0.0,0.0,0.0,0.1119420463851434,0.0,0.0938151228074781,0.0,0.0,0.0,0.0,0.0
0.0,0.1858402414952842,0.1412253779299774,0.1772073225614545,0.2438061676809735,0.4366667252615241,0.4883377890496144,0.3092717986872682,0.1899844004652083,0.1490745741879495,0.0828648394600099,0.3663074243138755,0.0,0.1856105827264361,0.0,0.1404726811693445,0.3254828187185267,0.1385534089230667,0.0497738440658288,0.0,0.0,0.0,0.1599622886663368,0.0931063395166379,0.0313744646398368,0.267990224619044,0.0,0.1978450107086487,0.0,0.0323784842389676,0.0079996868137453,0.0,0.005872170011295,0.2400584301713032,0.0,0.2554815818980838,0.2359680688968748,0.2275294004024606,0.0,0.0,0.0,0.0,0.1231540786367095,0.0,0.0,0.0,0.0,0.0702976405486163,0.0,0.0,0.0155479595250854,0.0,0.137243502271206,0.0,0.0,0.0,0.0,0.0,0.0,0.0,0.0,0.0,0.0,0.0,0.0,0.0,0.0,0.0,0.0,0.0,0.0,0.0,0.0,0.0,0.0,0.0
0.0,0.0,0.0,0.314303532834368,0.2278068423915135,-0.0007504848069702,0.1304504007393553,0.2584451448915373,0.0931717067526923,0.0,0.3170149572752154,0.0,0.1856105827264361,0.0,0.0,0.0,0.0,0.0,0.05177359182675,0.0,0.0,0.0,0.1582766516540004,0.0,0.0,0.0,0.0,0.0049140465815261,0.0,0.0,0.0422977932088336,0.0,0.0,0.2542438867142235,0.0,0.1542728405724493,0.1800815552000286,0.0,0.0,0.0,0.0,0.0,0.0458308892982796,0.0,0.0,0.0,0.0,0.0,0.0,0.0,0.0,0.0,0.0,0.0,0.0,0.1364097421376174,0.0,0.0,0.0,0.0,0.0,0.0,0.0,0.0,0.0,0.0,0.0,0.0318760390278598,0.0,0.0,0.0,0.0,0.0,0.0,0.0,0.0
0.2127525940349868,0.1444392160180358,0.0,0.0,0.0,0.021962239599602,0.0,0.0,0.0,0.0,0.0,0.0,0.0,0.0,0.0,0.0,0.0,0.0489032312480799,0.0,0.5163119569345019,0.4586867366675178,0.4622965417870438,0.1608390178781519,0.0,0.1769889039677805,0.0638449539548589,0.4671109202279628,0.1844074514385166,0.3189551146582501,0.0,0.1476121955649421,0.2001436743474703,0.0253341530273105,0.0,0.0,0.1256115937413975,0.0,0.0,0.1061218990796505,0.0625600620953678,0.0097657736028803,0.0,0.0,0.0,0.0,0.0,0.2714128767766203,0.0,0.0,0.0,0.0832311572618931,0.0,0.1005100321412722,0.0,0.0,0.0,0.0,0.0,0.0,0.5537801175382617,0.1817341186292755,0.0,0.0,0.0,0.4401277386871009,0.2792965484294047,0.4495923569691081,0.3105138092719329,0.0,0.0,0.0637478540016173,0.3822132304894577,0.2136021292566872,0.2145725458958333,0.0,0.0043469643763191
0.2409043415004794,0.0161913823326995,0.0,0.0,0.0,0.0,0.217236617798044,0.0,0.2365124086975416,0.0997722207961898,0.0,0.0,0.1404726811693445,0.0,0.0,0.0,0.3012396260222824,0.3234591282585624,0.0,0.0635265295260668,0.0548136670287432,0.258190732335768,0.0,0.0,0.1015208495310241,0.0,0.0,0.2454445187319159,0.1790617891229982,0.1833946117352158,0.2200311262787073,0.0,0.054803254535939,0.1706201596163329,0.0248524767820143,0.0,0.0,0.0,0.0,0.0,0.0147407742389544,0.0,0.0,0.0,0.0,0.1529168343870465,0.0,0.0,0.0,0.0,0.0,0.0,0.0,0.0,0.0,0.0,0.0,0.0,0.0,0.0522279193445064,0.1214152591905985,0.0,0.1266824744230064,0.0,-0.0073713887176363,0.025056521792998,0.0595197100735099,0.0,0.0,0.0,0.0,0.0,0.0,0.0,0.0,0.0095793697397584
0.0450781008541424,0.0,0.0,0.0,0.0,0.0,0.1984935824419736,0.0,0.0,0.391680063505028,0.0,0.1295519011986534,0.3254828187185267,0.0,0.0,0.3012396260222824,0.0,0.3331092525658282,0.0,0.1472679113760701,0.0,0.20353035346298,0.0,0.1495652081489616,0.329360638487368,0.358124345942442,0.0,0.2139324804529931,0.0,0.0,0.0927690093447302,0.0670252854798466,0.2316344130979187,0.0517644552464588,0.0,0.0,0.0,0.0298334063678987,0.0,0.1087511510048858,0.01816631000704,0.0,0.0,0.0,0.0,0.0,0.0,0.0,0.0,0.0,0.0,0.0,0.0,0.0,0.2606997858870109,0.0,0.0,0.0,0.0,0.0,0.0,0.3527176256421807,0.0983413173325495,0.0,0.0,0.0,0.0,0.0,0.0510541823681461,0.1196252916498123,0.147886724690741,0.0,0.0,0.0,0.0,0.0
-0.0019724347930743,0.3587437473724748,0.0,0.0,0.0,0.1736046908313323,0.3110671148675873,0.0,0.0,0.3453633524675122,0.0,0.0,0.1385534089230667,0.0,0.0489032312480799,0.3234591282585624,0.3331092525658282,0.0,0.0,0.1040801459978015,0.171407062633042,0.3159743116208513,0.0,0.0,0.4202211406719322,0.152393383802254,0.2678945664019485,0.0325347788693591,0.3312768096393612,0.0,-0.000766732299127,0.1590812426964299,0.1394897871752128,0.0,0.0,0.0,0.0,0.0,0.0097688845058622,0.066706696229393,0.0824931526469954,0.0,0.0,0.0,0.0,0.0,0.1724902045799086,0.0,0.0,0.0,0.0,0.0,0.0,0.0,0.2594882391514195,0.0,0.0,0.0,0.0,0.0,0.2130889476173854,0.3282270732371684,0.2253324202453889,0.0,0.0,0.0,0.1472547429910986,0.0,0.0,0.2360089118551078,0.0759880730240609,0.0,0.0,0.0,0.0,0.1054454901141127
0.0,0.0,0.2974351567491073,0.1553520978773042,0.0458142851553917,0.1121112905957283,0.0,0.1747389981837538,-0.0075486359003259,0.0,0.3239402591938842,0.0,0.0497738440658288,0.05177359182675,0.0,0.0,0.0,0.0,0.0,0.0,0.0,0.0,0.235857246976474,0.0,0.0,0.0,0.0544644436559576,0.018532553642133,0.0,0.0,0.0,0.0139863324876401,0.0,0.0243959062927046,0.0,0.0478331280320374,0.0,0.0,0.0358856298189884,0.0,0.0,0.0,0.0,0.0,0.0,0.0,0.0,0.3010917211756228,0.0,0.0,0.0508620784274346,0.0,0.2029321146886246,0.0004467739635917,0.0,0.2527715087857619,0.0,0.0,0.0240791710804807,0.0,0.0,0.0,0.0,0.4612175114437792,0.0,0.0,0.0,0.1625761837307235,0.0,0.0,0.0,0.0,0.0,0.0,0.0,0.0
0.1645829906803226,0.1593106147200799,0.0,0.0,0.0430416047979962,0.0813301157999534,0.0,0.0,0.1262047368536766,0.0,0.0,0.0,0.0,0.0,0.5163119569345019,0.0635265295260668,0.1472679113760701,0.1040801459978015,0.0,0.0,0.4425106153565634,0.5516007439172371,0.0925996947454886,0.0,0.1663927237057166,0.1227306758910067,0.4239173721798496,0.3378770695165026,0.3550637214617304,0.1792498720737047,0.2755860437191151,0.0918462044229759,0.0277974202048424,0.0854099859698577,0.0,0.2242075188507638,0.0623189306274577,0.0,0.0,0.0708079262715854,0.0,0.0,0.0,0.0,0.0,0.0,0.162097442322052,0.0,0.0,0.0,-0.0051629921098337,0.0,0.0498842199472834,0.0,0.0,0.0,0.0,0.0,0.0,0.4664156282086463,0.0,0.0,0.0,0.0,0.4823086442462127,0.2221730945163831,0.48601201577529,0.1614647330175369,0.0,0.0,0.0008623083690909,0.2970870586897321,0.246652224569668,0.1254742272418791,0.0,0.0
0.1660372525779998,0.25752593780894,0.0,0.0,0.0,0.114816213196754,0.0,0.0,0.0,0.0,0.0,0.0,0.0,0.0,0.4586867366675178,0.0548136670287432,0.0,0.171407062633042,0.0,0.4425106153565634,0.0,0.4149108759864489,0.1080852238614768,0.0,0.3103540969920762,0.1407405638463715,0.4414672040279597,0.2032268905077001,0.3474657154594651,0.0311758508537858,0.2342998037431742,0.273658259194297,0.1761495217584314,-0.010161231442599,0.0,0.1411066297922472,0.0,0.0,0.1266688327277607,0.1589263393544721,0.0242551489656571,0.0,0.0,0.0,0.0,0.0,0.2981875527465065,0.0,0.0,0.0,0.1658531890681632,0.0,0.0535066514003687,0.0,0.0,0.0,0.0,0.0,0.0,0.4932263502439963,0.2474720339968849,0.0,0.0,0.0,0.3535722255202447,0.4800399299472257,0.4145773236208396,0.1855673399539272,0.0,0.2557024655049348,0.191073688806745,0.3489791914049069,0.2607585336198296,0.2404541054931307,0.0,0.0516966997092336
0.2669726750503791,0.1924288795480224,0.0,0.0,0.0587372022918278,0.0,0.0,0.0,0.1193884634061023,0.2661605335534182,0.0,0.0,0.0,0.0,0.4622965417870438,0.258190732335768,0.20353035346298,0.3159743116208513,0.0,0.5516007439172371,0.4149108759864489,0.0,0.0,0.0,0.2903683855037474,0.0537085903260432,0.4675461522713086,0.2789665725824913,0.4632468867323512,0.1048864648589297,0.2653341645749606,0.1576837852644795,0.0409637224603946,0.007939826535351,0.0,0.0727003567912786,0.0,0.0,-0.0036740753026297,0.0893677833671824,0.0009227381285631,0.0,0.0,0.0,0.0,0.0091996159741843,0.1874025026004753,0.0,0.0,0.0,0.0,0.0,0.0,0.0,0.0,0.0,0.0,0.0,0.0,0.4838290832894619,0.288089849789416,0.0,0.1420833853732067,0.0,0.4799375900831881,0.2240008532343926,0.5287812719318057,0.015265527609431,0.0,0.129908894000995,-0.0079421584478388,0.3652146385895692,0.0,0.2886473827932583,0.0,0.0471847924625881
0.0,0.2214463681939563,0.3436653176161225,0.1636336920141087,0.0,0.4408410378858933,0.0,0.5570732960181225,0.0,0.0319278069457694,0.1530673898365869,0.0,0.1599622886663368,0.1582766516540004,0.1608390178781519,0.0,0.0,0.0,0.235857246976474,0.0925996947454886,0.1080852238614768,0.0,0.0,0.331925653318939,0.0676771624138476,0.3898692705424239,0.1222679195645876,0.0,0.0,0.0,0.0,0.0434477434093953,0.0937250784224,0.0506664887512522,0.0,0.2168507932172023,0.0031805069281198,0.0,0.0086028975441703,0.0612345858301458,0.0,0.0,0.0832493370396852,0.0,0.0,0.0,0.1479719764556759,0.1927559330887208,0.0,0.0,0.2590766769054295,0.0,0.5212558398313826,0.0,0.0,0.2026523276228702,0.0,0.097556870398453,0.1459639290572739,0.0,0.0,0.0,0.0,0.2763079605028322,0.0,0.0,0.0,0.4929665812594745,0.0,0.0,0.1640110562806825,0.0,0.0,0.0,0.0,0.0
0.0,0.0,0.0,0.0,0.0,0.0,0.0,0.346178601387041,0.0,0.0144805717414254,0.0,0.3648717139208074,0.0931063395166379,0.0,0.0,0.0,0.1495652081489616,0.0,0.0,0.0,0.0,0.0,0.331925653318939,0.0,0.1454706688987074,0.4059853097477078,0.0,0.0,0.0,0.0,0.0,0.124686487507049,0.2395302208667334,0.0,0.014853754437265,0.0090949544551508,0.0,0.0380869900099417,0.112938522489303,0.1827621838226403,0.1757705792865753,0.0,0.0,0.0,0.163292951882274,0.0,0.0,0.0,0.0,0.0,0.0,0.0,0.0,0.0,0.0,0.0,0.1500205329475201,0.0,0.0,0.0,0.0,0.0584184315243756,0.0,0.0,0.0,0.0,0.0,0.0,0.4510113218963067,0.0600970637855092,0.3424485539533944,0.0,0.0,0.0,0.0,0.0414530810213029
0.0919287939283182,0.5475931713018187,0.0,0.0,0.0,0.2996560677312715,0.0807274794023248,0.0,0.0,0.3557944265924317,0.0,0.0,0.0313744646398368,0.0,0.1769889039677805,0.1015208495310241,0.329360638487368,0.4202211406719322,0.0,0.1663927237057166,0.3103540969920762,0.2903683855037474,0.0676771624138476,0.1454706688987074,0.0,0.364747947095548,0.3392098843280904,0.0,0.2629035285552122,0.0,0.0,0.2822337510300076,0.2570178009715961,0.0,0.0,0.0,0.0,0.0,0.1281126802396602,0.1402311778622452,0.131082254298717,0.0,0.0,0.0,0.0,0.0,0.352890323419869,0.0,0.0,0.0,0.0,0.0,0.0,0.0,0.2300347790630751,0.0,0.0,0.0,0.0,0.0,0.1813308297060534,0.3228356300243681,0.1747506778656196,0.0,0.1767352288307619,0.2483373502295278,0.2152972064700893,0.0,0.1563545553085533,0.3845107958840322,0.2979106229000002,0.0,0.0,0.0,0.0,0.1187711925770289
0.0,0.5406951051978081,0.0,0.0,0.0,0.4814179777516092,0.0762955127780212,0.3640530650900075,0.0,0.2974896832498712,0.0,0.4075003698926914,0.267990224619044,0.0,0.0638449539548589,0.0,0.358124345942442,0.152393383802254,0.0,0.1227306758910067,0.1407405638463715,0.0537085903260432,0.3898692705424239,0.4059853097477078,0.364747947095548,0.0,0.038723110507621,-0.0238239996690867,0.0,0.0,0.0,0.1662606246444284,0.2463828604487772,-0.0082755736968632,0.0,0.2479758924330895,0.0,0.1021409984850952,0.0195156246588016,0.1632674968455248,0.0348313711444939,0.0,0.0,0.0,0.1452926758540177,0.0,0.199457724866334,0.0,0.0,0.0,0.0,0.0,0.0,0.0,0.0891421304955842,0.0,0.1733349420920959,0.0,0.0,0.0508618365672923,0.0,0.1773869113470491,0.0,0.0,0.0354104706159478,0.0145257545587459,0.0237456797368161,0.1777749494777516,0.2924204586232278,0.0461445411300877,0.2913913833227969,0.0,0.0,0.0,0.0,0.0
0.1084040970558286,0.2417337493717301,0.0923152452066749,0.0,0.0177713800655984,0.1434250834798739,0.0,0.0,0.0,0.2627432003061416,0.0,0.0,0.0,0.0,0.4671109202279628,0.0,0.0,0.2678945664019485,0.0544644436559576,0.4239173721798496,0.4414672040279597,0.4675461522713086,0.1222679195645876,0.0,0.3392098843280904,0.038723110507621,0.0,0.039319393606844,0.5212243580090371,0.0,0.0841470276828917,0.2490732671414907,0.018851491832935,0.0,0.0,0.0,0.0,0.0,0.1149834416244161,0.0,0.0,0.0,0.0,0.0,0.0,0.0,0.3418635921205821,0.0895980458429792,0.0,0.0,0.1981409380937921,0.0166796638526705,0.0,0.1569558434256521,0.0,0.028654805258049,0.0,0.0,0.0,0.4019260394419046,0.0,0.0,0.0,0.1976205897437077,0.3655597373930609,0.333176332997188,0.4002243904199434,0.2160812191975888,0.0,0.0,0.085744934323015,0.4891042931896442,0.1155620258648557,0.365262187192779,0.0,0.0611350857321385
0.1309052219674433,0.0,0.1664479840360072,0.2879346550821777,0.270635846541542,0.0,0.1361670023230772,0.0,0.3232279896582845,0.2070247976323489,0.0523909895406034,0.0782067730131384,0.1978450107086487,0.0049140465815261,0.1844074514385166,0.2454445187319159,0.2139324804529931,0.0325347788693591,0.018532553642133,0.3378770695165026,0.2032268905077001,0.2789665725824913,0.0,0.0,0.0,-0.0238239996690867,0.039319393606844,0.0,0.1806664392938219,0.4488058566693249,0.4137844190793815,0.0,0.0,0.3340107608823912,0.0,0.3428944475905874,0.3337398617575957,0.2150022153728902,0.0,0.0,0.0,0.0,0.0982096783192231,0.0,0.0,0.0,0.0,0.0,0.0,0.0,0.0,0.0,0.0228922864931974,0.0,0.0,0.0,0.0,0.0,0.0,0.1745454573303563,0.0,0.0,0.0,0.0,0.0878090964144436,0.0484663836811515,0.0,0.0,0.0,0.0,0.0,-0.0125292762273798,0.3032556194923786,0.0,0.0,0.0
0.1579051439858615,0.0888778536481381,0.0,0.0,0.1509233405929987,0.0,0.1260369369529252,0.0,0.1377361243364207,0.0,0.0,0.0,0.0,0.0,0.3189551146582501,0.1790617891229982,0.0,0.3312768096393612,0.0,0.3550637214617304,0.3474657154594651,0.4632468867323512,0.0,0.0,0.2629035285552122,0.0,0.5212243580090371,0.1806664392938219,0.0,0.0798453673024335,0.2183144210694088,0.0550353539153555,0.0,0.0,0.0,0.0,0.0,0.0,0.0,0.0,0.0,0.0,0.0,0.0,0.0,0.0,0.1262217689306553,0.0,0.0,0.0,0.0082143184139851,0.0,0.0,0.0,0.0,0.0,0.0,0.0,0.0,0.3222556459233235,0.0,0.0,0.0,0.0,0.2836921987328654,0.3169228050710412,0.3299027296906138,0.0,0.0,0.0,0.0,0.3850225477519809,0.1387056448743421,0.4269114076183967,0.0,0.0312635303702937
0.0,0.0,0.0038476829609594,0.0,0.0,0.0,0.0,0.0,0.3389017434721096,0.0,0.0,0.0,0.0323784842389676,0.0,0.0,0.1833946117352158,0.0,0.0,0.0,0.1792498720737047,0.0311758508537858,0.1048864648589297,0.0,0.0,0.0,0.0,0.0,0.4488058566693249,0.0798453673024335,0.0,0.4189780762014427,0.0,0.0,0.3475133459595076,0.043930250161624,0.0,0.0,0.0,0.0,0.0,0.0,0.0,0.0,0.0,0.0,0.0,0.0,0.0,0.0,0.0,0.0,0.0,0.0,0.0,0.0,0.0,0.0,0.0,0.0,0.0,0.0,0.0,0.0,0.0,0.0164931982033482,0.0,0.0,0.0,0.0,0.0,0.0,0.0,0.0,0.0,0.0,0.0
0.2495935831370269,0.0,0.0,0.0,0.1240875209751613,0.0,0.1165271867927668,0.0,0.1500204377597555,0.2454938157120335,0.0,0.0,0.0079996868137453,0.0422977932088336,0.1476121955649421,0.2200311262787073,0.0927690093447302,-0.000766732299127,0.0,0.2755860437191151,0.2342998037431742,0.2653341645749606,0.0,0.0,0.0,0.0,0.0841470276828917,0.4137844190793815,0.2183144210694088,0.4189780762014427,0.0,0.0,0.0164682268978432,0.4190034741408117,0.0,0.2921810611162544,0.3260275467507538,0.2689672328717223,0.0,0.0601837773640023,0.0,0.0,0.0,0.0,0.0,0.1772230145220817,0.0,0.0,0.0,0.0,0.0,0.0,0.0,0.0,0.1623070158582647,0.0,0.1215641074150246,0.0,0.0,0.1718401936721551,0.006393893114108,0.0,0.0,0.0,0.0363819125043639,0.1757643146222729,0.1103043204367419,0.0,0.0,0.0,0.0,-0.0109010190926544,0.0679245219577981,0.0,0.0,0.0
0.0701057798681312,0.272515777228098,0.0,0.0,0.0,0.0724249760832488,0.0,0.0,0.0,0.0930270181986285,0.0,0.0,0.0,0.0,0.2001436743474703,0.0,0.0670252854798466,0.1590812426964299,0.0139863324876401,0.0918462044229759,0.273658259194297,0.1576837852644795,0.0434477434093953,0.124686487507049,0.2822337510300076,0.1662606246444284,0.2490732671414907,0.0,0.0550353539153555,0.0,0.0,0.0,0.2420922449241299,0.0,0.0,0.0,0.0,0.0,0.525099782756366,0.2573363048975253,0.3421358889562695,0.0,0.0169503777277112,0.0765897702568788,0.265173864881944,0.0,0.3647341612402228,0.0,0.0,0.0,0.2471087276112074,0.0,0.0,0.0,0.1524243990078022,0.0,0.0,0.0428824062576668,0.0,0.2837966842390746,0.2972933771524743,0.0,0.2332365627421226,0.2852204224187202,0.2647785374295673,0.1532809707074228,0.3042388828817201,0.1305716033629881,0.3303107429012518,0.3530134723300576,0.2491719165102306,0.242501178135409,0.199225882519826,0.2531010239383274,0.0,0.3746758594193646
0.0865219477502467,0.2289327982063598,0.0,0.0,0.0,0.1157661162251338,0.0,0.0555760444740201,0.0,0.1311756167106305,0.0,0.0635561291503791,0.005872170011295,0.0,0.0253341530273105,0.054803254535939,0.2316344130979187,0.1394897871752128,0.0,0.0277974202048424,0.1761495217584314,0.0409637224603946,0.0937250784224,0.2395302208667334,0.2570178009715961,0.2463828604487772,0.018851491832935,0.0,0.0,0.0,0.0164682268978432,0.2420922449241299,0.0,0.0181260397747849,0.0,0.0397447038122414,0.0,0.0903115818499302,0.1687425270008838,0.365034076686675,0.2160208623869692,0.0,0.0,0.0,0.2544025526709369,0.0500860055997491,0.1995179126592328,0.0,0.0,0.0,0.0,0.0,0.0,0.0,0.1650204739037813,0.0,0.0,0.0,0.0,0.0829096889051577,0.0683937242319808,0.2774324014488485,0.1278200311665273,0.0,0.0594847878315983,0.1548373002082442,0.0801557249900245,0.0476286442815317,0.2694273740145825,0.2415191087732494,0.2754527918841095,0.0337930587110663,0.0,0.0188153566296396,0.0,0.0995446531653509
0.0157984938973105,0.0,0.0506828027537791,0.387164730877648,0.2119551500663532,0.0215245453598611,0.234640066958525,0.1429937278973715,0.1786840284585554,0.1249054192526644,0.1224875008974106,0.1822053682260376,0.2400584301713032,0.2542438867142235,0.0,0.1706201596163329,0.0517644552464588,0.0,0.0243959062927046,0.0854099859698577,-0.010161231442599,0.007939826535351,0.0506664887512522,0.0,0.0,-0.0082755736968632,0.0,0.3340107608823912,0.0,0.3475133459595076,0.4190034741408117,0.0,0.0181260397747849,0.0,0.0895948822883782,0.3174976389828998,0.4181412102258984,0.3477505564020233,0.0,0.0,0.0,0.1415481472419505,0.1364947760989722,0.0,0.0,0.0521589647231881,0.0,0.0,0.0,0.0,0.0,0.0,0.1018172506552122,0.0,0.0213938795292988,0.0,0.3109830284094427,0.0,0.0,0.0,0.0,0.0,0.0,0.0,0.0,-0.0224953125129797,0.0,0.0,0.0,0.0,0.0,0.0,0.0,0.0,0.0,0.0
0.0066246332794336,0.0,0.0,0.0585178552904609,0.0277077953675251,0.0,0.0,0.0,0.0,0.0,0.0840310420283691,0.0,0.0,0.0,0.0,0.0248524767820143,0.0,0.0,0.0,0.0,0.0,0.0,0.0,0.014853754437265,0.0,0.0,0.0,0.0,0.0,0.043930250161624,0.0,0.0,0.0,0.0895948822883782,0.0,0.0,0.0,0.0,0.0,0.0,0.1033052335755298,0.2121419864592802,0.0,0.0,0.0,0.0,0.0,0.0,0.0,0.0,0.0,0.0,0.0,0.0,0.0,0.0,0.0,0.0,0.0,0.0,0.0,0.0,0.0,0.0,0.0,0.0,0.0,0.0,0.0,0.0,0.0,0.0,0.0,0.0,0.0,0.0
0.0,0.0,0.1691920030333665,0.3486780575208975,0.1492265335040291,0.2012799339854857,0.1726128594945121,0.2793076903367311,0.0727914718546688,0.250387423258393,0.0754804843483168,0.305937076605767,0.2554815818980838,0.1542728405724493,0.1256115937413975,0.0,0.0,0.0,0.0478331280320374,0.2242075188507638,0.1411066297922472,0.0727003567912786,0.2168507932172023,0.0090949544551508,0.0,0.2479758924330895,0.0,0.3428944475905874,0.0,0.0,0.2921810611162544,0.0,0.0397447038122414,0.3174976389828998,0.0,0.0,0.4058672651008846,0.3230751962029435,0.0,0.0080307992691037,0.0,0.0,0.3680554051612166,0.3017327221858942,0.0,0.0,0.0,0.0,0.0,0.0,0.0,0.1226455682444327,0.2692235938075109,0.0398796472981292,0.0,0.1155067436446959,0.3436824320056894,0.0365914274485033,0.1313524201451704,0.0,0.0,0.0,0.0,0.0,0.0,0.0,0.0,0.1434742937407477,0.0,0.0,0.0,0.0,0.0186768096881927,0.0,0.0,0.0
0.0,0.0,0.0445611325327489,0.3451488171442868,0.2385258143250612,0.0436211420150731,0.2910489441088677,0.099765536990079,0.190328221325166,0.1974870178585022,0.0614245705830044,0.1761202036693656,0.2359680688968748,0.1800815552000286,0.0,0.0,0.0,0.0,0.0,0.0623189306274577,0.0,0.0,0.0031805069281198,0.0,0.0,0.0,0.0,0.3337398617575957,0.0,0.0,0.3260275467507538,0.0,0.0,0.4181412102258984,0.0,0.4058672651008846,0.0,0.3312121407805703,0.0,0.0,0.0,0.1556506874027323,0.0,0.0,0.0,0.0,0.0,0.0,0.0,0.0,0.0,0.0,0.0,0.0,0.0,0.0,0.0,0.0,0.0,0.0,0.0,0.0,0.0,0.0,0.0,0.0,0.0,0.0,0.0,0.0,0.0,0.0,0.0,0.0,0.0,0.0
0.0,0.0,0.0,0.0,0.1872269329114113,0.0,0.2019233981322949,0.0,0.0993931013860828,0.1306269239779089,0.130189284593047,0.3170388694259078,0.2275294004024606,0.0,0.0,0.0,0.0298334063678987,0.0,0.0,0.0,0.0,0.0,0.0,0.0380869900099417,0.0,0.1021409984850952,0.0,0.2150022153728902,0.0,0.0,0.2689672328717223,0.0,0.0903115818499302,0.3477505564020233,0.0,0.3230751962029435,0.3312121407805703,0.0,0.0,0.1016557199588321,0.0,0.162964668408887,0.0,0.0,0.0020029600979874,0.0,0.0,0.0,0.0,0.0,0.0,0.0,0.0,0.0,0.0615941764974022,0.0,0.353920057172268,0.0,0.0,0.0,0.0,0.0,0.0,0.0,0.0,0.0,0.0,0.0,0.0,0.0,0.0054278571865784,0.0,0.0,0.0,0.0,0.0
0.0253582251429969,0.0882446608928178,0.0,0.0,0.0,0.0,0.0,0.0,0.0,0.0,0.0,0.0,0.0,0.0,0.1061218990796505,0.0,0.0,0.0097688845058622,0.0358856298189884,0.0,0.1266688327277607,-0.0036740753026297,0.0086028975441703,0.112938522489303,0.1281126802396602,0.0195156246588016,0.1149834416244161,0.0,0.0,0.0,0.0,0.525099782756366,0.1687425270008838,0.0,0.0,0.0,0.0,0.0,0.0,0.2411743504200185,0.3342870951005425,0.0,0.0,0.0,0.2544107119923525,0.0114924632249237,0.3490977426435975,0.0,0.0,0.0,0.2805807960622387,0.0,0.0,0.0,0.0773963437128692,0.0,0.0,0.0555483992837645,0.0,0.1654521475320435,0.2989331903875229,0.3361769736467074,0.2838616505061817,0.2214418017992339,0.2103427093295699,0.1124409557389623,0.2185811045842146,0.1449916390669848,0.3584553278054001,0.3186108802530599,0.2498649360863199,0.1916746805627669,0.1030467781718953,0.2450418309165924,0.2819903755926901,0.4531230222949926
0.0771033054883403,0.1417554602744015,0.0,0.0,0.0,0.0,0.0,0.0,0.0,0.089921453303541,0.0,0.0093375412271716,0.0,0.0,0.0625600620953678,0.0,0.1087511510048858,0.066706696229393,0.0,0.0708079262715854,0.1589263393544721,0.0893677833671824,0.0612345858301458,0.1827621838226403,0.1402311778622452,0.1632674968455248,0.0,0.0,0.0,0.0,0.0601837773640023,0.2573363048975253,0.365034076686675,0.0,0.0,0.0080307992691037,0.0,0.1016557199588321,0.2411743504200185,0.0,0.2144280996936421,0.0,0.0672099072223711,0.0631804326015011,0.2932128759996386,0.0620101078166342,0.2996573927312649,0.0,0.0,0.0,0.2093899543642055,0.0,0.0847913440500863,0.0,0.2329609111133661,0.0,0.0294142576012396,0.097149055546334,0.0,0.1547497961211647,0.1502213653970012,0.3162408403829349,0.2060390575743861,0.0,0.0859070221786386,0.1583064497452842,0.1561404177369134,0.0812483909993692,0.3174742417257946,0.273326412368279,0.3607369236263681,0.0889439952982294,0.0273545658098195,0.050267582250034,0.0398057317233375,0.1433570709933035
0.1181007815463592,0.069100913273325,0.0,0.0,0.0,0.0,0.0,0.0,0.0,0.0,0.0,0.0,0.0,0.0,0.0097657736028803,0.0147407742389544,0.01816631000704,0.0824931526469954,0.0,0.0,0.0242551489656571,0.0009227381285631,0.0,0.1757705792865753,0.131082254298717,0.0348313711444939,0.0,0.0,0.0,0.0,0.0,0.3421358889562695,0.2160208623869692,0.0,0.1033052335755298,0.0,0.0,0.0,0.3342870951005425,0.2144280996936421,0.0,0.0,0.0,0.0,0.1830522165408021,0.075359661077185,0.1456753437907993,0.0433444559664141,0.0,0.0,0.1119146759343954,0.0,0.0,0.0,0.0,0.0,0.0,0.1161225651479247,0.0,0.0686590504524691,0.1833231925010055,0.2157655940925411,0.2123478766540662,0.1930210813571341,0.1027620001946915,0.0,0.1145588622355422,0.0,0.2345351320048766,0.198955689296596,0.1564773378359898,0.0461168363749072,0.1016014120022666,0.0930138716117809,0.3153914639223018,0.3761829469246561
0.0,0.0,0.0,0.0,0.0,0.0,0.0,0.0,0.0,0.0,0.0,0.0,0.0,0.0,0.0,0.0,0.0,0.0,0.0,0.0,0.0,0.0,0.0,0.0,0.0,0.0,0.0,0.0,0.0,0.0,0.0,0.0,0.0,0.1415481472419505,0.2121419864592802,0.0,0.1556506874027323,0.162964668408887,0.0,0.0,0.0,0.0,0.0904250965467882,0.0,0.0,0.1640433881886908,0.0,0.0,0.0489351680844337,0.1156573638171902,0.0,0.1197303811096879,0.0,0.0,0.0,0.0,0.1429790144280975,0.0,0.0,0.0,0.0,0.0,0.0,0.0,0.0,0.0,0.0,0.0,0.0,0.0,0.0,0.0,0.0,0.0,0.0,0.0
0.0,0.0,-0.0088838047946473,0.0,0.0011464905351079,0.0820345827567983,0.0,0.1692266833009525,0.0,0.0,0.0,0.0,0.1231540786367095,0.0458308892982796,0.0,0.0,0.0,0.0,0.0,0.0,0.0,0.0,0.0832493370396852,0.0,0.0,0.0,0.0,0.0982096783192231,0.0,0.0,0.0,0.0169503777277112,0.0,0.1364947760989722,0.0,0.3680554051612166,0.0,0.0,0.0,0.0672099072223711,0.0,0.0904250965467882,0.0,0.4242232630187453,0.0,0.0,0.0,0.0,0.2699416048004999,0.1563340394512586,0.0651571753482614,0.3269169593149262,0.16779967309985,0.0,0.2182625240447651,0.0,0.1986732672040899,0.2543799508697099,0.194160203253594,0.0,0.0,0.099263454013872,0.0,0.0,0.0,0.0,0.0,0.0755317942025423,0.0790620590785662,0.0,0.0895285280596095,0.0,0.0249607403554065,0.0,0.0,0.0
0.0,0.0,0.0,0.0,0.0,0.0,0.0,0.0,0.0,0.0,0.0,0.0,0.0,0.0,0.0,0.0,0.0,0.0,0.0,0.0,0.0,0.0,0.0,0.0,0.0,0.0,0.0,0.0,0.0,0.0,0.0,0.0765897702568788,0.0,0.0,0.0,0.3017327221858942,0.0,0.0,0.0,0.0631804326015011,0.0,0.0,0.4242232630187453,0.0,0.0081736037270737,0.0,0.0,0.0,0.2140809319436245,0.2423600243267288,0.0740527876093728,0.3497389205053917,0.0502279282980235,0.0,0.3190907299898839,0.0,0.1333063712011196,0.1625977805424026,0.0621899329787932,0.0,0.0,0.0,0.0,0.0,0.0,0.0,0.0,0.0265263234840096,0.0,0.0,0.0,0.0668293722845521,0.2138975915965383,0.0058609667236337,0.0,0.0
0.0,0.0,0.0,0.0,0.0,0.0,0.0,0.0,0.0,0.0,0.0,-0.001098611684708,0.0,0.0,0.0,0.0,0.0,0.0,0.0,0.0,0.0,0.0,0.0,0.163292951882274,0.0,0.1452926758540177,0.0,0.0,0.0,0.0,0.0,0.265173864881944,0.2544025526709369,0.0,0.0,0.0,0.0,0.0020029600979874,0.2544107119923525,0.2932128759996386,0.1830522165408021,0.0,0.0,0.0081736037270737,0.0,0.0,0.0,0.0,0.0,0.0,0.0,0.0,0.0,0.0345120439771634,0.0117427500781132,0.0,0.0,0.0986908813117221,0.0,0.0,0.0,0.1811172537946967,0.0,0.0,0.0,0.0,0.0,0.0,0.2953771907514368,0.1618786873974719,0.1132598105820093,0.0,0.1689048751206731,0.0,0.0,0.2251805816543232
0.3693898673357759,0.0,0.0,0.0,0.0,0.0,0.0,0.0,0.0,0.0,0.0,0.0,0.0,0.0,0.0,0.1529168343870465,0.0,0.0,0.0,0.0,0.0,0.0091996159741843,0.0,0.0,0.0,0.0,0.0,0.0,0.0,0.0,0.1772230145220817,0.0,0.0500860055997491,0.0521589647231881,0.0,0.0,0.0,0.0,0.0114924632249237,0.0620101078166342,0.075359661077185,0.1640433881886908,0.0,0.0,0.0,0.0,0.0,0.0,0.0,0.0,0.0,0.0,0.0,0.0,0.0856597699678284,0.0,0.0,0.0,0.0,0.0235900289973106,0.2433195761896494,0.0,0.2259079214273894,0.0,0.0,0.0764973932439278,0.0195134902085124,0.0,0.0138265719471349,0.1498953613451464,0.0265901404538818,-0.0071720239870017,0.0,0.1612024780535323,0.0,0.190068079008999
0.0129017973366293,0.3753027665532342,0.0,0.0,0.0,0.0,0.0,0.0,0.0,0.0,0.0,0.0,0.0,0.0,0.2714128767766203,0.0,0.0,0.1724902045799086,0.0,0.162097442322052,0.2981875527465065,0.1874025026004753,0.1479719764556759,0.0,0.352890323419869,0.199457724866334,0.3418635921205821,0.0,0.1262217689306553,0.0,0.0,0.3647341612402228,0.1995179126592328,0.0,0.0,0.0,0.0,0.0,0.3490977426435975,0.2996573927312649,0.1456753437907993,0.0,0.0,0.0,0.0,0.0,0.0,0.0,0.0,0.0,0.545490102625218,0.0,0.1447235632917883,0.0,0.2869238116219417,0.0,0.0,0.1468404572241619,0.0,0.2989254625842646,0.2585122319110577,0.4319276322423165,0.2775613450884293,0.0,0.2221493838714053,0.2231991673244205,0.2891176035639744,0.319678727120822,0.0,0.4860351737030272,0.4862626407541708,0.4429318390560194,0.0518879261437686,0.2624930873560163,0.0,0.1869204061469218
0.0,0.0,0.5275968244638538,0.0,0.1800128534212899,0.0705243448303868,0.0,0.0778994255269651,0.3015853077025998,0.0,0.288474378208411,0.0,0.0702976405486163,0.0,0.0,0.0,0.0,0.0,0.3010917211756228,0.0,0.0,0.0,0.1927559330887208,0.0,0.0,0.0,0.0895980458429792,0.0,0.0,0.0,0.0,0.0,0.0,0.0,0.0,0.0,0.0,0.0,0.0,0.0,0.0433444559664141,0.0,0.0,0.0,0.0,0.0,0.0,0.0,0.0,0.1075914289924034,0.0244676754341476,0.0,0.0570706232416528,0.4631011369426448,0.0,0.4305453961799655,0.0,0.0,0.0,0.0,0.0,0.0,0.0,0.2370908202570452,0.0,0.0,0.0,0.1231120548452204,0.0,0.0,0.0,0.054066891204319,0.1375874158070814,0.0062568677383959,0.1448076501695141,0.0
0.0,0.0,0.0,0.0,0.0,0.0,0.0,0.0,0.0,0.0,0.0,0.0,0.0,0.0,0.0,0.0,0.0,0.0,0.0,0.0,0.0,0.0,0.0,0.0,0.0,0.0,0.0,0.0,0.0,0.0,0.0,0.0,0.0,0.0,0.0,0.0,0.0,0.0,0.0,0.0,0.0,0.0489351680844337,0.2699416048004999,0.2140809319436245,0.0,0.0,0.0,0.0,0.0,0.1948535922455172,0.0,0.1054167441594598,0.1483851974288746,0.0265962552260946,0.0,0.0655590046699836,0.0,0.0,0.1938779618219585,0.0,0.0,0.0,0.0,0.0,0.0,0.0,0.0,0.0631109143072735,0.0,0.0,0.0,0.0,0.0493369502645764,0.0,0.0,0.0
0.0,0.0,0.0878519580767619,0.0,0.0,0.0,0.0,0.0,0.0,0.0,0.2604636847087294,0.0,0.0,0.0,0.0,0.0,0.0,0.0,0.0,0.0,0.0,0.0,0.0,0.0,0.0,0.0,0.0,0.0,0.0,0.0,0.0,0.0,0.0,0.0,0.0,0.0,0.0,0.0,0.0,0.0,0.0,0.1156573638171902,0.1563340394512586,0.2423600243267288,0.0,0.0,0.0,0.1075914289924034,0.1948535922455172,0.0,0.0,0.4130532052380342,0.0,0.2177896951704586,0.0,0.1197246071556121,0.0494702117752219,0.0193531878317045,0.287233960020173,0.0,0.0,0.0,0.0,0.0,0.0,0.0,0.0,0.0,0.0,0.0,0.0,0.0,0.1291246180792444,0.0,0.0,0.0
0.0,0.0,0.049066859391935,0.0,0.0,0.3246122257335631,0.0,0.1772123569528188,0.0,0.0,0.0,0.0,0.0155479595250854,0.0,0.0832311572618931,0.0,0.0,0.0,0.0508620784274346,-0.0051629921098337,0.1658531890681632,0.0,0.2590766769054295,0.0,0.0,0.0,0.1981409380937921,0.0,0.0082143184139851,0.0,0.0,0.2471087276112074,0.0,0.0,0.0,0.0,0.0,0.0,0.2805807960622387,0.2093899543642055,0.1119146759343954,0.0,0.0651571753482614,0.0740527876093728,0.0,0.0,0.545490102625218,0.0244676754341476,0.0,0.0,0.0,0.0,0.2821810906840276,0.0,0.1955734833180212,0.0,0.0,0.3637060284427627,0.0,0.0691812829953202,0.066143891895814,0.3140579544709706,0.1618286467502649,0.249071104339747,0.0434752386914662,0.1454868566989388,0.083156391553844,0.3719235798044104,0.0,0.3458303662098173,0.4551908740964407,0.2932402020751132,-0.0067260882852146,0.1431835340745029,0.0771860316638731,0.1004910983747823
0.0,0.0,0.0,0.0,0.0,0.0,0.0,0.0,0.0,0.0,0.0,0.0,0.0,0.0,0.0,0.0,0.0,0.0,0.0,0.0,0.0,0.0,0.0,0.0,0.0,0.0,0.0166796638526705,0.0,0.0,0.0,0.0,0.0,0.0,0.0,0.0,0.1226455682444327,0.0,0.0,0.0,0.0,0.0,0.1197303811096879,0.3269169593149262,0.3497389205053917,0.0,0.0,0.0,0.0,0.1054167441594598,0.4130532052380342,0.0,0.0,0.0,0.0,0.294911196450521,0.0,0.0227269451872777,0.2418698416393684,0.1582426477574832,0.0,0.0935788491358717,0.1510834188045637,0.1007952596423358,0.0,0.0,0.0,0.0,0.0,0.0,0.0362348315216622,0.0,0.0505852706006419,0.1230909400989023,0.1054041225756068,0.0,0.0
0.0,0.0,0.2204230364453053,0.0,0.0,0.3033134627799231,0.0,0.5434068038848957,0.0,0.0,0.1466431165013182,0.0,0.137243502271206,0.0,0.1005100321412722,0.0,0.0,0.0,0.2029321146886246,0.0498842199472834,0.0535066514003687,0.0,0.5212558398313826,0.0,0.0,0.0,0.0,0.0228922864931974,0.0,0.0,0.0,0.0,0.0,0.1018172506552122,0.0,0.2692235938075109,0.0,0.0,0.0,0.0847913440500863,0.0,0.0,0.16779967309985,0.0502279282980235,0.0,0.0,0.1447235632917883,0.0570706232416528,0.1483851974288746,0.0,0.2821810906840276,0.0,0.0,0.0,0.0,0.1577680665739406,0.0,0.1737024793945836,0.1884434009624371,0.0,0.0,0.0,0.0,0.1915860610769691,0.0,0.0262464728355008,0.0,0.5097871881718631,0.1997126039828726,0.0,0.2127785281426514,0.0,0.0,0.0,0.0,0.0
0.0,0.0,0.36212792283045,0.0,0.2188591513341527,0.0492372634801919,0.0,0.0,0.4566279892076848,0.0,0.030795405552143,0.0,0.0,0.0,0.0,0.0,0.0,0.0,0.0004467739635917,0.0,0.0,0.0,0.0,0.0,0.0,0.0,0.1569558434256521,0.0,0.0,0.0,0.0,0.0,0.0,0.0,0.0,0.0398796472981292,0.0,0.0,0.0,0.0,0.0,0.0,0.0,0.0,0.0345120439771634,0.0,0.0,0.4631011369426448,0.0265962552260946,0.2177896951704586,0.0,0.0,0.0,0.0,0.0,0.3522124145673971,0.0,0.0,0.0,0.0,0.0,0.0,0.0,0.0059815663950348,0.2478614317342087,0.0,0.2240087285880853,0.0,0.0,0.0,0.0,0.1431720358842049,0.2296607049274905,0.0655611141899034,0.0,0.0
0.024939132942986,0.0,0.0,0.0,0.0,0.0,0.0,0.0,0.0,0.4927678983060243,0.0,0.0,0.0,0.0,0.0,0.0,0.2606997858870109,0.2594882391514195,0.0,0.0,0.0,0.0,0.0,0.0,0.2300347790630751,0.0891421304955842,0.0,0.0,0.0,0.0,0.1623070158582647,0.1524243990078022,0.1650204739037813,0.0213938795292988,0.0,0.0,0.0,0.0615941764974022,0.0773963437128692,0.2329609111133661,0.0,0.0,0.2182625240447651,0.3190907299898839,0.0117427500781132,0.0856597699678284,0.2869238116219417,0.0,0.0,0.0,0.1955734833180212,0.294911196450521,0.0,0.0,0.0,0.0,0.0,0.2114108349353209,0.0,0.0,0.2743174754268473,0.4964577363759428,0.3411528483832216,0.0,0.0075795475036312,0.0,0.138677130452627,0.0,0.1485337075536195,0.4109253995520814,0.3378463177007622,0.1960331488281253,0.1282071975720327,0.2003906218546634,0.0,0.1088509502750033
