0.0,0.0903461111248055,0.0,0.0,0.0,0.0448121491186633,0.0,0.0187629400955539,0.0,0.5013685458126913,0.0,0.4762010827241141,0.3408003179567644,0.0,0.0,0.4945065562227688,0.2269501905173848,0.4106658181631951,0.0,0.0,0.2207205539696354,0.2391659626406876,0.0090336596969949,0.5271787753104078,0.3043257568322733,0.4873532636152533,0.1692613787146239,0.1803234148490698,0.1259710380004608,0.0,0.1699794162999141,0.2705974332542513,0.5374521888321168,0.3068691837955745,0.0730819469524343,0.0,0.0,0.1532077183308199,0.210046031076391,0.2373199129222629,0.107019170766132,0.0,0.0,0.0,0.0,0.5631347422905199,0.0744848483646329,0.0,0.0,0.0,0.0,0.0,0.0,0.0,0.2377571380431049,0.0,0.0,0.0,0.0,0.0,0.0503092315283646,0.0,0.1195970855775756,0.0,0.0,0.1519925390226512,0.0520425042578833,0.0,0.0844477938872941,0.0754173692660971,0.1236361685805188,0.0,0.0,0.0,0.0,0.3133724766419634
0.0903461111248055,0.0,0.0,0.0,0.0,0.6857513524024083,0.0,0.2507145486869497,0.5968284869754242,0.0,0.0,0.0,0.2636847769707998,0.0,0.609994236277566,0.0308855948520168,0.3850986555473245,0.17373656385451,0.0,0.6494192597391297,0.3729070242682418,0.6770092175929221,0.5811258621642852,0.0,0.7899017702950927,0.8155813030058964,0.7221489316208454,0.2627882188449848,0.2614188547079701,0.0,0.0,0.0,0.1446976122407859,0.0401325441507497,0.0,0.0,0.0,0.0,0.0,0.0,0.0,0.0,0.0,0.0,0.0,0.0,0.7880063452912612,0.0,0.0,0.0,0.2358787028954872,0.0,0.0,0.0,0.0,0.0,0.0,0.0,0.0,0.5370120785168963,0.057114795296779,0.0,0.0,0.0,0.5328423442946795,0.2128781823123292,0.608832367796794,0.3625029232819035,0.0,0.4627226169653603,0.5719640498931506,0.7113282048157614,0.0,0.0,0.0,0.0
0.0,0.0,0.0,0.0,0.0,0.6001634885588069,0.0,0.4131966152711114,0.6511721154297566,0.4578353879716946,0.6182086209712802,0.170200675421974,0.1149252889101292,0.0,0.0,0.0,0.0,0.0,0.563335422991215,0.0,0.0,0.0,0.8139741429649876,0.0,0.0,0.0,0.654157578131554,0.370655437873087,0.0,0.0,0.0424500975750715,0.0,0.1869913218827835,0.1723248725945318,0.0,0.1605834172426878,0.3656340735828373,0.0,0.0,0.0,0.0,0.0,0.0,0.0,0.0,0.0,0.0,0.9221421649358312,0.0,0.2442305068064911,0.1706633324930365,0.1536583845853118,0.5092150378400351,0.5843641922021526,0.0,0.6269405441409017,0.0,0.1494595629073485,0.2525964493484602,0.0,0.0,0.0,0.0,0.6147239288758531,0.0,0.0,0.0,0.6791697446928578,0.0,0.0,0.0,0.5323318534463838,0.0066309680899132,0.0,0.0,0.0
0.0,0.0,0.0,0.0,0.2935159000339859,0.0,0.165782123126419,0.0,0.0,0.0,0.0,0.096941070143521,0.0970979358884333,0.3307043023478022,0.0,0.0,0.0,0.0,0.0,0.0,0.0,0.0,0.0,0.0,0.0,0.0,0.0,0.1390206516792919,0.0,0.0,0.2534049011364427,0.1186275816803328,0.0,0.3013891955228778,0.5493744736159271,0.1840868668553142,0.0,0.018150577022211,0.0,0.0,0.0,0.0,0.0,0.0,0.0,0.0,0.0,0.0,0.0,0.0,0.0,0.0,0.0,0.0,0.0,0.0,0.0,0.0,0.0,0.0,0.0,0.0,0.0,0.0,0.0,0.0,0.0,0.0,0.0,0.0,0.0,0.0,0.0,0.0,0.0,0.0
0.0,0.0,0.0,0.2935159000339859,0.0,0.0,0.7410531932109832,0.0,0.0751236069363029,0.0835148442135862,0.0646727007353296,0.4586201390759057,0.2246990953191027,0.3864907313766577,0.0,0.334876004526075,0.0,0.0,0.0442277373999494,0.0,0.0,0.0,0.0,0.0,0.0,0.0,0.0,0.0,0.0,0.0,0.0139059439635601,0.4676305039344102,0.2274816240953967,0.1369277162953356,0.1486317573573632,0.0871157835342805,0.0,0.0001258965507845,0.4022575580163453,0.0,0.0,0.0,0.2741134355227231,0.0,0.0,0.0,0.0,0.0337961273335009,0.0,0.1891578429744918,0.0,0.0,0.0,0.0,0.0,0.2378246781940761,0.0,0.0,0.0,0.0,0.0,0.0,0.0,0.0,0.0,0.0,0.0,0.0,0.0,0.0,0.0,0.0,0.0,0.0,0.0,0.0
0.0448121491186633,0.6857513524024083,0.6001634885588069,0.0,0.0,0.0,0.0,0.4949093065989934,0.4500788962642129,0.4494491345516255,0.3480704929489748,0.1816995275333836,0.4841725165890656,0.0,0.5606223994900594,0.0,0.1016494477692491,0.0,0.4401804684354792,0.4046735296616775,0.546383901153734,0.4268604611499525,0.7838853713884412,0.0,0.3789162789946145,0.6883193913244913,0.4724911812296376,0.4712682715384677,0.2788284958778934,0.0,0.0,0.0,0.0,0.2881881162385228,0.0694336075756275,0.3650047614038608,0.4092649228898404,0.2941610420083262,0.0,0.0,0.0,0.0,0.0,0.0,0.0,0.0,0.6525022080053883,0.5777161394990984,0.0,0.0,0.3312396953671536,0.0179590680383572,0.4482008044408587,0.47947647593178,0.0,0.3864179665871536,0.0,0.3837101671415019,0.0,0.4957947346418359,0.0,0.0,0.0,0.5880926303122777,0.1510218959250021,0.4964242742607055,0.3218568412348275,0.6772954638823657,0.0,0.0,0.6263706238872927,0.4070676291271413,0.0,0.0,0.0,0.0
0.0,0.0,0.0,0.165782123126419,0.7410531932109832,0.0,0.0,0.0,0.0,0.2214597602829731,0.0,0.4991863996039295,0.3727890388856767,0.2340640181190488,0.0,0.4615532600331866,0.1418742319264354,0.5271058108080005,0.1273596810924313,0.0,0.0,0.0,0.0,0.2995635642160477,0.1566224999008106,0.0405067842003337,0.0685880777903919,0.0,0.0,0.0,0.0,0.5302333668306684,0.3041917706982732,0.0328809365026352,0.0657283511406129,0.054283934339393,0.0,0.0,0.4110564965778386,0.0,0.1669115357200367,0.0,0.3434454932590838,0.0,0.0,0.0,0.0,0.0,0.0,0.0,0.0,0.0,0.0,0.0,0.0,0.1416657760971566,0.0,0.0,0.0,0.0,0.0,0.0,0.0,0.0,0.0,0.0,0.0,0.0,0.0,0.0,0.0,0.0,0.0,0.0,0.0,0.0
0.0187629400955539,0.2507145486869497,0.4131966152711114,0.0,0.0,0.4949093065989934,0.0,0.0,0.0526926524609659,0.0720143610197135,0.2859335452614,0.3888682890344753,0.1129120960745367,0.0807823867810614,0.1790006547657935,0.0,0.0,0.0,0.2715274899111516,0.0,0.4260693996838167,0.0251143154018661,0.637844306139654,0.1665193877438067,0.0328857658566749,0.2377405894182086,0.1979526835230656,0.0590962439338475,0.0,0.0726056509016599,0.0,0.0,0.0,0.0930928294135838,0.1662012693339092,0.2323994455358671,0.0651493689147668,0.0,0.0,0.0,0.0,0.0,0.0114273195367617,0.0,0.0,0.0,0.0,0.4308525776326035,0.0,0.0,0.2478880539599241,0.0,0.7162500483016717,0.1892699749136544,0.0,0.3218738353083458,0.0,0.0841046192600443,0.044195280942588,0.2669494194603199,0.0,0.0,0.0,0.4059641479426066,0.0,0.4507494171017218,0.0,0.5866326124969183,0.0,0.0,0.0,0.0896524891605378,0.0,0.0,0.0,0.0
0.0,0.5968284869754242,0.6511721154297566,0.0,0.0751236069363029,0.4500788962642129,0.0,0.0526926524609659,0.0,0.6408826858619404,0.3816701584992106,0.1317734671271829,0.2757457662568722,0.0,0.0,0.0259183029973242,0.0,0.1182695709397422,0.4430751327709783,0.5991402523586622,0.0,0.7228572377303627,0.4204891567524502,0.2342593522308561,0.4812747409273447,0.5827318140755542,0.7695487220657881,0.3977268997998203,0.3692522918736236,0.0,0.0799063091428613,0.0,0.2631390319700691,0.147360371446122,0.0,0.2355559804006025,0.3820671774441568,0.3265900118759268,0.0,0.0,0.0,0.0,0.0,0.0,0.0,0.0,0.0,0.5932179065601135,0.0,0.4608524150424917,0.0,0.3765146245851769,0.135292296740229,0.8776432304100231,0.0,0.5021600830851325,0.0,0.2033615950386624,0.0546283982645001,0.0,0.0,0.0,0.0,0.4243445793522233,0.0,0.0,0.0,0.2286937578656286,0.0,0.0,0.0,0.6301569952694278,0.0,0.0,0.0,0.0
0.5013685458126913,0.0,0.4578353879716946,0.0,0.0835148442135862,0.4494491345516255,0.2214597602829731,0.0720143610197135,0.6408826858619404,0.0,0.3137051236204596,0.3401393178439149,0.4308375616897142,0.0,0.0,0.3651527653633107,0.4963332362870551,0.4507624824423121,0.4340149012225175,0.3260660227219049,0.0,0.5606693050089921,0.3046411839819855,0.4884623326349847,0.6550434153786556,0.6971709083523263,0.6343907971900707,0.3505530135975561,0.3243574419792523,0.0,0.1000410647275486,0.0,0.4476538994242018,0.1007337342215051,0.0,0.1015731525437446,0.2891757952219188,0.1575017074004467,0.013116679524282,0.2577228518093915,0.0,0.0,0.0,0.0,0.4638767829637262,0.263893877807743,0.0,0.0,0.0,0.0,0.0,0.0,0.0,0.0,0.4567922784854811,0.0,0.3407405831506296,0.3123868841254758,0.0,0.0,0.0,0.0,0.0,0.0,0.0,0.0,0.0,0.0,0.0830702016455739,0.4769010437588608,0.4352600126024335,0.0,0.1790771658749826,0.0,0.0,0.2264987889634747
0.0,0.0,0.6182086209712802,0.0,0.0646727007353296,0.3480704929489748,0.0,0.2859335452614,0.3816701584992106,0.3137051236204596,0.0,0.1778389560286193,0.0,0.0,0.0,0.0,0.0084804374888051,0.0,0.3291702997081241,0.0,0.0,0.0,0.5065679727413716,0.1191170624232337,0.0,0.3179172964613352,0.4429746640138728,0.12266692888138,0.0,0.0,0.0,0.0,0.1179340283275822,0.101685856084598,0.0,0.0546491960938603,0.0590070641453732,0.0554985836222791,0.0,0.0,0.0,0.0,0.0,0.0,0.0,0.0,0.0,0.6548327292141339,0.0,0.3055820242044586,0.1217656448273129,0.0582842391614954,0.274143611844947,0.4230131038223558,0.0,0.7655637050128082,0.0,0.0242746952469064,0.2246508755687469,0.0,0.0,0.0,0.0,0.401545204257112,0.0,0.0,0.0,0.3964957103945838,0.0,0.0,0.0,0.376866932962391,0.0275700612774955,0.0,0.0,0.0
0.4762010827241141,0.0,0.170200675421974,0.096941070143521,0.4586201390759057,0.1816995275333836,0.4991863996039295,0.3888682890344753,0.1317734671271829,0.3401393178439149,0.1778389560286193,0.0,0.4349850299316335,0.0,0.0,0.0,0.1308039763728123,0.2065555486717239,0.3338137668113718,0.0,0.1377954394085591,0.0,0.1481351127672721,0.7236821266360711,0.0582823167664773,0.388206863497636,0.0621898921063986,0.0,0.0,0.0,0.0,0.2771454814534391,0.4304078805356264,0.1566879414945469,0.1003945913139637,0.2070214424704619,0.0,0.3237764621836271,0.2430473683384662,0.2957413258829938,0.0355472208583503,0.0565593720844784,0.3988753264065894,0.0,0.2989068684219305,0.0,0.0,0.0,0.0,0.0,0.0,0.0,0.0,0.0,0.3366668608265345,0.0,0.5838691573485315,0.1868230267735746,0.0,0.0,0.0,0.0719640188467476,0.0,0.0,0.0,0.0,0.0,0.0,0.4561256027195086,0.142560832930419,0.208978687610742,0.0,0.2390423288158466,0.0,0.0,0.1265908021345488
0.3408003179567644,0.2636847769707998,0.1149252889101292,0.0970979358884333,0.2246990953191027,0.4841725165890656,0.3727890388856767,0.1129120960745367,0.2757457662568722,0.4308375616897142,0.0,0.4349850299316335,0.0,0.0,0.0,0.2466026302710402,0.267617589839519,0.3192640842407057,0.353427881681341,0.0,0.2246056604424554,0.2126749176388158,0.0861232849162395,0.2587186426473428,0.2616717740989284,0.5212770652989427,0.1911994080117091,0.4813785618847185,0.2155439666353779,0.2129323824368208,0.0408802693246838,0.0474872776591362,0.2156253540752064,0.3226344540646805,0.1703874147241143,0.3231805563189002,0.2591881548877714,0.2477169733830615,0.0,0.0,0.0,0.0,0.0,0.0,0.2277441709145029,0.0,0.0,0.2196755747413347,0.0,0.0,0.0,0.0,0.0,0.0,0.0,0.243133307741684,0.0913028175562101,0.0,0.0,0.0,0.0,0.0,0.0,0.0,0.0,0.0,0.0,0.0,0.0,0.2990775035705279,0.26225889433367,0.0,0.0,0.0,0.0,0.0
0.0,0.0,0.0,0.3307043023478022,0.3864907313766577,0.0,0.2340640181190488,0.0807823867810614,0.0,0.0,0.0,0.0,0.0,0.0,0.0,0.0,0.0,0.0,0.0,0.0,0.0,0.0,0.0,0.0,0.0,0.0,0.0,0.0,0.0,0.0,0.0,0.3183015624561608,0.0,0.0,0.0,0.0,0.0,0.0,0.2691713445455587,0.0,0.0,0.0,0.349131185156271,0.0,0.0,0.0,0.0,0.0,0.0,0.0,0.0,0.0,0.0,0.0,0.0,0.0,0.0,0.0,0.0,0.0,0.0,0.0,0.0,0.0,0.0,0.0,0.0,0.0,0.0,0.0,0.0,0.0,0.0,0.0,0.0,0.0
0.0,0.609994236277566,0.0,0.0,0.0,0.5606223994900594,0.0,0.1790006547657935,0.0,0.0,0.0,0.0,0.0,0.0,0.0,0.0,0.0,0.0,0.0,0.7911583847074677,0.6606463558044852,0.6778468885098214,0.6762293620619038,0.0,0.4635155667144293,0.5148268829031767,0.6970209715815762,0.4492493933729055,0.5410120956410601,0.0,0.2011369042580029,0.0,0.0,0.0797083467859949,0.0,0.0343095383964259,0.0,0.0,0.0,0.0,0.0,0.0,0.0,0.0,0.0,0.0,0.7091678720480455,0.0,0.0,0.0,0.277589396992619,0.0,0.2530022372156566,0.0,0.0,0.0,0.0,0.0533532462637902,0.0,0.9363194578618032,0.1363437846644801,0.0,0.0,0.0,0.5938494916148006,0.4945252128174052,0.70786054340684,0.5469200125613826,0.0,0.2520840921866255,0.5337820282537463,0.7831206491192548,0.0,0.0,0.0,0.0
0.4945065562227688,0.0308855948520168,0.0,0.0,0.334876004526075,0.0,0.4615532600331866,0.0,0.0259183029973242,0.3651527653633107,0.0,0.0,0.2466026302710402,0.0,0.0,0.0,0.3746416258815125,0.7643584892943232,0.0,0.0,0.0870346983177542,0.1541903355193302,0.0,0.2626762495201334,0.3871342945438181,0.1403271421801842,0.1856330179141308,0.0056289325729741,0.3114473614829712,0.1592319378855114,0.3635337895291708,0.3747286400716262,0.3297818926675085,0.0532261155186423,0.0,0.0,0.0,0.0,0.3651449101784018,0.2027987178215003,0.2451347310014092,0.0644861301824931,0.0,0.0,0.0,0.345788122082682,0.0,0.0,0.0,0.0,0.0,0.0,0.0,0.0,0.0,0.0,0.0,0.0,0.0,0.0,0.312727925821444,0.0,0.3702820825132794,0.0,0.0,0.0,0.0,0.0,0.0,0.1243076123343165,0.0,0.0,0.0,0.2052086893066644,0.0,0.4774027119696059
0.2269501905173848,0.3850986555473245,0.0,0.0,0.0,0.1016494477692491,0.1418742319264354,0.0,0.0,0.4963332362870551,0.0084804374888051,0.1308039763728123,0.267617589839519,0.0,0.0,0.3746416258815125,0.0,0.6355140640755969,0.0,0.111490773477531,0.0,0.1779469552068297,0.0,0.3823018544317539,0.5076801202445209,0.3154278865477403,0.0,0.0,0.0696576122711604,0.0,0.0973003502218809,0.0427825975334306,0.2749846298609035,0.0,0.0,0.0,0.0,0.0,0.0,0.1981537089267754,0.0,0.0,0.0,0.0,0.0,0.0,0.0,0.0,0.0,0.0,0.0,0.0,0.0,0.0,0.0690561785197753,0.0,0.0,0.0,0.0,0.0,0.0,0.4708281495708339,0.3751114892150489,0.0,0.0,0.0,0.0,0.0,0.0,0.1184255932152186,0.0,0.0,0.0,0.0,0.0,0.0
0.4106658181631951,0.17373656385451,0.0,0.0,0.0,0.0,0.5271058108080005,0.0,0.1182695709397422,0.4507624824423121,0.0,0.2065555486717239,0.3192640842407057,0.0,0.0,0.7643584892943232,0.6355140640755969,0.0,0.0,0.0,0.0,0.2147324624830928,0.0,0.392546714245866,0.578505174922417,0.2748092877121471,0.2752260279982504,0.0,0.142460708420504,0.0530390097596329,0.0150054939842425,0.4219889291620301,0.5135436103322539,0.0,0.0,0.0,0.0,0.0,0.4340917254653245,0.4113844454476666,0.2940815200079084,0.0174951492467524,0.0,0.0,0.0,0.2221509702950181,0.0,0.0,0.0,0.0,0.0,0.0,0.0,0.0,0.1376580224782648,0.0,0.0583273997512689,0.0,0.0,0.0,0.4798037871219474,0.2580249820819079,0.4353082766388653,0.0,0.0,0.0,0.1651341523799587,0.0,0.0192236079764556,0.2211881878447197,0.0,0.0,0.0,0.0,0.0,0.5819821507432458
0.0,0.0,0.563335422991215,0.0,0.0442277373999494,0.4401804684354792,0.1273596810924313,0.2715274899111516,0.4430751327709783,0.4340149012225175,0.3291702997081241,0.3338137668113718,0.353427881681341,0.0,0.0,0.0,0.0,0.0,0.0,0.0,0.0,0.0,0.425086480498038,0.0,0.0,0.0,0.4745066042796573,0.3945950050545684,0.0,0.0,0.0524928014888186,0.0,0.0,0.4300853478704177,0.202299641434799,0.3597891186632851,0.3488085317801858,0.2590360103975802,0.0,0.0,0.0,0.0,0.0174038413483629,0.0,0.0,0.0,0.0,0.5555078874241236,0.0,0.0,0.0,0.0,0.1630334597170397,0.3480468110810714,0.0,0.4482293435541122,0.0,0.2126288576074674,0.0139609329903416,0.0,0.0,0.0,0.0,0.7369453915230452,0.0,0.0,0.0,0.3575794288672931,0.0,0.0,0.0,0.2005622436386328,0.0,0.0,0.0,0.0
0.0,0.6494192597391297,0.0,0.0,0.0,0.4046735296616775,0.0,0.0,0.5991402523586622,0.3260660227219049,0.0,0.0,0.0,0.0,0.7911583847074677,0.0,0.111490773477531,0.0,0.0,0.0,0.3338196102080298,0.7785725848393302,0.4302658228231389,0.0,0.4357467325025728,0.4083688071904363,0.7125177329842702,0.3341655699198651,0.5798603445707059,0.0,0.0918460889180203,0.0,0.0,0.0,0.0,0.0204448661494226,0.3605882605744087,0.0,0.0,0.0,0.0,0.0,0.0,0.0,0.0,0.0,0.5936290111305479,0.0,0.0,0.0,0.1364125490693198,0.0,0.0064095170656227,0.0,0.0,0.0,0.0,0.0,0.0,0.6785627076632827,0.1777985981146576,0.0,0.0,0.0,0.7622784624641242,0.1897716432751909,0.7347994432611789,0.2680604548066163,0.0,0.2281681434861708,0.3746946842216361,0.816906066670245,0.0,0.0,0.0,0.0
0.2207205539696354,0.3729070242682418,0.0,0.0,0.0,0.546383901153734,0.0,0.4260693996838167,0.0,0.0,0.0,0.1377954394085591,0.2246056604424554,0.0,0.6606463558044852,0.0870346983177542,0.0,0.0,0.0,0.3338196102080298,0.0,0.4003749482145469,0.5669479011666752,0.2308266331333557,0.2851058393816072,0.4907981869272713,0.4380243251563402,0.4563011899416873,0.4497040792973105,0.0,0.3152584852283562,0.0,0.064776132326878,0.3847390186002765,0.0573058681044275,0.0,0.0,0.0,0.0,0.0,0.0,0.0,0.0,0.0,0.0,0.2095004955928112,0.5284798772953666,0.0,0.0,0.0,0.0546892477379332,0.0,0.4657133531896396,0.0,0.0,0.0,0.0,0.2644200425788844,0.0,0.616791053577705,0.0,0.0,0.0,0.0,0.0964220855049758,0.8174849335755501,0.2507066758706147,0.533454664977098,0.0,0.3074175971849056,0.54824375519079,0.3393885418708665,0.1172845575283706,0.0,0.0,0.0
0.2391659626406876,0.6770092175929221,0.0,0.0,0.0,0.4268604611499525,0.0,0.0251143154018661,0.7228572377303627,0.5606693050089921,0.0,0.0,0.2126749176388158,0.0,0.6778468885098214,0.1541903355193302,0.1779469552068297,0.2147324624830928,0.0,0.7785725848393302,0.4003749482145469,0.0,0.3672585519717241,0.0,0.557747747716556,0.637091063130411,0.784042738497997,0.4226127398046126,0.5337105788717796,0.0,0.0915139595410498,0.0,0.1737574767174593,0.1514445591106105,0.0,0.0909069931573646,0.3753240557596845,0.0,0.0,0.0,0.0,0.0,0.0,0.0,0.0,0.0174530811560481,0.6691122295439299,0.0,0.0,0.0,0.0,0.0,0.0,0.0,0.0,0.0,0.0,0.0,0.0,0.6059333888373005,0.1835264709394363,0.0,0.0,0.0,0.5079676026136551,0.2520611103918771,0.7457868519961035,0.1936802154209181,0.0,0.3075051643543336,0.4441368432611398,0.6371960957826585,0.0,0.0,0.0,0.0
0.0090336596969949,0.5811258621642852,0.8139741429649876,0.0,0.0,0.7838853713884412,0.0,0.637844306139654,0.4204891567524502,0.3046411839819855,0.5065679727413716,0.1481351127672721,0.0861232849162395,0.0,0.6762293620619038,0.0,0.0,0.0,0.425086480498038,0.4302658228231389,0.5669479011666752,0.3672585519717241,0.0,0.060714485768735,0.2589843390671013,0.521357475795469,0.5282679773177182,0.2737742057183465,0.1523917033827846,0.0,0.0,0.0,0.0,0.153603415884043,0.0,0.1961334642845855,0.2629518465763685,0.2477710950402195,0.0,0.0,0.0,0.0,0.0,0.0,0.0,0.0,0.6716114470659154,0.7152233559911827,0.0,0.0724153341636411,0.4460641373136363,0.1002479910804131,0.6813021664236891,0.4747147545753348,0.0,0.4304248544240448,0.0,0.1414021754709226,0.1217678538393517,0.6754219205346035,0.0,0.0,0.0,0.6348644920256451,0.2367876580907768,0.5407469729746438,0.3720158491045196,0.9278677543597946,0.0,0.2545381078993426,0.6424574814038816,0.5378182759758995,0.0,0.0,0.0,0.0
0.5271787753104078,0.0,0.0,0.0,0.0,0.0,0.2995635642160477,0.1665193877438067,0.2342593522308561,0.4884623326349847,0.1191170624232337,0.7236821266360711,0.2587186426473428,0.0,0.0,0.2626762495201334,0.3823018544317539,0.392546714245866,0.0,0.0,0.2308266331333557,0.0,0.060714485768735,0.0,0.2974757152663251,0.4455935898431855,0.1498488972405144,0.0,0.0,0.0,0.0,0.2967496719953991,0.5054268290567332,0.0,0.0,0.0441621407691264,0.0,0.2201510454754975,0.3695612587675756,0.4792079286592152,0.1620746765538708,0.0,0.0,0.0,0.3541914205726381,0.4193112010919938,0.0,0.0,0.0,0.0,0.0,0.0,0.0,0.0,0.2591671249925159,0.0,0.5366387090433767,0.0,0.0,0.0,0.1783643225260175,0.0785962730874015,0.2181599980750851,0.0,0.0,0.0,0.0,0.0,0.6449479356184779,0.2304706727568343,0.2491904322554838,0.0,0.1488778643493356,0.0,0.0,0.3966149982602879
0.3043257568322733,0.7899017702950927,0.0,0.0,0.0,0.3789162789946145,0.1566224999008106,0.0328857658566749,0.4812747409273447,0.6550434153786556,0.0,0.0582823167664773,0.2616717740989284,0.0,0.4635155667144293,0.3871342945438181,0.5076801202445209,0.578505174922417,0.0,0.4357467325025728,0.2851058393816072,0.557747747716556,0.2589843390671013,0.2974757152663251,0.0,0.7040536761854428,0.7408757266686559,0.0404560470049,0.280802393832741,0.0,0.0,0.0,0.3903500373372668,0.0,0.0,0.0,0.0,0.0758070245216269,0.0,0.2239322954121716,0.0,0.0,0.0,0.0,0.0,0.0017509383732118,0.6050410165955766,0.0,0.0,0.0,0.0,0.0,0.0,0.0,0.1975818378983048,0.0,0.2218240381734831,0.1033738518662052,0.0,0.3985354061574566,0.3335085644940794,0.0,0.0,0.0,0.4493399892434989,0.059118149238259,0.5534668196940018,0.0614922129008161,0.0393076677522337,0.5530364571924237,0.3731433055247913,0.0,0.0,0.102813221722536,0.0,0.0986947019512092
0.4873532636152533,0.8155813030058964,0.0,0.0,0.0,0.6883193913244913,0.0405067842003337,0.2377405894182086,0.5827318140755542,0.6971709083523263,0.3179172964613352,0.388206863497636,0.5212770652989427,0.0,0.5148268829031767,0.1403271421801842,0.3154278865477403,0.2748092877121471,0.0,0.4083688071904363,0.4907981869272713,0.637091063130411,0.521357475795469,0.4455935898431855,0.7040536761854428,0.0,0.5808274925926411,0.3496145881917938,0.2013289554386617,0.0,0.0,0.0,0.3953457331269283,0.1817434688343381,0.0,0.1446368172218902,0.0,0.3105503430081588,0.0,0.1039468671850575,0.0,0.0,0.0,0.0,0.3386209926270287,0.0570750382619263,0.6733933953457921,0.0,0.0,0.0,0.0299865891577186,0.0,0.0,0.0,0.1315644502509793,0.0,0.3217211873992023,0.2733541206766824,0.0,0.4436815677008564,0.0,0.0,0.0,0.0,0.3055325876333862,0.3494525635603963,0.4728159239341027,0.3233826792272076,0.1082890344275163,0.3720499996152447,0.6256030884478979,0.4416432103337289,0.0,0.0,0.0,0.0
0.1692613787146239,0.7221489316208454,0.654157578131554,0.0,0.0,0.4724911812296376,0.0685880777903919,0.1979526835230656,0.7695487220657881,0.6343907971900707,0.4429746640138728,0.0621898921063986,0.1911994080117091,0.0,0.6970209715815762,0.1856330179141308,0.0,0.2752260279982504,0.4745066042796573,0.7125177329842702,0.4380243251563402,0.784042738497997,0.5282679773177182,0.1498488972405144,0.7408757266686559,0.5808274925926411,0.0,0.1960711578583475,0.488260481103448,0.0,0.0089807661927712,0.0,0.1648308729262818,0.0,0.0,0.0398224277753373,0.2754033405336105,0.146051762861383,0.0,0.0414741052255386,0.0,0.0,0.0,0.0553701668337134,0.0,0.0,0.7521090240930819,0.572979833869616,0.0,0.3851817927860399,0.0413827669952801,0.4581157645256293,0.0983476434540773,0.7476178457521632,0.0,0.5564572392527046,0.0,0.0793347272401484,0.107828114625665,0.6188902613743232,0.0,0.0,0.0,0.5100369696313994,0.4619227744678652,0.2838262339895993,0.6512844059032065,0.2607418832300389,0.0,0.0,0.4942101038954443,0.7296452236730444,0.0,0.0,0.0,0.0
0.1803234148490698,0.2627882188449848,0.370655437873087,0.1390206516792919,0.0,0.4712682715384677,0.0,0.0590962439338475,0.3977268997998203,0.3505530135975561,0.12266692888138,0.0,0.4813785618847185,0.0,0.4492493933729055,0.0056289325729741,0.0,0.0,0.3945950050545684,0.3341655699198651,0.4563011899416873,0.4226127398046126,0.2737742057183465,0.0,0.0404560470049,0.3496145881917938,0.1960711578583475,0.0,0.5414209356412911,0.2151198104111612,0.4083223919194553,0.0,0.0,0.4895584016996733,0.2305391025335119,0.4034255626875901,0.508591509580564,0.2953297527312879,0.0,0.0,0.0,0.0,0.0,0.0,0.2871475837111487,0.0,0.0,0.3529210939340282,0.0,0.0,0.0,0.0,0.0726113563570508,0.3584414692327349,0.0917010160043791,0.0,0.0,0.2873277768998281,0.0,0.3778892137271492,0.0,0.0,0.0,0.0,0.0086597638843352,0.5128185121744664,0.1922831298354705,0.2495625616483438,0.0,0.0468787157213822,0.3249516471114332,0.1150094006154091,0.4307651672923984,0.0,0.0,0.0
0.1259710380004608,0.2614188547079701,0.0,0.0,0.0,0.2788284958778934,0.0,0.0,0.3692522918736236,0.3243574419792523,0.0,0.0,0.2155439666353779,0.0,0.5410120956410601,0.3114473614829712,0.0696576122711604,0.142460708420504,0.0,0.5798603445707059,0.4497040792973105,0.5337105788717796,0.1523917033827846,0.0,0.280802393832741,0.2013289554386617,0.488260481103448,0.5414209356412911,0.0,0.0,0.5009730241787353,0.0,0.0,0.2564355035078885,0.0,0.0432219598133636,0.3536501138544525,0.0,0.0,0.0,0.0,0.0,0.0,0.0,0.0,0.0,0.3394644049695219,0.163340107483749,0.0,0.0,0.0,0.1677770357331771,0.0,0.3416848644367264,0.0,0.0,0.0,0.0887714213664973,0.0,0.4580953857743259,0.0,0.0,0.0,0.0,0.2484592193314941,0.3533321035288827,0.2835538031742801,0.0404973080474281,0.0,0.0,0.1273080662009249,0.2827485610954122,0.1772538553567708,0.0147598296994207,0.0,0.0
0.0,0.0,0.0,0.0,0.0,0.0,0.0,0.0726056509016599,0.0,0.0,0.0,0.0,0.2129323824368208,0.0,0.0,0.1592319378855114,0.0,0.0530390097596329,0.0,0.0,0.0,0.0,0.0,0.0,0.0,0.0,0.0,0.2151198104111612,0.0,0.0,0.127413471473466,0.2416229853833824,0.0,0.2725205978588447,0.2982935973814455,0.0,0.0,0.0,0.0,0.0,0.0,0.0,0.0,0.0,0.0,0.0,0.0,0.0,0.0,0.0,0.0,0.0,0.0,0.0,0.0,0.0,0.0,0.0,0.0,0.0,0.0,0.0,0.0,0.0,0.0,0.0,0.0,0.0,0.0,0.0,0.0,0.0,0.0,0.0,0.0,0.0
0.1699794162999141,0.0,0.0424500975750715,0.2534049011364427,0.0139059439635601,0.0,0.0,0.0,0.0799063091428613,0.1000410647275486,0.0,0.0,0.0408802693246838,0.0,0.2011369042580029,0.3635337895291708,0.0973003502218809,0.0150054939842425,0.0524928014888186,0.0918460889180203,0.3152584852283562,0.0915139595410498,0.0,0.0,0.0,0.0,0.0089807661927712,0.4083223919194553,0.5009730241787353,0.127413471473466,0.0,0.0,0.0,0.3507447967974416,0.1739429156166779,0.1866996811860707,0.2386121276839906,0.0,0.0,0.0,0.0,0.0,0.0,0.0,0.0,0.0,0.0,0.0,0.0,0.0,0.0,0.0,0.0,0.0,0.0,0.0,0.0,0.0,0.0,0.0859503961009858,0.0,0.2260609477364835,0.0492662938620429,0.0,0.0,0.2479121597587794,0.0,0.0,0.0,0.0,0.0,0.0,0.2717682989980858,0.0,0.0,0.0107613026109249
0.2705974332542513,0.0,0.0,0.1186275816803328,0.4676305039344102,0.0,0.5302333668306684,0.0,0.0,0.0,0.0,0.2771454814534391,0.0474872776591362,0.3183015624561608,0.0,0.3747286400716262,0.0427825975334306,0.4219889291620301,0.0,0.0,0.0,0.0,0.0,0.2967496719953991,0.0,0.0,0.0,0.0,0.0,0.2416229853833824,0.0,0.0,0.4079127326303262,0.0,0.0,0.0,0.0,0.0,0.8579639477687565,0.5445924117854689,0.5406782080257932,0.211483747867151,0.4932012594537649,0.4775735365276023,0.0,0.3086239483358797,0.0,0.0,0.0,0.1988109129845461,0.0,0.0,0.0,0.0,0.1216737527570853,0.0079684598289025,0.0707985976904405,0.0,0.0,0.0,0.28865240072526,0.1525875123405833,0.3693658988291055,0.0,0.0,0.0,0.0,0.0,0.2806350500882544,0.0550198250350476,0.0,0.0,0.1810538127955118,0.3836191503041277,0.0,0.6376244912043411
0.5374521888321168,0.1446976122407859,0.1869913218827835,0.0,0.2274816240953967,0.0,0.3041917706982732,0.0,0.2631390319700691,0.4476538994242018,0.1179340283275822,0.4304078805356264,0.2156253540752064,0.0,0.0,0.3297818926675085,0.2749846298609035,0.5135436103322539,0.0,0.0,0.064776132326878,0.1737574767174593,0.0,0.5054268290567332,0.3903500373372668,0.3953457331269283,0.1648308729262818,0.0,0.0,0.0,0.0,0.4079127326303262,0.0,0.0,0.0,0.0,0.0,0.3010015872654459,0.4178228002103906,0.6901590489884675,0.3182596434217387,0.0,0.0,0.0,0.3200161110048583,0.476563061513211,0.1801605374587625,0.0,0.0,0.0,0.0,0.0,0.0,0.0,0.2155291363568851,0.0,0.3358928703654367,0.0,0.0,0.0,0.3225736913196508,0.0,0.2498128385495056,0.0,0.0812188493798032,0.0,0.1994994471402723,0.0,0.3760696183185217,0.2931901300897001,0.2768515170454469,0.031431064828842,0.1595466271476739,0.0,0.0,0.4048426501190654
0.3068691837955745,0.0401325441507497,0.1723248725945318,0.3013891955228778,0.1369277162953356,0.2881881162385228,0.0328809365026352,0.0930928294135838,0.147360371446122,0.1007337342215051,0.101685856084598,0.1566879414945469,0.3226344540646805,0.0,0.0797083467859949,0.0532261155186423,0.0,0.0,0.4300853478704177,0.0,0.3847390186002765,0.1514445591106105,0.153603415884043,0.0,0.0,0.1817434688343381,0.0,0.4895584016996733,0.2564355035078885,0.2725205978588447,0.3507447967974416,0.0,0.0,0.0,0.6602476946960626,0.418580188326668,0.3551245434115627,0.4032221174433426,0.0,0.0,0.0,0.0,0.0,0.0,0.3088304769943467,0.1635521862876467,0.1071029911706833,0.1585627933883916,0.0,0.0,0.0,0.0,0.1061140193399529,0.0635175166574876,0.0734614527798315,0.0,0.0,0.0410957092181033,0.0,0.0628790228917653,0.0,0.0,0.0,0.0,0.0,0.4881120817698229,0.0,0.1756159165475506,0.0,0.0,0.1184731851322036,0.0,0.1992126240392698,0.0,0.0,0.0
0.0730819469524343,0.0,0.0,0.5493744736159271,0.1486317573573632,0.0694336075756275,0.0657283511406129,0.1662012693339092,0.0,0.0,0.0,0.1003945913139637,0.1703874147241143,0.0,0.0,0.0,0.0,0.0,0.202299641434799,0.0,0.0573058681044275,0.0,0.0,0.0,0.0,0.0,0.0,0.2305391025335119,0.0,0.2982935973814455,0.1739429156166779,0.0,0.0,0.6602476946960626,0.0,0.3378706583471169,0.1521756363023085,0.2220165625922048,0.0,0.0,0.0,0.1989350270256581,0.0,0.0,0.0595932852217686,0.0,0.0,0.0,0.0,0.0,0.0,0.0,0.0,0.0,0.0,0.0,0.0,0.0,0.0,0.0,0.0,0.0,0.0,0.0,0.0,0.0,0.0,0.0518963473637172,0.0,0.0,0.0,0.0,0.2278222768864864,0.0,0.0,0.0
0.0,0.0,0.1605834172426878,0.1840868668553142,0.0871157835342805,0.3650047614038608,0.054283934339393,0.2323994455358671,0.2355559804006025,0.1015731525437446,0.0546491960938603,0.2070214424704619,0.3231805563189002,0.0,0.0343095383964259,0.0,0.0,0.0,0.3597891186632851,0.0204448661494226,0.0,0.0909069931573646,0.1961334642845855,0.0441621407691264,0.0,0.1446368172218902,0.0398224277753373,0.4034255626875901,0.0432219598133636,0.0,0.1866996811860707,0.0,0.0,0.418580188326668,0.3378706583471169,0.0,0.5000173083687381,0.3224422103840748,0.0,0.0,0.0,0.0,0.0,0.11406158054222,0.3105771919759955,0.0,0.0,0.2153098263700581,0.0,0.0,0.0,0.0,0.1946555132863343,0.111875803386172,0.0,0.1011824434615473,0.1277498753108301,0.1619579533766425,0.0,0.0,0.0,0.0,0.0,0.324968513054779,0.0,0.0,0.0,0.2283240301839555,0.0,0.0,0.0,0.0,0.0684191267384403,0.0,0.0,0.0
0.0,0.0,0.3656340735828373,0.0,0.0,0.4092649228898404,0.0,0.0651493689147668,0.3820671774441568,0.2891757952219188,0.0590070641453732,0.0,0.2591881548877714,0.0,0.0,0.0,0.0,0.0,0.3488085317801858,0.3605882605744087,0.0,0.3753240557596845,0.2629518465763685,0.0,0.0,0.0,0.2754033405336105,0.508591509580564,0.3536501138544525,0.0,0.2386121276839906,0.0,0.0,0.3551245434115627,0.1521756363023085,0.5000173083687381,0.0,0.2642174352766136,0.0,0.0,0.0,0.0,0.0,0.0,0.0,0.0,0.0,0.0,0.0,0.0,0.0,0.0,0.0,0.0,0.0,0.0,0.0,0.0,0.0,0.0,0.0,0.0,0.0,0.0,0.0,0.0,0.0,0.256881156802788,0.0,0.0,0.0,0.0,0.0,0.0,0.0,0.0
0.1532077183308199,0.0,0.0,0.018150577022211,0.0001258965507845,0.2941610420083262,0.0,0.0,0.3265900118759268,0.1575017074004467,0.0554985836222791,0.3237764621836271,0.2477169733830615,0.0,0.0,0.0,0.0,0.0,0.2590360103975802,0.0,0.0,0.0,0.2477710950402195,0.2201510454754975,0.0758070245216269,0.3105503430081588,0.146051762861383,0.2953297527312879,0.0,0.0,0.0,0.0,0.3010015872654459,0.4032221174433426,0.2220165625922048,0.3224422103840748,0.2642174352766136,0.0,0.0,0.0630871637991113,0.0,0.0,0.0,0.0,0.5239226149775678,0.0,0.0,0.0,0.0,0.0,0.0,0.0,0.0,0.0,0.2142043964683268,0.0,0.1950075679514339,0.0,0.0,0.0,0.0,0.0,0.0,0.0,0.0,0.0,0.0,0.0,0.1955084407403131,0.1592907494741072,0.3386433235162218,0.0,0.0,0.0,0.0,0.0
0.210046031076391,0.0,0.0,0.0,0.4022575580163453,0.0,0.4110564965778386,0.0,0.0,0.013116679524282,0.0,0.2430473683384662,0.0,0.2691713445455587,0.0,0.3651449101784018,0.0,0.4340917254653245,0.0,0.0,0.0,0.0,0.0,0.3695612587675756,0.0,0.0,0.0,0.0,0.0,0.0,0.0,0.8579639477687565,0.4178228002103906,0.0,0.0,0.0,0.0,0.0,0.0,0.6378534451017576,0.5922237913449883,0.242848245330651,0.4662565206737395,0.4161530200209968,0.0,0.3537844552778449,0.0,0.0,0.0,0.3035786860363028,0.0,0.1094902559570997,0.0,0.0,0.1195040498780265,0.0296578657724649,0.1814942032050259,0.0567515166829915,0.3920212504059436,0.0,0.4576130567802975,0.1654030281856296,0.4950261490045765,0.0,0.0,0.0,0.0,0.0,0.4461843436271453,0.0960901912954516,0.0,0.0,0.2186587674526885,0.5118181240660391,0.4423935229328957,0.8067480504977715
0.2373199129222629,0.0,0.0,0.0,0.0,0.0,0.0,0.0,0.0,0.2577228518093915,0.0,0.2957413258829938,0.0,0.0,0.0,0.2027987178215003,0.1981537089267754,0.4113844454476666,0.0,0.0,0.0,0.0,0.0,0.4792079286592152,0.2239322954121716,0.1039468671850575,0.0414741052255386,0.0,0.0,0.0,0.0,0.5445924117854689,0.6901590489884675,0.0,0.0,0.0,0.0,0.0630871637991113,0.6378534451017576,0.0,0.4561315193107386,0.1016801151599062,0.4175231153803458,0.3170231239768076,0.1664096708057389,0.3988430909781463,0.0193470209605618,0.0415953349700931,0.0,0.4568621812831818,0.0355327191807429,0.3584015821295221,0.0,0.0,0.248211074900351,0.1358739921049766,0.4468597783612967,0.1141521285148485,0.0,0.0,0.5218180482767488,0.0676972067946426,0.3475753864098815,0.0,0.1136025345797618,0.0,0.1514530106879053,0.0,0.5356256982965311,0.3345765579041773,0.1813960615913027,0.0,0.0368973794131156,0.3608168176978353,0.3019163130448931,0.5873281008692142
0.107019170766132,0.0,0.0,0.0,0.0,0.0,0.1669115357200367,0.0,0.0,0.0,0.0,0.0355472208583503,0.0,0.0,0.0,0.2451347310014092,0.0,0.2940815200079084,0.0,0.0,0.0,0.0,0.0,0.1620746765538708,0.0,0.0,0.0,0.0,0.0,0.0,0.0,0.5406782080257932,0.3182596434217387,0.0,0.0,0.0,0.0,0.0,0.5922237913449883,0.4561315193107386,0.0,0.2300895306053586,0.2087896527943981,0.3403305748667674,0.0,0.1898932683314208,0.0,0.0,0.0973304321075519,0.20307005225474,0.0,0.1106930232992418,0.0,0.0,0.0,0.0,0.1399782881089827,0.0,0.2188528831299336,0.0,0.3937715181486484,0.0,0.4397356758844311,0.0,0.0,0.0,0.0,0.0,0.2432609539211296,0.0,0.0,0.0,0.149932903016894,0.3428070511624039,0.2681787186391303,0.5629040896160211
0.0,0.0,0.0,0.0,0.0,0.0,0.0,0.0,0.0,0.0,0.0,0.0565593720844784,0.0,0.0,0.0,0.0644861301824931,0.0,0.0174951492467524,0.0,0.0,0.0,0.0,0.0,0.0,0.0,0.0,0.0,0.0,0.0,0.0,0.0,0.211483747867151,0.0,0.0,0.1989350270256581,0.0,0.0,0.0,0.242848245330651,0.1016801151599062,0.2300895306053586,0.0,0.1503139713348429,0.1712243899778888,0.0,0.0670759954757986,0.0,0.0,0.0753673643683624,0.0,0.0,0.0,0.0,0.0,0.1515662268357022,0.0,0.0,0.0,0.0,0.0,0.0,0.1278195106697365,0.2404455000376399,0.0,0.0,0.0,0.0,0.0,0.0,0.0,0.0,0.0,0.1132924423252117,0.0276109678825614,0.2470513076123798,0.1813688600073218
0.0,0.0,0.0,0.0,0.2741134355227231,0.0,0.3434454932590838,0.0114273195367617,0.0,0.0,0.0,0.3988753264065894,0.0,0.349131185156271,0.0,0.0,0.0,0.0,0.0174038413483629,0.0,0.0,0.0,0.0,0.0,0.0,0.0,0.0,0.0,0.0,0.0,0.0,0.4932012594537649,0.0,0.0,0.0,0.0,0.0,0.0,0.4662565206737395,0.4175231153803458,0.2087896527943981,0.1503139713348429,0.0,0.5463961544964462,0.0,0.0,0.0,0.0,0.0,0.2769687029519909,0.0,0.0412019775439228,0.0,0.0,0.2632089172873512,0.0700050291229573,0.2578745714779124,0.0,0.438346855836311,0.0,0.0,0.0413439846436519,0.0,0.0,0.0,0.0,0.0,0.0,0.3306351401664804,0.0908486150905507,0.0,0.0,0.0377469272280408,0.1213803232943031,0.0,0.4025548182915888
0.0,0.0,0.0,0.0,0.0,0.0,0.0,0.0,0.0,0.0,0.0,0.0,0.0,0.0,0.0,0.0,0.0,0.0,0.0,0.0,0.0,0.0,0.0,0.0,0.0,0.0,0.0553701668337134,0.0,0.0,0.0,0.0,0.4775735365276023,0.0,0.0,0.0,0.11406158054222,0.0,0.0,0.4161530200209968,0.3170231239768076,0.3403305748667674,0.1712243899778888,0.5463961544964462,0.0,0.0,0.0,0.0,0.0,0.0742103937799712,0.2557604012206732,0.0,0.1187188499635738,0.0,0.0,0.3577219188285124,0.08128555615841,0.27525369065429,0.140249131082689,0.4075195670838269,0.0,0.0,0.0,0.0,0.0,0.0,0.0,0.0,0.0,0.0,0.0,0.0,0.0,0.234014928974641,0.1945405742946271,0.0,0.4327044480095716
0.0,0.0,0.0,0.0,0.0,0.0,0.0,0.0,0.0,0.4638767829637262,0.0,0.2989068684219305,0.2277441709145029,0.0,0.0,0.0,0.0,0.0,0.0,0.0,0.0,0.0,0.0,0.3541914205726381,0.0,0.3386209926270287,0.0,0.2871475837111487,0.0,0.0,0.0,0.0,0.3200161110048583,0.3088304769943467,0.0595932852217686,0.3105771919759955,0.0,0.5239226149775678,0.0,0.1664096708057389,0.0,0.0,0.0,0.0,0.0,0.2632781166610527,0.0,0.0,0.0,0.1261585434509921,0.0,0.057323815695853,0.0,0.3461726562789187,0.3376759322584752,0.2544469208117688,0.2185070251029461,0.1951509654463436,0.0,0.0,0.0,0.0,0.0,0.4088970804933864,0.0,0.0,0.0,0.3033729927885369,0.3026471676843205,0.342626034602924,0.4048006553173938,0.2494805645428372,0.0822066857219656,0.0,0.0,0.0
0.5631347422905199,0.0,0.0,0.0,0.0,0.0,0.0,0.0,0.0,0.263893877807743,0.0,0.0,0.0,0.0,0.0,0.345788122082682,0.0,0.2221509702950181,0.0,0.0,0.2095004955928112,0.0174530811560481,0.0,0.4193112010919938,0.0017509383732118,0.0570750382619263,0.0,0.0,0.0,0.0,0.0,0.3086239483358797,0.476563061513211,0.1635521862876467,0.0,0.0,0.0,0.0,0.3537844552778449,0.3988430909781463,0.1898932683314208,0.0670759954757986,0.0,0.0,0.2632781166610527,0.0,0.0,0.0,0.0,0.0,0.0,0.0,0.0568124491079332,0.0,0.0,0.0,0.0423619141367637,0.1214207248366745,0.0,0.0,0.2115654521289059,0.0,0.2839186451043765,0.0,0.0,0.2386101881001128,0.0,0.0,0.3333740926936461,0.1222069557897622,0.1149101595920422,0.0,0.4174549978108607,0.0498372864275881,0.0,0.4504565433921266
0.0744848483646329,0.7880063452912612,0.0,0.0,0.0,0.6525022080053883,0.0,0.0,0.0,0.0,0.0,0.0,0.0,0.0,0.7091678720480455,0.0,0.0,0.0,0.0,0.5936290111305479,0.5284798772953666,0.6691122295439299,0.6716114470659154,0.0,0.6050410165955766,0.6733933953457921,0.7521090240930819,0.0,0.3394644049695219,0.0,0.0,0.0,0.1801605374587625,0.1071029911706833,0.0,0.0,0.0,0.0,0.0,0.0193470209605618,0.0,0.0,0.0,0.0,0.0,0.0,0.0,0.0,0.0,0.0,0.2645998770014046,0.3790842993703372,0.3320675590599559,0.6786471086741671,0.2889210384179239,0.0,0.0,0.3061455925436602,0.0,0.6833097972432792,0.1361457158163587,0.0,0.0,0.0,0.4312512870186344,0.4672042525889519,0.6457958810777423,0.5746695089320918,0.0,0.6572856442916302,0.8105597792709457,0.6955701720483818,0.0,0.0,0.0,0.0
0.0,0.0,0.9221421649358312,0.0,0.0337961273335009,0.5777161394990984,0.0,0.4308525776326035,0.5932179065601135,0.0,0.6548327292141339,0.0,0.2196755747413347,0.0,0.0,0.0,0.0,0.0,0.5555078874241236,0.0,0.0,0.0,0.7152233559911827,0.0,0.0,0.0,0.572979833869616,0.3529210939340282,0.163340107483749,0.0,0.0,0.0,0.0,0.1585627933883916,0.0,0.2153098263700581,0.0,0.0,0.0,0.0415953349700931,0.0,0.0,0.0,0.0,0.0,0.0,0.0,0.0,0.0,0.2807356596253212,0.1672776477138599,0.1384793969262848,0.5401179331363017,0.5390402792309714,0.322097811755325,0.8037296784453454,0.3540629440091277,0.3378264967517792,0.2828781749780489,0.0,0.0,0.0,0.0,0.5713500117890696,0.0,0.5361789087494899,0.0,0.6832058334452646,0.0,0.4637965216831313,0.7062483346401798,0.4300224144725185,0.0673768392568806,0.0,0.0370228702864073,0.0
0.0,0.0,0.0,0.0,0.0,0.0,0.0,0.0,0.0,0.0,0.0,0.0,0.0,0.0,0.0,0.0,0.0,0.0,0.0,0.0,0.0,0.0,0.0,0.0,0.0,0.0,0.0,0.0,0.0,0.0,0.0,0.0,0.0,0.0,0.0,0.0,0.0,0.0,0.0,0.0,0.0973304321075519,0.0753673643683624,0.0,0.0742103937799712,0.0,0.0,0.0,0.0,0.0,0.0,0.0,0.0,0.0,0.0,0.0,0.0,0.0,0.0,0.0,0.0,0.0,0.0,0.0,0.0,0.0,0.0,0.0,0.0,0.0,0.0,0.0,0.0,0.0,0.0,0.0,0.0
0.0,0.0,0.2442305068064911,0.0,0.1891578429744918,0.0,0.0,0.0,0.4608524150424917,0.0,0.3055820242044586,0.0,0.0,0.0,0.0,0.0,0.0,0.0,0.0,0.0,0.0,0.0,0.0724153341636411,0.0,0.0,0.0,0.3851817927860399,0.0,0.0,0.0,0.0,0.1988109129845461,0.0,0.0,0.0,0.0,0.0,0.0,0.3035786860363028,0.4568621812831818,0.20307005225474,0.0,0.2769687029519909,0.2557604012206732,0.1261585434509921,0.0,0.0,0.2807356596253212,0.0,0.0,0.1087408807216242,0.6704985962293001,0.0022667428411695,0.4761939758742023,0.1712498161669659,0.3595290691932089,0.2554739923134898,0.0791455706763532,0.4701679752030267,0.0,0.0,0.0,0.0,0.0,0.0,0.0,0.0,0.0,0.0,0.0,0.0,0.3786625922451679,0.1340471822417245,0.0,0.0,0.4876899876793155
0.0,0.2358787028954872,0.1706633324930365,0.0,0.0,0.3312396953671536,0.0,0.2478880539599241,0.0,0.0,0.1217656448273129,0.0,0.0,0.0,0.277589396992619,0.0,0.0,0.0,0.0,0.1364125490693198,0.0546892477379332,0.0,0.4460641373136363,0.0,0.0,0.0299865891577186,0.0413827669952801,0.0,0.0,0.0,0.0,0.0,0.0,0.0,0.0,0.0,0.0,0.0,0.0,0.0355327191807429,0.0,0.0,0.0,0.0,0.0,0.0,0.2645998770014046,0.1672776477138599,0.0,0.1087408807216242,0.0,0.3272321380088374,0.3374868536813513,0.0425950990613039,0.0,0.0659858315176829,0.2883944527478695,0.3314352034579572,0.1520520211333634,0.281200160683606,0.0898080266042252,0.0445152216207962,0.0,0.0524011803180179,0.3138825258938564,0.0,0.2240248317876254,0.4877428477781957,0.0,0.1143801552709348,0.2923577245271531,0.341821700296247,0.0,0.2399376845108979,0.0,0.0
0.0,0.0,0.1536583845853118,0.0,0.0,0.0179590680383572,0.0,0.0,0.3765146245851769,0.0,0.0582842391614954,0.0,0.0,0.0,0.0,0.0,0.0,0.0,0.0,0.0,0.0,0.0,0.1002479910804131,0.0,0.0,0.0,0.4581157645256293,0.0,0.1677770357331771,0.0,0.0,0.0,0.0,0.0,0.0,0.0,0.0,0.0,0.1094902559570997,0.3584015821295221,0.1106930232992418,0.0,0.0412019775439228,0.1187188499635738,0.057323815695853,0.0,0.3790842993703372,0.1384793969262848,0.0,0.6704985962293001,0.3272321380088374,0.0,0.0,0.4579368365022556,0.121760910130502,0.1191056446438709,0.1935742011012835,0.1329089554433133,0.2625777699596728,0.0,0.6534284296698686,0.0,0.1824549781585621,0.0113939674166249,0.6193764088066269,0.0,0.5964629344698423,0.0031729106129786,0.1501542035495326,0.3800659739655034,0.2551491886967353,0.5901140773439424,0.0,0.4314690416064152,0.0,0.2303075302047841
