0.0,0.0887129596626405,0.0,0.0,0.0,0.0440020973527959,0.0,0.0184237697353683,0.0,0.4923055018865789,0.0,0.4675929812258536,0.0,0.0,0.0,0.4855675538098176,0.2228477003175566,0.4032423721172671,0.0,0.0,0.2167306744833184,0.2348426526860713,0.0088703617491455,0.5176491699184147,0.2988245786569502,0.4785435684866534,0.1662017066967106,0.1770637787124737,0.1236939086106114,0.0,0.1669067645962378,0.2657059488475036,0.5277368749452531,0.3013220290816676,0.0717608730618453,0.0,0.0,0.0,0.2062491107828269,0.2330299732893941,0.1050846268987712,0.0,0.0,0.0,0.0,0.5529551748878099,0.0731384147716275,0.0,0.0,0.0,0.0,0.0,0.0,0.0,0.2334592948620202,0.0,0.0,0.0,0.0,0.0,0.0493998111448193,0.0,0.1174351756431029,0.0,0.0,0.1492450290938607,0.0511017521782937,0.0,0.0829212640085136,0.0740540788559607,0.1214012457157723,0.0,0.0,0.0,0.0,0.0
0.0887129596626405,0.0,0.0,0.0,0.0,0.6733552922962845,0.0,0.2461824794403996,0.5860398508733217,0.0,0.0,0.0,0.2589182499592981,0.0,0.5989676080532172,0.0303272879834154,0.0,0.1705959956578495,0.0,0.6376799607212013,0.3661661292329926,0.6647711856528014,0.570621076294925,0.0,0.7756230236499593,0.8008383574497947,0.7090949266515748,0.2580378985655257,0.2566932878906662,0.0,0.0,0.0,0.1420819698621518,0.0394070837812419,0.0,0.0,0.0,0.0,0.0,0.0,0.0,0.0,0.0,0.0,0.0,0.0,0.7737618615056787,0.0,0.0,0.0,0.0,0.0,0.0,0.0,0.0,0.0,0.0,0.0,0.0,0.5273047203327835,0.0560823533876708,0.0,0.0,0.0,0.5232103607720444,0.2090300663239593,0.5978267422164393,0.3559500991279219,0.0,0.4543581604429333,0.5616248785358088,0.6984698019104136,0.0,0.0,0.0,0.0
0.0,0.0,0.0,0.0,0.0,0.5893145669320213,0.0,0.4057274209915762,0.6394011307222233,0.4495592759842738,0.6070335045142193,0.0,0.1128478292244097,0.0,0.0,0.0,0.0,0.0,0.5531522279616411,0.0,0.0,0.0,0.7992602494149774,0.0,0.0,0.0,0.6423326263775593,0.3639552438881392,0.0,0.066169806509764,0.0416827436949692,0.0,0.0,0.1692098229909425,0.0,0.1576806133543493,0.3590246488444081,0.0,0.0,0.0,0.0,0.0,0.0,0.0,0.0,0.0,0.0,0.9054729601826952,0.0,0.2398156470595638,0.1675783179027137,0.0,0.5000101559336512,0.5738008683019854,0.0,0.6156075841096744,0.0,0.0,0.2480303617166279,0.0,0.0,0.0,0.0,0.603611803840559,0.0,0.0,0.0,0.6668926577458488,0.0,0.0,0.0,0.5227090978679838,0.0,0.0,0.0,0.0
0.0,0.0,0.0,0.0,0.2882101274297065,0.0,0.1627853442566488,0.0,0.0,0.0,0.0,0.0,0.0953427343197644,0.3247262894792961,0.0,0.0,0.0,0.0,0.0,0.0,0.0,0.0,0.0,0.0,0.0,0.0,0.0,0.1365076295056255,0.0,0.0,0.0,0.1164831970902013,0.0,0.295941100422592,0.5394436452306016,0.180759200262617,0.0,0.0,0.0,0.0,0.0,0.0,0.0,0.0,0.0,0.0,0.0,0.0,0.0,0.0,0.0,0.0,0.0,0.0,0.0,0.0,0.0,0.0,0.0,0.0,0.0,0.0,0.0,0.0,0.0,0.0,0.0,0.0,0.0,0.0,0.0,0.0,0.0,0.0,0.0,0.0
0.0,0.0,0.0,0.2882101274297065,0.0,0.0,0.7276574632679123,0.0,0.0737656267533856,0.0820051789026854,0.0635036375133149,0.4503298414484244,0.2206372972904015,0.3795042889586872,0.0,0.0,0.0,0.0,0.0434282498171004,0.0,0.0,0.0,0.0,0.0,0.0,0.0,0.0,0.0,0.0,0.0,0.0136545716307155,0.459177329450802,0.2233695273777654,0.1344525272994338,0.1459449989697553,0.0855410254457987,0.0,0.0001236207678711,0.0,0.0,0.0,0.0,0.2691583937124055,0.0,0.0,0.0,0.0,0.0331852079028464,0.0,0.0,0.0,0.0,0.0,0.0,0.0,0.2335256141159884,0.0,0.0,0.0,0.0,0.0,0.0,0.0,0.0,0.0,0.0,0.0,0.0,0.0,0.0,0.0,0.0,0.0,0.0,0.0,0.0
0.0440020973527959,0.6733552922962845,0.5893145669320213,0.0,0.0,0.0,0.0,0.4859630238243572,0.4419429953563353,0.4413246176009423,0.3417785582168772,0.0,0.4754203185855984,0.0,0.5504882467296285,0.0,0.0,0.0,0.4322234975521525,0.3973584038810728,0.5365071321820185,0.4191442708503562,0.769715380843034,0.0,0.3720667570022034,0.6758769097789908,0.4639501421757343,0.4627493385467442,0.2737882217579902,0.0,0.0,0.0,0.0,0.2829786519068113,0.0681784832949722,0.358406712496582,0.4018668002821382,0.0,0.0,0.0,0.0,0.0,0.0,0.0,0.0,0.0,0.0,0.567272989858314,0.0,0.0,0.3252520044075652,0.0176344289602518,0.4400988530673795,0.4708091664262277,0.0,0.3794328395099421,0.0,0.3767739879002166,0.0,0.486832446329332,0.0,0.0,0.0,0.577461908888572,0.1482919319334349,0.4874506060057088,0.3160387604748893,0.6650522575795599,0.0,0.0,0.0,0.3997092261429701,0.0,0.0,0.0,0.0
0.0,0.0,0.0,0.1627853442566488,0.7276574632679123,0.0,0.0,0.0,0.0,0.2174565184520411,0.0,0.4901628014849153,0.3660502766262343,0.2298329340284089,0.0,0.4532099415205731,0.1393096266940738,0.5175775243668987,0.1250574497422668,0.0,0.0,0.0,0.0,0.2941484703418359,0.1537912959725353,0.0397745588392112,0.0673482378223414,0.0,0.0,0.0,0.0,0.5206485447774872,0.2986930145381085,0.0322865606201752,0.064540205337384,0.0533026648012279,0.0,0.0,0.0,0.0,0.0,0.0,0.0,0.0,0.0,0.0,0.0,0.0,0.0,0.0,0.0,0.0,0.0,0.0,0.0,0.0,0.0,0.0,0.0,0.0,0.0,0.0,0.0,0.0,0.0,0.0,0.0,0.0,0.0,0.0,0.0,0.0,0.0,0.0,0.0,0.0
0.0184237697353683,0.2461824794403996,0.4057274209915762,0.0,0.0,0.4859630238243572,0.0,0.0,0.0517401479055335,0.0707125854642194,0.2807648359311158,0.0,0.1108710280915937,0.0793221150389117,0.1757649296480248,0.0,0.0,0.0,0.2666191932324621,0.0,0.4183675090942355,0.0246603337040466,0.6263142430496491,0.1635092816287029,0.0322913026758629,0.2334430453801707,0.1943743699630211,0.0580279841494757,0.0,0.0712931868292696,0.0,0.0,0.0,0.0914100265947237,0.1631969137213982,0.2281984512754841,0.0639716891477285,0.0,0.0,0.0,0.0,0.0,0.0112207523322884,0.0,0.0,0.0,0.0,0.4230642233982278,0.0,0.0,0.2434070781576714,0.0,0.7033026751486233,0.1858486152953398,0.0,0.3160554473531595,0.0,0.0825842928153385,0.0433963800624774,0.2621238787780711,0.0,0.0,0.0,0.3986256921580166,0.0,0.4426013954498237,0.0,0.5760282832466029,0.0,0.0,0.0,0.0880318760324641,0.0,0.0,0.0,0.0
0.0,0.5860398508733217,0.6394011307222233,0.0,0.0737656267533856,0.4419429953563353,0.0,0.0517401479055335,0.0,0.6292976991651053,0.3747708556995952,0.1293914494859806,0.2707612174396451,0.0,0.0,0.0254497879288843,0.0,0.0,0.4350658361678929,0.5883098273741295,0.0,0.7097904289874264,0.4128881380409072,0.0,0.0,0.0,0.7556378895462477,0.3905373455416062,0.362577462012401,0.0,0.0784618739149565,0.0,0.2583823701783851,0.1446965954064432,0.0,0.231297926688899,0.3751606978877073,0.320686371433818,0.0,0.0,0.0,0.0,0.0,0.0,0.0,0.0,0.0,0.5824945375139043,0.0,0.0,0.0,0.0,0.1328466705866501,0.8617784155645525,0.0,0.4930827308480397,0.0,0.0,0.0536409019861251,0.0,0.0,0.0,0.0,0.4166738676679813,0.0,0.0,0.0,0.2245597498779432,0.0,0.0,0.0,0.6187658927039161,0.0,0.0,0.0,0.0
0.4923055018865789,0.0,0.4495592759842738,0.0,0.0820051789026854,0.4413246176009423,0.2174565184520411,0.0707125854642194,0.6292976991651053,0.0,0.3080343982848481,0.3339907518751017,0.4230494788926897,0.0,0.0,0.3585520410461026,0.4873612136900499,0.442614224613341,0.4261693828962911,0.0,0.0,0.5505343043557646,0.2991343039529317,0.4796325892976831,0.6432024506897671,0.6845684213810648,0.6229231618362505,0.3442162033066037,0.0,0.0,0.0982326613651654,0.0,0.4395618342396963,0.0989128097424655,0.0,0.0997370542266364,0.2839484770019125,0.1546546103806403,0.0128795744172981,0.2530640961969401,0.0,0.0,0.0,0.0,0.4554914630320794,0.0,0.0,0.0,0.0,0.0,0.0,0.0,0.0,0.0,0.4485350223819649,0.0,0.3345811483430519,0.0,0.0,0.0,0.0,0.0,0.0,0.0,0.0,0.0,0.0,0.0,0.0815685739651926,0.4682802893376009,0.427391986882747,0.0,0.1758400576956932,0.0,0.0,0.2224044585737216
0.0,0.0,0.6070335045142193,0.0,0.0635036375133149,0.3417785582168772,0.0,0.2807648359311158,0.3747708556995952,0.3080343982848481,0.0,0.1746242304864559,0.0,0.0,0.0,0.0,0.0,0.0,0.3232200164078614,0.0,0.0,0.0,0.4974109407997788,0.0,0.0,0.0,0.4349671835453783,0.1204495265851686,0.0,0.0,0.0,0.0,0.1158021808312784,0.0998477204694784,0.0,0.0536613238612244,0.0579404164293032,0.0544953573421174,0.0,0.0,0.0,0.0,0.0,0.0,0.0,0.0,0.0,0.642995573016982,0.0,0.3000581369731483,0.1195645346919084,0.057230657671128,0.2691880245490058,0.4153664607026747,0.0,0.751724908094422,0.0,0.0238358910356069,0.220589949189692,0.0,0.0,0.0,0.0,0.3942866279964034,0.0,0.0,0.0,0.3893284118677159,0.0,0.0,0.0,0.3700544562000106,0.0,0.0,0.0,0.0
0.4675929812258536,0.0,0.0,0.0,0.4503298414484244,0.0,0.4901628014849153,0.0,0.1293914494859806,0.3339907518751017,0.1746242304864559,0.0,0.4271219749665849,0.0,0.0,0.0,0.1284394838383726,0.2028217244690914,0.0,0.0,0.0,0.0,0.0,0.7106004066976699,0.0572287700264959,0.3811893992277259,0.0,0.0,0.0,0.0,0.0,0.2721356305297746,0.4226275649174691,0.1538555546040703,0.098579797389172,0.2032791964870892,0.0,0.3179236811834648,0.2386538957248083,0.2903953251224163,0.0349046475920752,0.0,0.0,0.0,0.2935036453818144,0.0,0.0,0.0,0.0,0.0,0.0,0.0,0.0,0.0,0.3305810651107475,0.0,0.5733147820006035,0.0,0.0,0.0,0.0,0.0706631533071066,0.0,0.0,0.0,0.0,0.0,0.0,0.4478803978541524,0.1399838162791306,0.2052010612692901,0.0,0.0,0.0,0.0,0.1243024695098375
0.0,0.2589182499592981,0.1128478292244097,0.0953427343197644,0.2206372972904015,0.4754203185855984,0.3660502766262343,0.1108710280915937,0.2707612174396451,0.4230494788926897,0.0,0.4271219749665849,0.0,0.0,0.0,0.2421448905721556,0.262779970901569,0.313492871739105,0.3470391035197618,0.0,0.2205455513996277,0.20883047598678,0.0845664678387107,0.2540418865117614,0.2569416353563031,0.5118541428201874,0.1877431707827701,0.4726768691122328,0.2116476623020886,0.2090832866939107,0.040141292618436,0.0466288686365706,0.2117275785328667,0.3168023167004871,0.1673073877918339,0.317338547276957,0.2545029115622887,0.2432390901377631,0.0,0.0,0.0,0.0,0.0,0.0,0.0,0.0,0.0,0.2157045849375218,0.0,0.0,0.0,0.0,0.0,0.0,0.0,0.0,0.0,0.0,0.0,0.0,0.0,0.0,0.0,0.0,0.0,0.0,0.0,0.0,0.0,0.0,0.0,0.0,0.0,0.0,0.0,0.0
0.0,0.0,0.0,0.3247262894792961,0.3795042889586872,0.0,0.2298329340284089,0.0793221150389117,0.0,0.0,0.0,0.0,0.0,0.0,0.0,0.0,0.0,0.0,0.0,0.0,0.0,0.0,0.0,0.0,0.0,0.0,0.0,0.0,0.0,0.0,0.0,0.3125477490859696,0.0,0.0,0.0,0.0,0.0,0.0,0.0,0.0,0.0,0.0,0.3428200767042679,0.0,0.0,0.0,0.0,0.0,0.0,0.0,0.0,0.0,0.0,0.0,0.0,0.0,0.0,0.0,0.0,0.0,0.0,0.0,0.0,0.0,0.0,0.0,0.0,0.0,0.0,0.0,0.0,0.0,0.0,0.0,0.0,0.0
0.0,0.5989676080532172,0.0,0.0,0.0,0.5504882467296285,0.0,0.1757649296480248,0.0,0.0,0.0,0.0,0.0,0.0,0.0,0.0,0.0,0.0,0.0,0.7768569227330369,0.6487041089437916,0.6655937143187979,0.6640054272664736,0.0,0.455136776348232,0.5055205578593273,0.6844211949589211,0.4411284870657135,0.5312324307053486,0.0,0.1975010307799455,0.0,0.0,0.0782674900465113,0.0,0.0336893382339538,0.0,0.0,0.0,0.0,0.0,0.0,0.0,0.0,0.0,0.0,0.6963485206367181,0.0,0.0,0.0,0.272571521580652,0.0,0.248428814314598,0.0,0.0,0.0,0.0,0.0,0.0,0.919393975706316,0.1338791511732354,0.0,0.0,0.0,0.5831147056515521,0.4855858731564592,0.6950648240661722,0.5370335525125595,0.0,0.0,0.5241330584301779,0.7689644821604583,0.0,0.0,0.0,0.0
0.4855675538098176,0.0303272879834154,0.0,0.0,0.0,0.0,0.4532099415205731,0.0,0.0254497879288843,0.3585520410461026,0.0,0.0,0.2421448905721556,0.0,0.0,0.0,0.367869375128505,0.7505414785910642,0.0,0.0,0.0854614059751499,0.1514030968792824,0.0,0.2579279532665491,0.3801362186851345,0.1377905030865942,0.1822774021509491,0.0055271805512486,0.30581744883415,0.1563535641631289,0.3569623308075464,0.3679548163969948,0.3238205538395264,0.0522639677592932,0.0,0.0,0.0,0.0,0.3585443278563118,0.1991328043869105,0.2407035259458939,0.0633204395236952,0.0,0.0,0.0,0.3395374448797806,0.0,0.0,0.0,0.0,0.0,0.0,0.0,0.0,0.0,0.0,0.0,0.0,0.0,0.0,0.3070748649098394,0.0,0.3635886375277538,0.0,0.0,0.0,0.0,0.0,0.0,0.1220605520423512,0.0,0.0,0.0,0.0,0.0,0.4687728890874937
0.2228477003175566,0.0,0.0,0.0,0.0,0.0,0.1393096266940738,0.0,0.0,0.4873612136900499,0.0,0.1284394838383726,0.262779970901569,0.0,0.0,0.367869375128505,0.0,0.6240261238637848,0.0,0.1094753981895874,0.0,0.1747302774055861,0.0,0.3753911327108032,0.4985029844456807,0.3097260194976861,0.0,0.0,0.0,0.0,0.0955414896881439,0.0420092331810854,0.2700138398098536,0.0,0.0,0.0,0.0,0.0,0.0,0.1945717615088048,0.0,0.0,0.0,0.0,0.0,0.0,0.0,0.0,0.0,0.0,0.0,0.0,0.0,0.0,0.0678078768771589,0.0,0.0,0.0,0.0,0.0,0.0,0.4623171724924975,0.3683307449255666,0.0,0.0,0.0,0.0,0.0,0.0,0.1162848598918992,0.0,0.0,0.0,0.0,0.0,0.0
0.4032423721172671,0.1705959956578495,0.0,0.0,0.0,0.0,0.5175775243668987,0.0,0.0,0.442614224613341,0.0,0.2028217244690914,0.313492871739105,0.0,0.0,0.7505414785910642,0.6240261238637848,0.0,0.0,0.0,0.0,0.2108508273942941,0.0,0.3854508001842956,0.5680477621956044,0.2698416672528267,0.2702508742870931,0.0,0.1398855016809842,0.0,0.0147342455139346,0.414360799648781,0.5042604825068511,0.0,0.0,0.0,0.0,0.0,0.4262448184171828,0.4039480090562131,0.2887655229116619,0.0171788962479525,0.0,0.0,0.0,0.2181352337299157,0.0,0.0,0.0,0.0,0.0,0.0,0.0,0.0,0.1351696320219389,0.0,0.0572730380637306,0.0,0.0,0.0,0.4711305609394939,0.2533607649781961,0.4274393784689904,0.0,0.0,0.0,0.162149086624996,0.0,0.0188761103024111,0.21718985512298,0.0,0.0,0.0,0.0,0.0,0.5714618860787569
0.0,0.0,0.5531522279616411,0.0,0.0434282498171004,0.4322234975521525,0.1250574497422668,0.2666191932324621,0.4350658361678929,0.4261693828962911,0.3232200164078614,0.0,0.3470391035197618,0.0,0.0,0.0,0.0,0.0,0.0,0.0,0.0,0.0,0.4174023577557439,0.0,0.0,0.0,0.4659291332082599,0.3874620648378318,0.0,0.0,0.0515439095615704,0.0,0.0,0.4223108625496271,0.1986427496096678,0.3532853508984027,0.3425032558075929,0.0,0.0,0.0,0.0,0.0,0.0170892388868789,0.0,0.0,0.0,0.0,0.5454661877062725,0.0,0.0,0.0,0.0,0.1600863673651521,0.3417553044368761,0.0,0.4401268762901983,0.0,0.0,0.0137085666422775,0.0,0.0,0.0,0.0,0.7236239167111517,0.0,0.0,0.0,0.3511156048042073,0.0,0.0,0.0,0.1969367580767689,0.0,0.0,0.0,0.0
0.0,0.6376799607212013,0.0,0.0,0.0,0.3973584038810728,0.0,0.0,0.5883098273741295,0.0,0.0,0.0,0.0,0.0,0.7768569227330369,0.0,0.1094753981895874,0.0,0.0,0.0,0.3277852831327063,0.7644986314671101,0.4224880751269205,0.0,0.4278699085368225,0.4009868833172069,0.6996378274415261,0.3281249890655776,0.5693784349699821,0.0,0.0901858229415093,0.0,0.0,0.0,0.0,0.0200752922670495,0.3540700470324542,0.0,0.0,0.0,0.0,0.0,0.0,0.0,0.0,0.0,0.5828982107071388,0.0,0.0,0.0,0.1339466725507117,0.0,0.0062936547220512,0.0,0.0,0.0,0.0,0.0,0.0,0.6662965938882243,0.0,0.0,0.0,0.0,0.7484990515957313,0.1863412151932982,0.7215167599201961,0.2632148303711463,0.0,0.0,0.3679214743536796,0.8021391738773611,0.0,0.0,0.0,0.0
0.2167306744833184,0.3661661292329926,0.0,0.0,0.0,0.5365071321820185,0.0,0.4183675090942355,0.0,0.0,0.0,0.0,0.2205455513996277,0.0,0.6487041089437916,0.0854614059751499,0.0,0.0,0.0,0.3277852831327063,0.0,0.3931375262165202,0.5566994047761369,0.2266540699901828,0.2799520921681313,0.4819262192617131,0.4301063300352806,0.4480528110545047,0.4415749538097573,0.0,0.3095596803799729,0.0,0.0636051994122681,0.3777842412118953,0.0562699722465959,0.2231382875253497,0.0,0.0,0.0,0.0,0.0,0.0,0.0,0.0,0.0,0.2057134367317048,0.5189267523895538,0.0,0.0,0.0,0.053700651507327,0.0,0.4572948342933392,0.0,0.0,0.0,0.0,0.0,0.0,0.6056415619342937,0.0,0.0,0.0,0.0,0.0946791010204536,0.8027075768310801,0.246174748937899,0.5238116127719779,0.0,0.3018605290157596,0.5383333663620357,0.3332535473869005,0.1151644502627437,0.0,0.0,0.0
0.2348426526860713,0.6647711856528014,0.0,0.0,0.0,0.4191442708503562,0.0,0.0246603337040466,0.7097904289874264,0.5505343043557646,0.0,0.0,0.20883047598678,0.0,0.6655937143187979,0.1514030968792824,0.1747302774055861,0.2108508273942941,0.0,0.7644986314671101,0.3931375262165202,0.0,0.3606197621701723,0.0,0.5476655589165951,0.6255746161209058,0.7698699032886429,0.4149733339093436,0.5240629006108604,0.0,0.0898596973379262,0.0,0.1706165304871205,0.1487069548012588,0.0,0.0892637028491533,0.3685394689875668,0.0,0.0,0.0,0.0,0.0,0.0,0.0,0.0,0.0171375886057389,0.6570169483809964,0.0,0.0,0.0,0.0,0.0,0.0,0.0,0.0,0.0,0.0,0.0,0.0,0.594980166970482,0.1802089344054434,0.0,0.0,0.0,0.4987852701079987,0.2475046998738553,0.7323055535468727,0.1901791336026852,0.0,0.3019465132675721,0.4361083545310462,0.6256777501388074,0.0,0.0,0.0,0.0
0.0088703617491455,0.570621076294925,0.7992602494149774,0.0,0.0,0.769715380843034,0.0,0.6263142430496491,0.4128881380409072,0.2991343039529317,0.4974109407997788,0.0,0.0845664678387107,0.0,0.6640054272664736,0.0,0.0,0.0,0.4174023577557439,0.4224880751269205,0.5566994047761369,0.3606197621701723,0.0,0.059616973656998,0.2543027800408252,0.5119330997674868,0.518718682845269,0.268825296033077,0.1496369779153253,0.0,0.0,0.0,0.0,0.1508267867616448,0.0,0.1925880360421527,0.25819856846214,0.0,0.0,0.0,0.0,0.0,0.0,0.0,0.0,0.0,0.6594709885212496,0.7022945419551477,0.0,0.0711063103727981,0.4380008096396117,0.0984358471909443,0.6689865325196025,0.4661335208521143,0.0,0.4226442319755176,0.0,0.1388461034192474,0.119566703772497,0.6632125815451743,0.0,0.0,0.0,0.6233882938747801,0.2325073398211905,0.5309721005581113,0.3652910634956037,0.9110950503566844,0.0,0.0,0.6308440277413971,0.5280963444743237,0.0,0.0,0.0,0.0
0.5176491699184147,0.0,0.0,0.0,0.0,0.0,0.2941484703418359,0.1635092816287029,0.0,0.4796325892976831,0.0,0.7106004066976699,0.2540418865117614,0.0,0.0,0.2579279532665491,0.3753911327108032,0.3854508001842956,0.0,0.0,0.2266540699901828,0.0,0.059616973656998,0.0,0.2920983626243872,0.4375387680725122,0.1471401370892989,0.0,0.0,0.0,0.0,0.2913854437548853,0.496290425125067,0.0,0.0,0.0433638389510237,0.0,0.2161714607724129,0.3628808438321496,0.4705454735781134,0.1591449157517902,0.0,0.0,0.0,0.3477888402159094,0.4117314758261263,0.0,0.0,0.0,0.0,0.0,0.0,0.0,0.0,0.2544822618162588,0.0,0.5269381001138143,0.0,0.0,0.0,0.1751401001383042,0.0771755188710292,0.2142164047603706,0.0,0.0,0.0,0.0,0.0,0.6332894629851558,0.2263045441707458,0.2446859138680417,0.0,0.0,0.0,0.0,0.3894455434131326
0.2988245786569502,0.7756230236499593,0.0,0.0,0.0,0.3720667570022034,0.1537912959725353,0.0322913026758629,0.0,0.6432024506897671,0.0,0.0572287700264959,0.2569416353563031,0.0,0.455136776348232,0.3801362186851345,0.4985029844456807,0.5680477621956044,0.0,0.4278699085368225,0.2799520921681313,0.5476655589165951,0.2543027800408252,0.2920983626243872,0.0,0.6913267721008107,0.7274832047191497,0.0397247388002978,0.2757264383283157,0.0,0.0,0.0,0.383293831748596,0.0,0.0,0.0,0.0,0.074436690465202,0.0,0.2198843585267295,0.0,0.0,0.0,0.0,0.0,0.0017192873422071,0.5941039257942043,0.0,0.0,0.0,0.0,0.0,0.0,0.0,0.1940102279701795,0.0,0.2178142114330059,0.0,0.0,0.0,0.3274798600709787,0.0,0.0,0.0,0.4412174452700401,0.0580494934802311,0.5434620155625387,0.0,0.0385971183521032,0.5430394325562811,0.3663981393252958,0.0,0.0,0.0,0.0,0.0969106362643432
0.4785435684866534,0.8008383574497947,0.0,0.0,0.0,0.6758769097789908,0.0397745588392112,0.2334430453801707,0.0,0.6845684213810648,0.0,0.3811893992277259,0.5118541428201874,0.0,0.5055205578593273,0.1377905030865942,0.3097260194976861,0.2698416672528267,0.0,0.4009868833172069,0.4819262192617131,0.6255746161209058,0.5119330997674868,0.4375387680725122,0.6913267721008107,0.0,0.5703281002338164,0.3432947414513969,0.197689610326213,0.0,0.0,0.0,0.3881992222912265,0.1784581629349428,0.0,0.1420222738111339,0.0,0.3049366454129298,0.0,0.1020678601529094,0.0,0.0,0.0,0.0,0.3324998728317932,0.0560433150252524,0.6612207252161169,0.0,0.0,0.0,0.0,0.0,0.0,0.0,0.1291862109264387,0.0,0.3159055588008154,0.0,0.0,0.4356613088097422,0.0,0.0,0.0,0.0,0.3000095940477163,0.3431356456761545,0.4642690146328138,0.3175370164881753,0.106331535729344,0.3653245966808477,0.6142943050823114,0.4336597980348265,0.0,0.0,0.0,0.0
0.1662017066967106,0.7090949266515748,0.6423326263775593,0.0,0.0,0.4639501421757343,0.0673482378223414,0.1943743699630211,0.7556378895462477,0.6229231618362505,0.4349671835453783,0.0,0.1877431707827701,0.0,0.6844211949589211,0.1822774021509491,0.0,0.2702508742870931,0.4659291332082599,0.6996378274415261,0.4301063300352806,0.7698699032886429,0.518718682845269,0.1471401370892989,0.7274832047191497,0.5703281002338164,0.0,0.1925268559049142,0.4794343865576634,0.0,0.0088184243801964,0.0,0.1618512894358798,0.0,0.0,0.0391025732587615,0.2704249816128124,0.0,0.0,0.0,0.0,0.0,0.0,0.0,0.0,0.0,0.738513442201258,0.5626223005809663,0.0,0.0,0.0406347068343573,0.449834584280446,0.0965698514084891,0.7341034491419524,0.0,0.5463983784716085,0.0,0.0779006242756752,0.1058789477952285,0.6077028231691867,0.0,0.0,0.0,0.5008172299841549,0.4535727763867371,0.278695617704405,0.6395113913645203,0.25602855376247,0.0,0.0,0.4852764603357498,0.7164557111520546,0.0,0.0,0.0,0.0
0.1770637787124737,0.2580378985655257,0.3639552438881392,0.1365076295056255,0.0,0.4627493385467442,0.0,0.0580279841494757,0.3905373455416062,0.3442162033066037,0.1204495265851686,0.0,0.4726768691122328,0.0,0.4411284870657135,0.0055271805512486,0.0,0.0,0.3874620648378318,0.3281249890655776,0.4480528110545047,0.4149733339093436,0.268825296033077,0.0,0.0397247388002978,0.3432947414513969,0.1925268559049142,0.0,0.5316338802641334,0.2112311733847338,0.4009413070770013,0.0,0.0,0.4807088451487941,0.2263717369690029,0.396132995919909,0.4993978989516704,0.2899911918182714,0.0,0.0,0.0,0.0,0.0,0.0,0.0,0.0,0.0,0.0,0.0,0.0,0.0,0.0,0.0712987891493656,0.0,0.0,0.0,0.0,0.0,0.0,0.3710582575935494,0.0,0.0,0.0,0.0,0.0085032247054638,0.5035484916660455,0.0,0.2450513164228065,0.0,0.0,0.0,0.1129304204751538,0.4229783931406974,0.0,0.0,0.0
0.1236939086106114,0.2566932878906662,0.0,0.0,0.0,0.2737882217579902,0.0,0.0,0.362577462012401,0.0,0.0,0.0,0.2116476623020886,0.0,0.5312324307053486,0.30581744883415,0.0,0.1398855016809842,0.0,0.5693784349699821,0.4415749538097573,0.5240629006108604,0.1496369779153253,0.0,0.2757264383283157,0.197689610326213,0.4794343865576634,0.5316338802641334,0.0,0.0,0.4919171299431494,0.0,0.0,0.251800018789278,0.0,0.0424406532802099,0.3472573184884365,0.0,0.0,0.0,0.0,0.0,0.0,0.0,0.0,0.0,0.3333280391378693,0.0,0.0,0.0,0.0,0.0,0.0,0.0,0.0,0.0,0.0,0.087166734957772,0.0,0.4498145739078926,0.0,0.0,0.0,0.0,0.2439679187952811,0.3469450567116611,0.278428111514826,0.0397652539830308,0.0,0.0,0.1250067678730508,0.2776374254833865,0.1740497064515634,0.0144930220067064,0.0,0.0
0.0,0.0,0.066169806509764,0.0,0.0,0.0,0.0,0.0712931868292696,0.0,0.0,0.0,0.0,0.2090832866939107,0.0,0.0,0.1563535641631289,0.0,0.0,0.0,0.0,0.0,0.0,0.0,0.0,0.0,0.0,0.0,0.2112311733847338,0.0,0.0,0.1251102677755342,0.2372552607856249,0.0,0.2675943491545874,0.2929014602030672,0.0,0.0,0.0,0.186687937447573,0.0,0.0,0.0,0.0,0.0,0.0,0.0,0.0,0.0,0.0,0.0,0.0,0.0,0.0,0.0,0.0,0.0,0.0,0.0,0.0,0.0,0.0,0.0,0.0,0.0,0.0,0.0,0.0,0.0,0.0,0.0,0.0,0.0,0.0,0.0,0.0,0.0
0.1669067645962378,0.0,0.0416827436949692,0.0,0.0136545716307155,0.0,0.0,0.0,0.0784618739149565,0.0982326613651654,0.0,0.0,0.040141292618436,0.0,0.1975010307799455,0.3569623308075464,0.0955414896881439,0.0147342455139346,0.0515439095615704,0.0901858229415093,0.3095596803799729,0.0898596973379262,0.0,0.0,0.0,0.0,0.0088184243801964,0.4009413070770013,0.4919171299431494,0.1251102677755342,0.0,0.0,0.0,0.3444045197162819,0.1707986172795841,0.1833247837663736,0.234298829188175,0.0,0.0,0.0,0.0,0.0,0.0,0.0,0.0,0.20265004302288,0.0,0.0,0.0,0.0,0.0,0.0,0.0,0.0,0.0,0.0,0.0,0.0,0.0,0.0843967042672324,0.0,0.0,0.048375726256481,0.0,0.0,0.2434307482053896,0.0,0.0,0.0,0.0,0.0,0.0,0.2668556493073239,0.0,0.0,0.0105667747350149
0.2657059488475036,0.0,0.0,0.1164831970902013,0.459177329450802,0.0,0.5206485447774872,0.0,0.0,0.0,0.0,0.2721356305297746,0.0466288686365706,0.3125477490859696,0.0,0.3679548163969948,0.0420092331810854,0.414360799648781,0.0,0.0,0.0,0.0,0.0,0.2913854437548853,0.0,0.0,0.0,0.0,0.0,0.2372552607856249,0.0,0.0,0.4005390530392847,0.0,0.0,0.0,0.0,0.0,0.8424548676507667,0.5347480268693017,0.530904578646458,0.2076608385271325,0.4842858523821108,0.4689406257164891,0.0,0.3030450734268357,0.0,0.0,0.0,0.0,0.0,0.0,0.0,0.0,0.1194743037188436,0.0078244170841871,0.0695187990151256,0.0,0.0,0.0,0.2834345437037145,0.0,0.3626890153391971,0.0,0.0,0.0,0.0,0.0,0.2755621195915199,0.054025253087397,0.0,0.0,0.1777809735397184,0.3766846163387618,0.0,0.6260984016233068
0.5277368749452531,0.1420819698621518,0.0,0.0,0.2233695273777654,0.0,0.2986930145381085,0.0,0.2583823701783851,0.4395618342396963,0.1158021808312784,0.4226275649174691,0.2117275785328667,0.0,0.0,0.3238205538395264,0.2700138398098536,0.5042604825068511,0.0,0.0,0.0636051994122681,0.1706165304871205,0.0,0.496290425125067,0.383293831748596,0.3881992222912265,0.1618512894358798,0.0,0.0,0.0,0.0,0.4005390530392847,0.0,0.0,0.0,0.0,0.0,0.2955604988086615,0.4102699801875471,0.6776833126678982,0.3125065878056058,0.0,0.0,0.0,0.3142313044083467,0.4679484166653661,0.1769038455933123,0.0,0.0,0.0,0.0,0.0,0.0,0.0,0.2116331001047639,0.0,0.3298210657737557,0.0,0.0,0.0,0.3167426523399331,0.0,0.2452970691659056,0.0,0.0797506878732526,0.0,0.1958931733367638,0.0,0.3692715543024148,0.2878902463018202,0.2718469800018903,0.030862897711923,0.0,0.0763296263175489,0.0,0.3975244672138227
0.3013220290816676,0.0394070837812419,0.1692098229909425,0.295941100422592,0.1344525272994338,0.2829786519068113,0.0322865606201752,0.0914100265947237,0.1446965954064432,0.0989128097424655,0.0998477204694784,0.1538555546040703,0.3168023167004871,0.0,0.0782674900465113,0.0522639677592932,0.0,0.0,0.4223108625496271,0.0,0.3777842412118953,0.1487069548012588,0.1508267867616448,0.0,0.0,0.1784581629349428,0.0,0.4807088451487941,0.251800018789278,0.2675943491545874,0.3444045197162819,0.0,0.0,0.0,0.6483126542769526,0.4110136772938393,0.348705095356714,0.3959332282761025,0.0,0.0,0.0,0.0,0.0,0.0,0.3032478687471838,0.1605957171175795,0.1051669321145163,0.0,0.0,0.0,0.0,0.0,0.1041958375423783,0.0,0.0721335187102132,0.0,0.0,0.0,0.0,0.0617423832855144,0.0,0.0,0.0,0.0,0.0,0.4792886697809927,0.0,0.1724413760242415,0.0,0.0,0.1163315915083373,0.0,0.1956115350252443,0.0,0.0,0.0
0.0717608730618453,0.0,0.0,0.5394436452306016,0.1459449989697553,0.0681784832949722,0.064540205337384,0.1631969137213982,0.0,0.0,0.0,0.098579797389172,0.1673073877918339,0.0,0.0,0.0,0.0,0.0,0.1986427496096678,0.0,0.0562699722465959,0.0,0.0,0.0,0.0,0.0,0.0,0.2263717369690029,0.0,0.2929014602030672,0.1707986172795841,0.0,0.0,0.6483126542769526,0.0,0.3317631020524137,0.1494248165953076,0.2180032556627961,0.0,0.0,0.0,0.1953389560247272,0.0,0.0,0.0585160406156261,0.0,0.0,0.0,0.0,0.0,0.0,0.0,0.0,0.0,0.0,0.0,0.0,0.0,0.0,0.0,0.0,0.0,0.0,0.0,0.0,0.280834998526845,0.0,0.0509582373053773,0.0,0.0,0.0,0.0,0.0,0.0,0.0,0.0
0.0,0.0,0.1576806133543493,0.180759200262617,0.0855410254457987,0.358406712496582,0.0533026648012279,0.2281984512754841,0.231297926688899,0.0997370542266364,0.0536613238612244,0.2032791964870892,0.317338547276957,0.0,0.0336893382339538,0.0,0.0,0.0,0.3532853508984027,0.0200752922670495,0.2231382875253497,0.0892637028491533,0.1925880360421527,0.0433638389510237,0.0,0.1420222738111339,0.0391025732587615,0.396132995919909,0.0424406532802099,0.0,0.1833247837663736,0.0,0.0,0.4110136772938393,0.3317631020524137,0.0,0.4909786902356107,0.3166135481340194,0.0,0.0,0.0,0.0,0.0,0.111999733776264,0.0,0.0,0.0,0.2114177544991504,0.0,0.0,0.0,0.0,0.1911368013884541,0.1098534680625341,0.0,0.0993534078403419,0.1254405905717552,0.1590303025339745,0.0,0.0,0.0,0.0,0.0,0.3190941838153073,0.0,0.0,0.0,0.2241967056195675,0.0,0.0,0.0,0.0,0.0671823408327516,0.0,0.0,0.0
0.0,0.0,0.3590246488444081,0.0,0.0,0.4018668002821382,0.0,0.0639716891477285,0.3751606978877073,0.2839484770019125,0.0579404164293032,0.0,0.2545029115622887,0.0,0.0,0.0,0.0,0.0,0.3425032558075929,0.3540700470324542,0.0,0.3685394689875668,0.25819856846214,0.0,0.0,0.0,0.2704249816128124,0.4993978989516704,0.3472573184884365,0.0,0.234298829188175,0.0,0.0,0.348705095356714,0.1494248165953076,0.4909786902356107,0.0,0.2594412796083812,0.0,0.0,0.0,0.0,0.0,0.0,0.0,0.0,0.0,0.0,0.0,0.0,0.0,0.0,0.0,0.0,0.0,0.0,0.0,0.0,0.0,0.0,0.0,0.0,0.0,0.0,0.0,0.0,0.0,0.0,0.0,0.0,0.0,0.0,0.0,0.0,0.0,0.0
0.0,0.0,0.0,0.0,0.0001236207678711,0.0,0.0,0.0,0.320686371433818,0.1546546103806403,0.0544953573421174,0.3179236811834648,0.2432390901377631,0.0,0.0,0.0,0.0,0.0,0.0,0.0,0.0,0.0,0.0,0.2161714607724129,0.074436690465202,0.3049366454129298,0.0,0.2899911918182714,0.0,0.0,0.0,0.0,0.2955604988086615,0.3959332282761025,0.2180032556627961,0.3166135481340194,0.2594412796083812,0.0,0.0,0.0619467617107465,0.0,0.0,0.0,0.0,0.5144518699276792,0.0,0.0,0.0,0.0,0.0,0.0,0.0,0.0,0.0,0.2103323070232021,0.0,0.1914824920984935,0.0,0.0,0.0,0.0,0.0,0.0,0.0,0.0,0.0,0.0,0.0,0.1919743108050516,0.0,0.3325218000541999,0.0,0.0,0.0,0.0,0.0
0.2062491107828269,0.0,0.0,0.0,0.0,0.0,0.0,0.0,0.0,0.0128795744172981,0.0,0.2386538957248083,0.0,0.0,0.0,0.3585443278563118,0.0,0.4262448184171828,0.0,0.0,0.0,0.0,0.0,0.3628808438321496,0.0,0.0,0.0,0.0,0.0,0.186687937447573,0.0,0.8424548676507667,0.4102699801875471,0.0,0.0,0.0,0.0,0.0,0.0,0.6263232168102942,0.5815183925323278,0.2384583721860496,0.4578281831503858,0.4086303839642793,0.0,0.3473892314742425,0.0,0.0,0.0,0.2980910123687841,0.0,0.1075110432451974,0.0,0.0,0.1173438217136584,0.02912175208425,0.178213403183326,0.0557256416198925,0.3849348349495461,0.0,0.4493409637872285,0.1624131020674515,0.4860777541152831,0.0,0.0,0.0,0.0,0.0,0.4381188430304102,0.0943532063332865,0.0,0.0,0.2147061580781992,0.5025661871838162,0.4343965475253751,0.7921647802068219
0.2330299732893941,0.0,0.0,0.0,0.0,0.0,0.0,0.0,0.0,0.2530640961969401,0.0,0.2903953251224163,0.0,0.0,0.0,0.1991328043869105,0.1945717615088048,0.4039480090562131,0.0,0.0,0.0,0.0,0.0,0.4705454735781134,0.2198843585267295,0.1020678601529094,0.0,0.0,0.0,0.0,0.0,0.5347480268693017,0.6776833126678982,0.0,0.0,0.0,0.0,0.0619467617107465,0.6263232168102942,0.0,0.4478862074934672,0.0998420833212462,0.4099757126434517,0.3112924204410724,0.1634015480009913,0.3916333597667435,0.0189972923980714,0.0,0.0,0.4486036615740179,0.0348904080556458,0.3519228963221329,0.0,0.0,0.2437242599743706,0.133417850870852,0.4387820681939455,0.1120886449484586,0.0,0.0,0.5123853466594095,0.0664734707545995,0.3412924015258535,0.0,0.1115489858088767,0.0,0.1487152536026827,0.0,0.5259434011676848,0.3285285477801719,0.1781170356373292,0.0,0.0362303998565153,0.3542944726177807,0.2964586894464673,0.5767111995464764
0.1050846268987712,0.0,0.0,0.0,0.0,0.0,0.0,0.0,0.0,0.0,0.0,0.0349046475920752,0.0,0.0,0.0,0.2407035259458939,0.0,0.2887655229116619,0.0,0.0,0.0,0.0,0.0,0.1591449157517902,0.0,0.0,0.0,0.0,0.0,0.0,0.0,0.530904578646458,0.3125065878056058,0.0,0.0,0.0,0.0,0.0,0.5815183925323278,0.4478862074934672,0.0,0.2259302917774924,0.2050154435616946,0.3341785516192441,0.0,0.186460641680758,0.0,0.0,0.0955710277952841,0.1993992340132817,0.0,0.1086920686305578,0.0,0.0,0.0,0.0,0.1374479551145636,0.0,0.2148967648019523,0.0,0.3866534637839727,0.0,0.4317867453428086,0.0,0.0,0.0,0.0,0.0,0.2388636204040827,0.0,0.0,0.0,0.147222624325978,0.3366102616174398,0.2633309563944222,0.5527286916318719
0.0,0.0,0.0,0.0,0.0,0.0,0.0,0.0,0.0,0.0,0.0,0.0,0.0,0.0,0.0,0.0633204395236952,0.0,0.0171788962479525,0.0,0.0,0.0,0.0,0.0,0.0,0.0,0.0,0.0,0.0,0.0,0.0,0.0,0.2076608385271325,0.0,0.0,0.1953389560247272,0.0,0.0,0.0,0.2384583721860496,0.0998420833212462,0.2259302917774924,0.0,0.1475968042203645,0.1681292333699369,0.0,0.0658634888308125,0.0,0.0,0.0740049778772861,0.0,0.0,0.0,0.0,0.0,0.1488264231862721,0.0,0.0,0.0,0.0,0.0,0.0,0.1255089671594007,0.2360990603838622,0.0,0.0,0.0,0.0,0.0,0.0,0.0,0.0,0.0,0.1112444989712352,0.0271118551702621,0.2425854573479498,0.1780903257657872
0.0,0.0,0.0,0.0,0.2691583937124055,0.0,0.0,0.0112207523322884,0.0,0.0,0.0,0.0,0.0,0.3428200767042679,0.0,0.0,0.0,0.0,0.0170892388868789,0.0,0.0,0.0,0.0,0.0,0.0,0.0,0.0,0.0,0.0,0.0,0.0,0.4842858523821108,0.0,0.0,0.0,0.0,0.0,0.0,0.4578281831503858,0.4099757126434517,0.2050154435616946,0.1475968042203645,0.0,0.536519164025827,0.0,0.0,0.0,0.0,0.0,0.2719620475844441,0.0,0.0404571854434969,0.0,0.0,0.2584509922060061,0.0687395754775522,0.253213073288106,0.0,0.4304230304537711,0.0,0.0,0.0405966255361942,0.0,0.0,0.0,0.0,0.0,0.0,0.3246583775157882,0.0892063800599157,0.0,0.0,0.0370645907264779,0.1191861784661731,0.0,0.3952779916312106
0.0,0.0,0.0,0.0,0.0,0.0,0.0,0.0,0.0,0.0,0.0,0.0,0.0,0.0,0.0,0.0,0.0,0.0,0.0,0.0,0.0,0.0,0.0,0.0,0.0,0.0,0.0,0.0,0.0,0.0,0.0,0.4689406257164891,0.0,0.0,0.0,0.111999733776264,0.0,0.0,0.4086303839642793,0.3112924204410724,0.3341785516192441,0.1681292333699369,0.536519164025827,0.0,0.0,0.0,0.0,0.0,0.0728689213955962,0.251137120063165,0.0,0.116572815552234,0.0,0.0,0.3512555190298955,0.0798161888194039,0.2702780368960737,0.1377139021653242,0.4001529945932366,0.0,0.0,0.0,0.0,0.0,0.0,0.0,0.0,0.0,0.0,0.0,0.0,0.0,0.2297847322493451,0.1910239401041328,0.0,0.424882618235671
0.0,0.0,0.0,0.0,0.0,0.0,0.0,0.0,0.0,0.4554914630320794,0.0,0.2935036453818144,0.0,0.0,0.0,0.0,0.0,0.0,0.0,0.0,0.0,0.0,0.0,0.3477888402159094,0.0,0.3324998728317932,0.0,0.0,0.0,0.0,0.0,0.0,0.3142313044083467,0.3032478687471838,0.0585160406156261,0.0,0.0,0.5144518699276792,0.0,0.1634015480009913,0.0,0.0,0.0,0.0,0.0,0.2585189406895814,0.0,0.0,0.0,0.0,0.0,0.0562875954064016,0.0,0.3399150280011229,0.3315718959514332,0.2498473829280288,0.2145571587158115,0.1916232974527391,0.0,0.0,0.0,0.0,0.0,0.0,0.0,0.0,0.0,0.0,0.2971763327112362,0.3364325172238021,0.3974832315358245,0.0,0.0807206674826071,0.0,0.0,0.0
0.5529551748878099,0.0,0.0,0.0,0.0,0.0,0.0,0.0,0.0,0.0,0.0,0.0,0.0,0.0,0.0,0.3395374448797806,0.0,0.2181352337299157,0.0,0.0,0.2057134367317048,0.0171375886057389,0.0,0.4117314758261263,0.0017192873422071,0.0560433150252524,0.0,0.0,0.0,0.0,0.20265004302288,0.3030450734268357,0.4679484166653661,0.1605957171175795,0.0,0.0,0.0,0.0,0.3473892314742425,0.3916333597667435,0.186460641680758,0.0658634888308125,0.0,0.0,0.2585189406895814,0.0,0.0,0.0,0.0,0.0,0.0,0.0,0.0557854725931209,0.0,0.3437610625427679,0.0,0.0415961543143293,0.1192258496855989,0.0,0.0,0.2077410658527703,0.0,0.2787863583394533,0.0,0.0,0.2342969246653995,0.0,0.0,0.3273478190649068,0.1199978682479744,0.1128329733931131,0.0,0.4099088264087392,0.0489363972118131,0.0,0.4423138159042064
0.0731384147716275,0.7737618615056787,0.0,0.0,0.0,0.0,0.0,0.0,0.0,0.0,0.0,0.0,0.0,0.0,0.6963485206367181,0.0,0.0,0.0,0.0,0.5828982107071388,0.5189267523895538,0.6570169483809964,0.6594709885212496,0.0,0.5941039257942043,0.6612207252161169,0.738513442201258,0.0,0.3333280391378693,0.0,0.0,0.0,0.1769038455933123,0.1051669321145163,0.0,0.0,0.0,0.0,0.0,0.0189972923980714,0.0,0.0,0.0,0.0,0.0,0.0,0.0,0.0,0.0,0.0,0.2598168080830693,0.3722317401390358,0.326064903130835,0.666379469214908,0.2836983253374389,0.0,0.0,0.3006115179069847,0.0,0.670957872178813,0.1336846627385363,0.0,0.0,0.0,0.4234557254699796,0.4587587832848961,0.6341220804646168,0.5642814320454441,0.0,0.645404147704001,0.7959076058435823,0.6829966209638206,0.0,0.0,0.0,0.0
0.0,0.0,0.9054729601826952,0.0,0.0331852079028464,0.567272989858314,0.0,0.4230642233982278,0.5824945375139043,0.0,0.642995573016982,0.0,0.2157045849375218,0.0,0.0,0.0,0.0,0.0,0.5454661877062725,0.0,0.0,0.0,0.7022945419551477,0.0,0.0,0.0,0.5626223005809663,0.0,0.0,0.0,0.0,0.0,0.0,0.0,0.0,0.2114177544991504,0.0,0.0,0.0,0.0,0.0,0.0,0.0,0.0,0.0,0.0,0.0,0.0,0.0,0.2756609104491713,0.1642538348286099,0.1359761588039768,0.5303544316279241,0.5292962580525081,0.0,0.7892009700903707,0.0,0.3317197387490347,0.2777646963863497,0.0,0.0,0.0,0.0,0.5610219401593753,0.0,0.0,0.0,0.6708557876938825,0.0,0.0,0.0,0.42224906677425,0.0661588943760387,0.0,0.0363536222801676,0.0
0.0,0.0,0.0,0.0,0.0,0.0,0.0,0.0,0.0,0.0,0.0,0.0,0.0,0.0,0.0,0.0,0.0,0.0,0.0,0.0,0.0,0.0,0.0,0.0,0.0,0.0,0.0,0.0,0.0,0.0,0.0,0.0,0.0,0.0,0.0,0.0,0.0,0.0,0.0,0.0,0.0955710277952841,0.0740049778772861,0.0,0.0728689213955962,0.0,0.0,0.0,0.0,0.0,0.0,0.0,0.0,0.0,0.0,0.0,0.0,0.0,0.0,0.0,0.0,0.0,0.0,0.0,0.0,0.0,0.0,0.0,0.0,0.0,0.0,0.0,0.0,0.0,0.0,0.0,0.0
0.0,0.0,0.2398156470595638,0.0,0.0,0.0,0.0,0.0,0.0,0.0,0.3000581369731483,0.0,0.0,0.0,0.0,0.0,0.0,0.0,0.0,0.0,0.0,0.0,0.0711063103727981,0.0,0.0,0.0,0.0,0.0,0.0,0.0,0.0,0.0,0.0,0.0,0.0,0.0,0.0,0.0,0.2980910123687841,0.4486036615740179,0.1993992340132817,0.0,0.2719620475844441,0.251137120063165,0.0,0.0,0.0,0.2756609104491713,0.0,0.0,0.1067752141739816,0.658378254255767,0.0022257678136966,0.4675860028436997,0.1681541999396972,0.3530300022413111,0.2508558884582442,0.0777148870214096,0.4616689318396078,0.0,0.0,0.0,0.0,0.0,0.0,0.0,0.0,0.0,0.0,0.0,0.0,0.3718176560493189,0.1316240635379791,0.0,0.0,0.4788742057209593
0.0,0.0,0.1675783179027137,0.0,0.0,0.3252520044075652,0.0,0.2434070781576714,0.0,0.0,0.1195645346919084,0.0,0.0,0.0,0.272571521580652,0.0,0.0,0.0,0.0,0.1339466725507117,0.053700651507327,0.0,0.4380008096396117,0.0,0.0,0.0,0.0406347068343573,0.0,0.0,0.0,0.0,0.0,0.0,0.0,0.0,0.0,0.0,0.0,0.0,0.0348904080556458,0.0,0.0,0.0,0.0,0.0,0.0,0.2598168080830693,0.1642538348286099,0.0,0.1067752141739816,0.0,0.3213168901027237,0.3313862352741043,0.0418251240458112,0.0,0.064793031341963,0.0,0.3254439783747592,0.1493034359696251,0.2761170149027427,0.0881846018863618,0.0437105372976583,0.0,0.051453944590989,0.3082085937264446,0.0,0.2199752221581659,0.4789261102884204,0.0,0.1123125497536886,0.2870728878104163,0.335642722555109,0.0,0.2356004244406095,0.0,0.0
0.0,0.0,0.0,0.0,0.0,0.0176344289602518,0.0,0.0,0.0,0.0,0.057230657671128,0.0,0.0,0.0,0.0,0.0,0.0,0.0,0.0,0.0,0.0,0.0,0.0984358471909443,0.0,0.0,0.0,0.449834584280446,0.0,0.0,0.0,0.0,0.0,0.0,0.0,0.0,0.0,0.0,0.0,0.1075110432451974,0.3519228963221329,0.1086920686305578,0.0,0.0404571854434969,0.116572815552234,0.0562875954064016,0.0,0.3722317401390358,0.1359761588039768,0.0,0.658378254255767,0.3213168901027237,0.0,0.0,0.4496588906692607,0.1195598855823676,0.1169526182957469,0.1900750356626155,0.1305064120220783,0.2578312538827464,0.0,0.6416166584486219,0.0,0.1791568105822366,0.0111880031054371,0.6081801827037048,0.0,0.5856809063180052,0.0031155551436353,0.0,0.3731956693848948,0.250536956189963,0.5794468150095726,0.0,0.4236695437928897,0.0,0.2261443506830671
0.0,0.0,0.5000101559336512,0.0,0.0,0.4400988530673795,0.0,0.7033026751486233,0.1328466705866501,0.0,0.2691880245490058,0.0,0.0,0.0,0.248428814314598,0.0,0.0,0.0,0.1600863673651521,0.0062936547220512,0.4572948342933392,0.0,0.6689865325196025,0.0,0.0,0.0,0.0965698514084891,0.0712987891493656,0.0,0.0,0.0,0.0,0.0,0.1041958375423783,0.0,0.1911368013884541,0.0,0.0,0.0,0.0,0.0,0.0,0.0,0.0,0.0,0.0557854725931209,0.326064903130835,0.5303544316279241,0.0,0.0022257678136966,0.3313862352741043,0.0,0.0,0.1139536993507236,0.0,0.2576777367695641,0.0,0.1178084874502427,0.0940789643482982,0.3699050240116379,0.0,0.0,0.0,0.3138799516581494,0.0,0.5393882224196113,0.0,0.7732389811762206,0.4064903245504008,0.1792038480684815,0.4867419296870328,0.1821398324835475,0.0,0.0,0.0,0.0
0.0,0.0,0.5738008683019854,0.0,0.0,0.4708091664262277,0.0,0.1858486152953398,0.8617784155645525,0.0,0.4153664607026747,0.0,0.0,0.0,0.0,0.0,0.0,0.0,0.3417553044368761,0.0,0.0,0.0,0.4661335208521143,0.0,0.0,0.0,0.7341034491419524,0.0,0.0,0.0,0.0,0.0,0.0,0.0,0.0,0.1098534680625341,0.0,0.0,0.0,0.0,0.0,0.0,0.0,0.0,0.3399150280011229,0.0,0.666379469214908,0.5292962580525081,0.0,0.4675860028436997,0.0418251240458112,0.4496588906692607,0.1139536993507236,0.0,0.2418935392772198,0.4949412532537737,0.1624902198522123,0.144762660898159,0.0,0.0,0.0,0.0,0.0,0.4741164322836652,0.4892028352847638,0.0,0.6758930685953966,0.2659021931341779,0.0,0.0,0.5108925699080491,0.7074891302166174,0.0,0.0,0.0,0.0
0.2334592948620202,0.0,0.0,0.0,0.0,0.0,0.0,0.0,0.0,0.4485350223819649,0.0,0.3305810651107475,0.0,0.0,0.0,0.0,0.0678078768771589,0.1351696320219389,0.0,0.0,0.0,0.0,0.0,0.2544822618162588,0.1940102279701795,0.1291862109264387,0.0,0.0,0.0,0.0,0.0,0.1194743037188436,0.2116331001047639,0.0721335187102132,0.0,0.0,0.0,0.2103323070232021,0.1173438217136584,0.2437242599743706,0.0,0.1488264231862721,0.2584509922060061,0.3512555190298955,0.3315718959514332,0.3437610625427679,0.2836983253374389,0.0,0.0,0.1681541999396972,0.0,0.1195598855823676,0.0,0.2418935392772198,0.0,0.3235192563002012,0.2558692687757921,0.3440103367893884,0.1474378660292019,0.0,0.0388853445775417,0.3117695525976323,0.0,0.1570996571611657,0.0,0.0,0.0,0.0,0.2195382486787437,0.5919786717887563,0.3239169026074908,0.0158963861684221,0.1792813359415174,0.0,0.0,0.1285075087354327
