0.0,0.0239768233229055,0.0,0.0,0.0,0.0,0.0,0.0,0.0,0.0366885614511819,0.0,0.0,0.0,0.0,0.0050967484695973,0.2547633841593753,0.1249510689236745,0.0359685061057019,0.0,0.2270480038676724,0.1113901288556424,0.3090770644550839,0.0,0.2667256382067824,0.0702668851553526,0.111107193886067,0.0,0.0,0.0760882504772725,0.0,0.0,0.2160539140433373,0.1363078046032462,0.1166097742226002,0.1214472356544133,0.0,0.0,0.0,0.1877571650765856,0.1230913648196335,0.1175198648312176,0.0,0.0,0.0,0.0,0.5398690814593443,0.0,0.0,0.0,0.0,0.0,0.0,0.0,0.0,0.0,0.0,0.0,0.0,0.0,0.0,0.2298489806274525,0.0,0.2832223218952408,0.0,0.0,0.0951707197681179,0.2127432690601834,0.0,0.2892030026190006,0.0,0.1549128711036966,0.0,0.0,0.0,0.0,0.0
0.0239768233229055,0.0,0.0,0.0,0.1441534038316434,0.7081159212762478,0.2841975023018012,0.2655448632237847,0.0445473870334158,0.0,0.0,0.0,0.2538061415284876,0.0,0.0,0.4022045290520551,0.0,0.6302457948062932,0.0,0.0992942932490269,0.0,0.2219038318673488,0.3395884835321833,0.0,0.6997898174950485,0.7392154426270839,0.2064851357232686,0.0,0.4060642657940738,0.0,0.0,0.0186175385349994,0.1375005582484579,0.0,0.0,0.0,0.0,0.0,0.0402865884294561,0.0934666058597568,0.1137255010838184,0.0,0.0,0.0,0.0,0.0,0.5343538052336005,0.0,0.0,0.0,0.0,0.0,0.0,0.0,0.0,0.0,0.0,0.0,0.0,0.1364800846572135,0.1386375006575916,0.0,0.1439730643870383,0.0,0.0,0.0,0.1458993008573036,0.0507775062886576,0.0,0.338245887682563,0.3059369141331871,0.2178015234696612,0.0,0.0,0.0,0.0039169826753948
0.0,0.0,0.0,0.0,0.4829848755589563,0.4591005613435496,0.3730316672929163,0.307511144670029,0.6654657279868942,0.2037717672327635,0.8208947234478372,0.0,0.1844324338014602,0.3903494007657064,0.0,0.0,0.0,0.0,0.6749839649503492,0.0,0.0,0.0,0.598091069472742,0.0,0.0,0.0,0.4419938550503783,0.2145017803165928,0.0,0.1576310007111212,0.170413316668523,0.0,0.0,0.0,0.0,0.360583384151159,0.2901858288037653,0.0,0.0,0.0,0.0,0.0,0.4300332648063097,0.0,0.0,0.0,0.0,0.8721021995764736,0.0,0.0426005579167769,0.0,0.0,0.242158372797997,0.0589958959539334,0.0,0.8135434530438854,0.0,0.0,0.1355620376643711,0.0,0.0,0.0,0.0,0.518898163943385,0.0,0.0,0.0,0.2062062628084732,0.0,0.0,0.0,0.0605899328920978,0.0,0.0,0.0,0.0
0.0,0.0,0.0,0.0,0.220750158394392,0.0,0.244129828037161,0.0,0.0,0.0,0.0257831347112753,0.0,0.2441500911648082,0.2913024515308666,0.0,0.0,0.0,0.0,0.137383678293918,0.0,0.0,0.0,0.0,0.0,0.0,0.0,0.0,0.4002421903574499,0.0,0.0,0.0,0.0,0.0,0.019145997723612,0.0479148935514656,0.3409217125924655,0.3540985722880042,0.0,0.0,0.0,0.0,0.0,0.0,0.0,0.0,0.0,0.0,0.0,0.0,0.0,0.0,0.0,0.0,0.0,0.0,0.0,0.0,0.0,0.0,0.0,0.0,0.0,0.0,0.0,0.0,0.0,0.0,0.0,0.0,0.0,0.0,0.0,0.0,0.0,0.0,0.0
0.0,0.1441534038316434,0.4829848755589563,0.220750158394392,0.0,0.3231812683164924,0.5444846954863037,0.0,0.5796349805781555,0.2937668451491613,0.5094079035874656,0.2328922304844243,0.2837655821135971,0.6295972299858509,0.0,0.0,0.0,0.0,0.4012987646618111,0.3303553611594875,0.0,0.3856014527138577,0.2356339081141037,0.0,0.18476697362574,0.0,0.4581734125149595,0.5213448446028387,0.3002544589317967,0.0,0.4422553298689354,0.0,0.0,0.0,0.0,0.5395934711612189,0.5882074982203093,0.0975040999964067,0.0,0.0,0.0,0.0,0.4813184765849314,0.0,0.0,0.0,0.0,0.4476899241648577,0.0,0.0,0.0,0.0,0.0349258231914872,0.2777169477436401,0.0,0.477846835804078,0.0,0.0,0.0,0.0,0.0,0.0,0.0,0.0,0.0,0.0,0.0,0.0918136989734148,0.0,0.0,0.0,0.1617924465752548,0.0,0.0,0.0,0.0
0.0,0.7081159212762478,0.4591005613435496,0.0,0.3231812683164924,0.0,0.4497599342961896,0.4444863975921774,0.262678684102982,0.0774180461767499,0.4712039846801537,0.0,0.2996823502354483,0.2695919953172525,0.0,0.1258580548608985,0.0,0.5072169868593401,0.3235375143369609,0.0026120350979172,0.0,0.0903925430521881,0.6751823932260576,0.0,0.4234019432445938,0.444275953383671,0.318532886417268,0.0,0.3269340140581291,0.0,0.0,0.0,0.0211352790436841,0.0,0.0,0.1465855691821549,0.0814645223480027,0.0,0.0,0.0,0.0,0.0072270700342403,0.3262415503052308,0.0,0.0,0.0,0.0,0.4034800828679979,0.0,0.0,0.234284682950515,0.1273247834282783,0.4401760454232509,0.0,0.0,0.459165694981382,0.0,0.1415978472675134,0.0,0.1217656803766634,0.0,0.0,0.0,0.2601684101078274,0.0,0.0,0.0482576789248438,0.3455541642004719,0.0,0.0,0.0,0.27815511594268,0.0,0.0,0.0,0.0
0.0,0.2841975023018012,0.3730316672929163,0.244129828037161,0.5444846954863037,0.4497599342961896,0.0,0.0,0.5428707305020999,0.1289956909124475,0.4171017716667523,0.0,0.4363604665617498,0.3541306540111498,0.0,0.1908549503734817,0.0,0.2139711640073549,0.505932306183764,0.0840950494917288,0.0,0.1606743284844566,0.2683926681198175,0.0,0.165883777330597,0.1434018261182351,0.4492929928081743,0.3337280204952276,0.2992867668920506,0.0,0.4301684262540428,0.0,0.0,0.0954107032385396,0.0,0.3565804540965689,0.4108404552336754,0.131426491118388,0.0,0.0,0.0,0.0,0.0,0.0,0.0,0.0,0.0,0.0,0.0,0.0,0.0,0.0,0.0,0.0,0.0,0.0,0.0,0.0,0.0,0.0,0.0,0.0,0.0,0.0,0.0,0.0,0.0,0.1784495169367188,0.0,0.0,0.0,0.2827124673872096,0.0,0.0,0.0,0.0
0.0,0.2655448632237847,0.307511144670029,0.0,0.0,0.4444863975921774,0.0,0.0,0.0677937571436194,0.0,0.218436984213938,0.0,0.2690551824772341,0.0,0.0,0.0,0.0,0.3110782603044064,0.0160542438402085,0.0,0.0,0.0,0.5629926552221169,0.5050952104481565,0.0584832281229756,0.3887025296201987,0.0,0.0,0.0,0.0,0.0,0.3017073111807093,0.4737626039576834,0.0,0.0,0.0,0.0,0.0,0.2040323974993046,0.0,0.0,0.0,0.1674686784982416,0.0,0.0,0.0,0.0,0.2168906318117192,0.0,0.0,0.0,0.0,0.5727383965955319,0.0,0.0,0.1885046604701725,0.0,0.4350471268703242,0.0941721646855212,0.0,0.0,0.0,0.0,0.0,0.0,0.0,0.0,0.0,0.0,0.0,0.0,0.0,0.0,0.0,0.0,0.0
0.0,0.0445473870334158,0.6654657279868942,0.0,0.5796349805781555,0.262678684102982,0.5428707305020999,0.0677937571436194,0.0,0.1116622514214524,0.5673120503574682,0.278480723176785,0.2187923493279119,0.2617468854740353,0.0,0.0,0.0,0.0,0.5220663094576025,0.1489069206422055,0.0,0.2047429780262235,0.4006557213717264,0.0,0.0,0.0,0.5250000670487184,0.1659517997331254,0.0130290862581138,0.3172784974089973,0.2273312582189214,0.0,0.0943187728175125,0.0624812798935337,0.0,0.2928099382020628,0.2702072234588641,0.2174750336676081,0.0,0.0,0.0,0.0,0.3763821621279983,0.0,0.0,0.0,0.0,0.562528216896744,0.0,0.0,0.0,0.0,0.1354307753594818,0.242800426229911,0.0,0.5424474635793883,0.0,0.0,0.1489349054592322,0.0,0.0,0.0,0.0,0.3956204062439277,0.0,0.0,0.0,0.2243678880237571,0.0,0.0,0.0,0.1784563993268707,0.0,0.0,0.0,0.0
0.0366885614511819,0.0,0.2037717672327635,0.0,0.2937668451491613,0.0774180461767499,0.1289956909124475,0.0,0.1116622514214524,0.0,0.1046821587594176,0.438506642487614,0.0795421549714487,0.3376664204851292,0.0,0.0353773975222824,0.2342012450644359,0.1676583974371326,0.0719516065375951,0.0,0.0,0.1881478022345706,0.0,0.1343404372589303,0.6160643332275795,0.3203274157272863,0.2019670193071379,0.0862760495910424,0.0,0.0,0.2631171392391577,0.0,0.0,0.0,0.0563567198086361,0.5227146036846245,0.3922488515598601,0.0003258196019907,0.0535958933500207,0.0,0.0,0.0,0.0,0.0,0.1919668780992088,0.0,0.0,0.0,0.0,0.0,0.0,0.0,0.0,0.0,0.579341294705128,0.0,0.4635998612121539,0.0,0.0,0.0,0.0,0.4184047601147608,0.2217694917879609,0.0,0.0,0.0,0.0,0.0,0.1083114804328101,0.3840322405955204,0.2874183796466759,0.0,0.2316989740900343,0.0,0.0,0.0
0.0,0.0,0.8208947234478372,0.0257831347112753,0.5094079035874656,0.4712039846801537,0.4171017716667523,0.218436984213938,0.5673120503574682,0.1046821587594176,0.0,0.284913992422444,0.2692616439633918,0.3873885566448601,0.0,0.0,0.0,0.0,0.5411179343375233,0.0,0.0,0.0,0.593926556362094,0.0,0.0,0.0,0.4137269334986641,0.2592574140265143,0.0,0.0,0.2205139183983902,0.0,0.0858352211370285,0.0,0.0,0.3466435470555785,0.2769738881485172,0.0433635426053375,0.0,0.0,0.0,0.0,0.4168482315192233,0.0,0.0,0.0,0.0,0.6659420885828433,0.0,0.1437341692502009,0.0,0.1647092380951006,0.2216131299247718,0.0,0.0,0.8159356224755191,0.0,0.1554679228617003,0.192691807355447,0.0,0.0,0.0,0.0,0.4896996438230577,0.0,0.0,0.0,0.2455899406162299,0.0,0.0,0.0,0.1447802128620587,0.0,0.0,0.0,0.0
0.0,0.0,0.0,0.0,0.2328922304844243,0.0,0.0,0.0,0.278480723176785,0.438506642487614,0.284913992422444,0.0,0.2868867106092156,0.0,0.0,0.0,0.0,0.1057187275788889,0.0,0.0,0.0,0.0,0.0,0.572096305270035,0.2211530380374405,0.3434176358074934,0.0,0.0,0.0,0.0,0.0,0.2881139483722171,0.3551785354737726,0.0,0.0,0.174952814040052,0.1243272769303815,0.2723982508369122,0.2047319771956984,0.4075410011413939,0.0,0.0,0.0,0.0,0.4829285530442259,0.0,0.0,0.0,0.0,0.0,0.0,0.0,0.0,0.0,0.1896918351106555,0.0,0.6799282839608553,0.0,0.0,0.0,0.0,0.2466021353269012,0.1906772786369191,0.0,0.0,0.0,0.0,0.0,0.4918172676155573,0.0879092649812751,0.2423982200058076,0.0,0.0,0.0,0.0,0.0
0.0,0.2538061415284876,0.1844324338014602,0.2441500911648082,0.2837655821135971,0.2996823502354483,0.4363604665617498,0.2690551824772341,0.2187923493279119,0.0795421549714487,0.2692616439633918,0.2868867106092156,0.0,0.2417146930682493,0.0,0.2673542673663843,0.2349233594686035,0.2546927906729316,0.2235171341953742,0.0,0.0,0.0,0.1500486647819687,0.0640098919439199,0.0,0.2839468970061784,0.0,0.3110921129469718,0.0671964749167762,0.0893093707560359,0.1142568576032753,0.0,0.0309853149005862,0.164862715218382,0.0,0.1994002730722582,0.2049259241797223,0.2515671608642827,0.0,0.0,0.0,0.0,0.2124919335914317,0.0,0.0,0.0,0.0,0.1953713523306565,0.0,0.0,0.0,0.0,0.0629075674062302,0.0,0.0,0.0,0.0,0.0,0.0,0.0,0.0,0.0,0.0,0.0,0.0,0.0,0.0,0.0,0.0,0.0,0.0,0.0,0.0,0.0,0.0,0.0
0.0,0.0,0.3903494007657064,0.2913024515308666,0.6295972299858509,0.2695919953172525,0.3541306540111498,0.0,0.2617468854740353,0.3376664204851292,0.3873885566448601,0.0,0.2417146930682493,0.0,0.0,0.0,0.0,0.0,0.3176420137134662,0.0,0.2378093133736779,0.0,0.1471526818550294,0.0,0.0,0.0,0.2609303014814237,0.522623275190736,0.0,0.0,0.5123375478294176,0.0,0.0,0.0042569334099626,0.0,0.7999949083365249,0.6845381356027984,0.0,0.0,0.0,0.0,0.0,0.6200976308513617,0.0,0.0,0.0,0.0,0.3769811340547921,0.0,0.0,0.0,0.0,0.0,0.0365440972299324,0.0,0.4083830796614123,0.0,0.0,0.0,0.0,0.0,0.0,0.0,0.0,0.0,0.0,0.0,0.0312466680585387,0.0,0.0,0.0,0.0,0.0,0.0,0.0,0.0
0.0050967484695973,0.0,0.0,0.0,0.0,0.0,0.0,0.0,0.0,0.0,0.0,0.0,0.0,0.0,0.0,0.0,0.0,0.0,0.0,0.2830910173050398,0.3835927605819452,0.3792521869556969,0.0705391209779325,0.0,0.0118147274056832,0.0,0.4481422208025825,0.1670658833695851,0.1210281378719307,0.0,0.2166316484871251,0.0,0.0,0.0124690734948632,0.0,0.308383406704472,0.0,0.0,0.0,0.0,0.0,0.0,0.0,0.0,0.0,0.0,0.1064116237473561,0.0,0.0,0.0,0.0,0.0,0.0,0.0,0.0,0.0,0.0,0.0,0.0,0.4608351679025197,0.0902868206692787,0.0,0.0,0.0,0.3151987974690751,0.316490994669371,0.482602453437702,0.2875443090843862,0.0,0.0,0.090306383266219,0.2915987809519821,0.2581464775469256,0.1625641463312844,0.0,0.2332565842527572
0.2547633841593753,0.4022045290520551,0.0,0.0,0.0,0.1258580548608985,0.1908549503734817,0.0,0.0,0.0353773975222824,0.0,0.0,0.2673542673663843,0.0,0.0,0.0,0.3431953877244328,0.6039926196805651,0.0,0.1242619948146846,0.0526539365546009,0.1652659116208963,0.019496582843084,0.0,0.293923864023997,0.2784370597794351,0.0,0.0740576643284924,0.3310304256136195,0.0,0.1144074733179111,0.0,0.0736811837744126,0.0888974740809266,0.0858836689419272,0.0,0.0,0.0,0.0,0.0,0.1502780214031976,0.0396761283068751,0.0,0.0,0.0,0.1257300702425461,0.0125795307677108,0.0,0.0,0.0,0.0,0.0,0.0,0.0,0.0,0.0,0.0,0.0,0.0,0.0248746428792479,0.3238991601497383,0.0,0.2319034865369076,0.0,0.0,0.0626847472482245,0.0,0.0,0.0,0.0304767977945189,0.0504342069909396,0.0,0.0,0.0,0.0,0.044771455228036
0.1249510689236745,0.0,0.0,0.0,0.0,0.0,0.0,0.0,0.0,0.2342012450644359,0.0,0.0,0.2349233594686035,0.0,0.0,0.3431953877244328,0.0,0.4414568833619785,0.0,0.0,0.0,0.0,0.0,0.3528378889013348,0.3520853613716314,0.4923141474289632,0.0,0.0,0.0,0.0,0.0,0.1167044599645749,0.2574131133595401,0.0316094122988656,0.0643402372023899,0.0,0.0,0.0,0.0,0.1756622192519018,0.1464985378449024,0.0,0.0,0.0,0.0,0.0,0.0,0.0,0.0,0.0,0.0,0.0,0.0,0.0,0.1354659602474739,0.0,0.0,0.0,0.0,0.0,0.0,0.5581756930682074,0.3198599686735727,0.0,0.0,0.0,0.0,0.0,0.2447417158353579,0.1103757394325094,0.262341355315544,0.0,0.0,0.0,0.0,0.0
0.0359685061057019,0.6302457948062932,0.0,0.0,0.0,0.5072169868593401,0.2139711640073549,0.3110782603044064,0.0,0.1676583974371326,0.0,0.1057187275788889,0.2546927906729316,0.0,0.0,0.6039926196805651,0.4414568833619785,0.0,0.0,0.0165309566769373,0.0,0.1696068844906522,0.1542747583317118,0.0939996475863596,0.5132125917206216,0.5371633653509669,0.0,0.0,0.2443380733210733,0.0,0.0,0.1266317036976323,0.2303379844362436,0.0,0.0,0.0,0.0,0.0,0.0736963798739396,0.1689358065317475,0.0538126552254305,0.0,0.0,0.0,0.0,0.0,0.171005746081668,0.0,0.0,0.0,0.0,0.0,0.0,0.0,0.1073353092397869,0.0,0.0347452203363504,0.0,0.0,0.0,0.0942012934766248,0.3570895890433738,0.1956520304985034,0.0,0.0,0.0,0.0,0.0,0.1413735216491213,0.1717189187792145,0.1174496243819018,0.0,0.0,0.0,0.0,0.0
0.0,0.0,0.6749839649503492,0.137383678293918,0.4012987646618111,0.3235375143369609,0.505932306183764,0.0160542438402085,0.5220663094576025,0.0719516065375951,0.5411179343375233,0.0,0.2235171341953742,0.3176420137134662,0.0,0.0,0.0,0.0,0.0,0.0,0.0,0.0,0.3629386308814682,0.0,0.0,0.0,0.3383213867476135,0.3852711572401818,0.0,0.0,0.4459318153019971,0.0,0.0,0.0366686640858816,0.0,0.3420689305490856,0.3336761598680922,0.0,0.0,0.0,0.0,0.0,0.3432529835206584,0.0,0.0,0.0,0.0,0.6525434774022243,0.0,0.0,0.0,0.0,0.168351267260903,0.1187691783020378,0.0,0.6323740111131788,0.0,0.0,0.1039293351982275,0.0,0.0,0.0,0.0,0.8628248927223935,0.0,0.0,0.0,0.2162584648355799,0.0,0.0,0.0,0.1157774579624801,0.0,0.0,0.0,0.0
0.2270480038676724,0.0992942932490269,0.0,0.0,0.3303553611594875,0.0026120350979172,0.0840950494917288,0.0,0.1489069206422055,0.0,0.0,0.0,0.0,0.0,0.2830910173050398,0.1242619948146846,0.0,0.0165309566769373,0.0,0.0,0.4910550585807561,0.86278850973376,0.0,0.0,0.1355783546303615,0.0237692040191961,0.4453847853758511,0.4464499162212227,0.6470125876734772,0.3566122124921203,0.3164658253957835,0.0,0.0,0.1369006214882394,0.0,0.28672864161633,0.2760366788336304,0.0,0.0088201227862672,0.0,0.0758875777313121,0.0,0.0,0.0,0.0,0.0,0.0453817644549545,0.0,0.0,0.0,0.0,0.0,0.0,0.0,0.0,0.0,0.0,0.0,0.0,0.3631528646078253,0.0,0.0,0.0,0.0,0.7374156248019397,0.3778057099970344,0.7787672749761686,0.0590627997681958,0.0,0.0,0.1146898418662907,0.2749769507127909,0.3992135404996975,0.5218291182606524,0.0,0.229729891838287
0.1113901288556424,0.0,0.0,0.0,0.0,0.0,0.0,0.0,0.0,0.0,0.0,0.0,0.0,0.2378093133736779,0.3835927605819452,0.0526539365546009,0.0,0.0,0.0,0.4910550585807561,0.0,0.4189934466688773,0.0,0.0,0.0,0.0,0.3638056072595521,0.4262236347527512,0.4435168231884464,0.3413342311496438,0.5362403758162779,0.0,0.0,0.1521769897497738,0.0603106503447086,0.1778160791369693,0.0,0.0,0.0,0.0,0.013337971362357,0.1327400508051554,0.0,0.0,0.0,0.0265895569953205,0.0,0.0,0.0,0.0,0.0,0.0,0.0,0.0,0.0,0.0,0.0,0.0,0.0,0.4278347842383575,0.198699807183965,0.0,0.0,0.0,0.259633520559334,0.7397616486290122,0.4544541000256903,0.2688940462689421,0.0,0.0477516389334878,0.0,0.2933957287140765,0.1332180272038182,0.3718739842543624,0.0,0.1474218352237238
0.3090770644550839,0.2219038318673488,0.0,0.0,0.3856014527138577,0.0903925430521881,0.1606743284844566,0.0,0.2047429780262235,0.1881478022345706,0.0,0.0,0.0,0.0,0.3792521869556969,0.1652659116208963,0.0,0.1696068844906522,0.0,0.86278850973376,0.4189934466688773,0.0,0.0,0.0,0.2459135637405596,0.1885227879390636,0.5637575092693593,0.3839495719460819,0.555668956769236,0.2548263300719486,0.2734363779191792,0.0600110281346419,0.0,0.1190871433318904,0.0,0.2940115152689788,0.2772388232609482,0.0,0.0460904941142409,0.0,0.0144542171744882,0.0,0.0,0.0,0.0,0.0941108066450399,0.1033646551579225,0.0,0.0,0.0,0.0,0.0,0.0,0.0,0.0,0.0,0.0,0.0,0.0,0.3281538604332721,0.3740710007455562,0.0,0.3282570959008167,0.0,0.6174446209975474,0.2401850820806363,0.8079202454697776,0.0412840349657554,0.0,0.3150839204791524,0.2039347402503955,0.3369108913415439,0.0,0.3290240680573263,0.0,0.1763518559488358
0.0,0.3395884835321833,0.598091069472742,0.0,0.2356339081141037,0.6751823932260576,0.2683926681198175,0.5629926552221169,0.4006557213717264,0.0,0.593926556362094,0.0,0.1500486647819687,0.1471526818550294,0.0705391209779325,0.019496582843084,0.0,0.1542747583317118,0.3629386308814682,0.0,0.0,0.0,0.0,0.0,0.1037567384325307,0.1763726286926989,0.2719626034515545,0.0,0.0,0.0,0.0,0.0,0.1643935747648606,0.0,0.0,0.0425611639738441,0.0245168919392866,0.0,0.0,0.0815241479493377,0.0,0.1191724238336733,0.2608549260122779,0.0,0.0,0.0,0.3296550991097757,0.5393690274201969,0.0,0.0,0.0267797639965674,0.0455551739993939,0.5063093221290333,0.0,0.0,0.499887254846579,0.0,0.2110436647721987,0.0275977000742901,0.0396046562809048,0.0,0.0,0.0,0.2909183956380942,0.0,0.0,0.0,0.6070087208763875,0.0,0.0,0.0787691165275883,0.0677467634972341,0.0,0.0,0.0,0.0
0.2667256382067824,0.0,0.0,0.0,0.0,0.0,0.0,0.5050952104481565,0.0,0.1343404372589303,0.0,0.572096305270035,0.0640098919439199,0.0,0.0,0.0,0.3528378889013348,0.0939996475863596,0.0,0.0,0.0,0.0,0.0,0.0,0.1370127899400847,0.4053948666566319,0.0,0.0,0.0,0.0,0.0,0.5899118021251203,0.5595882528088252,0.0,0.0,0.0,0.0,0.2540924919958304,0.5443141088362587,0.6723836081097735,0.1189968350528101,0.0,0.0,0.0,0.1870730095083143,0.1907006393767131,0.0,0.0,0.0,0.0,0.0,0.0,0.0,0.0,0.0,0.0,0.0389961796274474,0.0,0.0,0.0,0.0,0.46200950250399,0.331228489298888,0.0,0.0,0.0,0.0,0.0,0.85081175036575,0.0,0.332726763229545,0.0,0.0,0.0,0.0,0.1365797461396151
0.0702668851553526,0.6997898174950485,0.0,0.0,0.18476697362574,0.4234019432445938,0.165883777330597,0.0584832281229756,0.0,0.6160643332275795,0.0,0.2211530380374405,0.0,0.0,0.0118147274056832,0.293923864023997,0.3520853613716314,0.5132125917206216,0.0,0.1355783546303615,0.0,0.2459135637405596,0.1037567384325307,0.1370127899400847,0.0,0.6648294168307675,0.2291446927408914,0.0,0.298728286201317,0.0,0.0,0.0699980838935677,0.1118118117472117,0.0,0.0,0.0,0.0,0.056309383270802,0.182111682261901,0.0974066947747636,0.0297689021947085,0.0,0.0,0.0,0.0,0.0,0.4519723889363783,0.0,0.0,0.0,0.0,0.0,0.0,0.0,0.4612431891036204,0.0,0.1478102671355625,0.0,0.0,0.0,0.2457820348605233,0.4435670564998071,0.2500963076548452,0.0,0.0069974879996022,0.0,0.2030794740468324,0.0,0.1626455432311682,0.4830745234164472,0.4472650696484396,0.0,0.0,0.0,0.0,0.0219234712627407
0.111107193886067,0.7392154426270839,0.0,0.0,0.0,0.444275953383671,0.1434018261182351,0.3887025296201987,0.0,0.3203274157272863,0.0,0.3434176358074934,0.2839468970061784,0.0,0.0,0.2784370597794351,0.4923141474289632,0.5371633653509669,0.0,0.0237692040191961,0.0,0.1885227879390636,0.1763726286926989,0.4053948666566319,0.6648294168307675,0.0,0.0017234350236415,0.0,0.0683046525385931,0.0,0.0,0.2104377611311053,0.3480235020035147,0.0,0.0,0.0,0.0,0.2123660105025886,0.2349973332069712,0.3523787957999272,0.1800684681058695,0.0,0.0,0.0,0.2247952359629106,0.0,0.5589315810436657,0.0,0.0,0.0,0.0,0.0,0.0,0.0,0.2702692390327081,0.0,0.1422163491070198,0.0,0.0,0.1709006098102234,0.1647583747755793,0.5568353460897861,0.403250744268657,0.0,0.0,0.0,0.1086437334812918,0.0,0.3947231788780709,0.3940863688074026,0.6693627548481732,0.0,0.0,0.0,0.0,0.085601324232155
0.0,0.2064851357232686,0.4419938550503783,0.0,0.4581734125149595,0.318532886417268,0.4492929928081743,0.0,0.5250000670487184,0.2019670193071379,0.4137269334986641,0.0,0.0,0.2609303014814237,0.4481422208025825,0.0,0.0,0.0,0.3383213867476135,0.4453847853758511,0.3638056072595521,0.5637575092693593,0.2719626034515545,0.0,0.2291446927408914,0.0017234350236415,0.0,0.2678979553861891,0.4681159286787245,0.1859047335988398,0.3098958213818042,0.0,0.0,0.0,0.0,0.3564314403851679,0.2952103069212125,0.0,0.0,0.0,0.0,0.0423541713552744,0.283142006811509,0.0,0.0,0.0,0.3161966608678191,0.4374968525915524,0.0,0.0,0.0,0.3069624086606076,0.0,0.324102513437216,0.0,0.458368217709661,0.0,0.0,0.0058890033578733,0.3047216075586504,0.0,0.0,0.0,0.2352238278260083,0.0840653535210498,0.3218017850608112,0.6169476420420911,0.4374012176711804,0.0,0.0,0.2514650968765448,0.708367102561862,0.1305422583530093,0.1859569140888121,0.0961382555795542,0.0339125061312759
0.0,0.0,0.2145017803165928,0.4002421903574499,0.5213448446028387,0.0,0.3337280204952276,0.0,0.1659517997331254,0.0862760495910424,0.2592574140265143,0.0,0.3110921129469718,0.522623275190736,0.1670658833695851,0.0740576643284924,0.0,0.0,0.3852711572401818,0.4464499162212227,0.4262236347527512,0.3839495719460819,0.0,0.0,0.0,0.0,0.2678979553861891,0.0,0.4172778657503702,0.5160349668079375,0.5841261278369366,0.0,0.0,0.0762159258157109,0.0,0.519019950050804,0.5528396239889808,0.0,0.0,0.0,0.0,0.2337034309499092,0.3107816388846369,0.0,0.0,0.0,0.0,0.0,0.0,0.0,0.0,0.0,0.0,0.0,0.0,0.0,0.0,0.0,0.0,0.2049489152074163,0.0,0.0,0.0,0.0,0.1741021591033017,0.3906644629349292,0.0,0.0,0.0,0.0,0.0,0.0547726167012254,0.4574198391679324,0.2390703631392841,0.0,0.0
0.0760882504772725,0.4060642657940738,0.0,0.0,0.3002544589317967,0.3269340140581291,0.2992867668920506,0.0,0.0130290862581138,0.0,0.0,0.0,0.0671964749167762,0.0,0.1210281378719307,0.3310304256136195,0.0,0.2443380733210733,0.0,0.6470125876734772,0.4435168231884464,0.555668956769236,0.0,0.0,0.298728286201317,0.0683046525385931,0.4681159286787245,0.4172778657503702,0.0,0.1396097636878694,0.329281283436137,0.0,0.0,0.0618275606113748,0.0,0.270809386828677,0.178142369360796,0.0,0.0,0.0,0.0594656218633176,0.0,0.0,0.0,0.0,0.0,0.1167377580783368,0.0,0.0,0.0,0.1676474552396677,0.0,0.0,0.0,0.0,0.0,0.0,0.0,0.0,0.3525568710274138,0.0,0.0,0.0,0.0,0.320313851063809,0.3792865751712467,0.5272001698727504,0.147644638231009,0.0,0.0,0.0310585517259644,0.4202521856074165,0.1551318131470722,0.6117309870958898,0.0,0.0281756006895957
0.0,0.0,0.1576310007111212,0.0,0.0,0.0,0.0,0.0,0.3172784974089973,0.0,0.0,0.0,0.0893093707560359,0.0,0.0,0.0,0.0,0.0,0.0,0.3566122124921203,0.3413342311496438,0.2548263300719486,0.0,0.0,0.0,0.0,0.1859047335988398,0.5160349668079375,0.1396097636878694,0.0,0.3944889710638654,0.0,0.0,0.1984817362768723,0.0,0.0,0.0,0.0,0.0,0.0,0.0,0.0,0.0,0.0,0.0,0.0,0.0,0.0,0.0,0.0,0.0,0.0,0.0,0.0,0.0,0.0,0.0,0.0,0.0,0.0,0.0,0.0,0.0,0.0,0.2547187822714869,0.0,0.0,0.0,0.0,0.0,0.0,0.1035564537695186,0.0,0.0,0.0,0.0
0.0,0.0,0.170413316668523,0.0,0.4422553298689354,0.0,0.4301684262540428,0.0,0.2273312582189214,0.2631171392391577,0.2205139183983902,0.0,0.1142568576032753,0.5123375478294176,0.2166316484871251,0.1144074733179111,0.0,0.0,0.4459318153019971,0.3164658253957835,0.5362403758162779,0.2734363779191792,0.0,0.0,0.0,0.0,0.3098958213818042,0.5841261278369366,0.329281283436137,0.3944889710638654,0.0,0.0,0.0,0.1927116647058146,0.1235337872559646,0.5826236811705132,0.6074879187996526,0.0097878635372864,0.0,0.0,0.0,0.0,0.0,0.0,0.0,0.0,0.0,0.0,0.0,0.0,0.0,0.0,0.0,0.0,0.2438035106288208,0.0,0.2376491310214871,0.0,0.0,0.2334659170474518,0.215959135504307,0.0,0.0167980974148688,0.0,0.032444686761016,0.5614284989093995,0.3332535832263111,0.0697691232003901,0.0,0.1076640190848777,0.0,0.0729576358701785,0.2149337644880317,0.1925912595054905,0.0,0.0236690923834406
0.2160539140433373,0.0186175385349994,0.0,0.0,0.0,0.0,0.0,0.3017073111807093,0.0,0.0,0.0,0.2881139483722171,0.0,0.0,0.0,0.0,0.1167044599645749,0.1266317036976323,0.0,0.0,0.0,0.0600110281346419,0.0,0.5899118021251203,0.0699980838935677,0.2104377611311053,0.0,0.0,0.0,0.0,0.0,0.0,0.4246591143486728,0.1205700795783372,0.0,0.0,0.0,0.1528997785653432,0.7629558990213593,0.5224272458300333,0.1712302824010658,0.0,0.0760790113414463,0.0,0.2228093161518322,0.2397776073162735,0.0,0.0,0.0,0.0,0.0,0.0,0.0,0.0,0.0,0.0,0.0,0.1432603963850604,0.0,0.0,0.0,0.0,0.1724537957727973,0.0,0.2843865707035989,0.0,0.0,0.0,0.5642721757798111,0.0,0.0458503002775232,0.0,0.24631175424318,0.0,0.0,0.141381757417715
0.1363078046032462,0.1375005582484579,0.0,0.0,0.0,0.0211352790436841,0.0,0.4737626039576834,0.0943187728175125,0.0,0.0858352211370285,0.3551785354737726,0.0309853149005862,0.0,0.0,0.0736811837744126,0.2574131133595401,0.2303379844362436,0.0,0.0,0.0,0.0,0.1643935747648606,0.5595882528088252,0.1118118117472117,0.3480235020035147,0.0,0.0,0.0,0.0,0.0,0.4246591143486728,0.0,0.0,0.0297470341224992,0.0,0.0,0.3345788236341664,0.3593684104914958,0.8085681032926088,0.1518885639757809,0.0,0.0,0.0,0.2945411465854141,0.0480740255988773,0.0666820800883556,0.0,0.0,0.0,0.0,0.0,0.0,0.0,0.0,0.0,0.0,0.0,0.0,0.0,0.0,0.2417333283126845,0.1855099191042075,0.0,0.0,0.0,0.0,0.0,0.4723313584484088,0.0,0.2343030544003497,0.0,0.0,0.0,0.0,0.062333971489764
0.1166097742226002,0.0,0.0,0.019145997723612,0.0,0.0,0.0954107032385396,0.0,0.0624812798935337,0.0,0.0,0.0,0.164862715218382,0.0042569334099626,0.0124690734948632,0.0888974740809266,0.0316094122988656,0.0,0.0366686640858816,0.1369006214882394,0.1521769897497738,0.1190871433318904,0.0,0.0,0.0,0.0,0.0,0.0762159258157109,0.0618275606113748,0.1984817362768723,0.1927116647058146,0.1205700795783372,0.0,0.0,0.0800374540228565,0.0086861356484887,0.0559197511746242,0.1897278401811985,0.1451960336503529,0.0,0.5234774660790539,0.0910190071907469,0.0393648355037123,0.0,0.1011401591340721,0.0,0.0,0.0,0.0,0.0,0.0,0.0,0.0,0.0,0.0,0.0,0.0,0.0,0.0,0.0235022132340634,0.1301089507547735,0.0,0.1106632401063079,0.0,0.0550940194285387,0.1004768480694335,0.1347545583733815,0.0,0.0,0.0,0.0,0.0,0.036372740203263,0.0724237459488185,0.0,0.2551887987993222
0.1214472356544133,0.0,0.0,0.0479148935514656,0.0,0.0,0.0,0.0,0.0,0.0563567198086361,0.0,0.0,0.0,0.0,0.0,0.0858836689419272,0.0643402372023899,0.0,0.0,0.0,0.0603106503447086,0.0,0.0,0.0,0.0,0.0,0.0,0.0,0.0,0.0,0.1235337872559646,0.0,0.0297470341224992,0.0800374540228565,0.0,0.0,0.0,0.0,0.0,0.0,0.0,0.1903389929578184,0.0,0.0,0.0,0.0,0.0,0.0,0.0,0.0,0.0,0.0,0.0,0.0,0.0,0.0,0.0,0.0,0.0,0.0,0.0,0.0,0.0,0.0,0.0,0.1352679411145222,0.0,0.0,0.0,0.0,0.0,0.0,0.0,0.0095870129570511,0.0,0.0
0.0,0.0,0.360583384151159,0.3409217125924655,0.5395934711612189,0.1465855691821549,0.3565804540965689,0.0,0.2928099382020628,0.5227146036846245,0.3466435470555785,0.174952814040052,0.1994002730722582,0.7999949083365249,0.308383406704472,0.0,0.0,0.0,0.3420689305490856,0.28672864161633,0.1778160791369693,0.2940115152689788,0.0425611639738441,0.0,0.0,0.0,0.3564314403851679,0.519019950050804,0.270809386828677,0.0,0.5826236811705132,0.0,0.0,0.0086861356484887,0.0,0.0,0.8152789918752602,0.1158034319518942,0.0,0.0,0.0,0.1109751346334782,0.5987942010477799,0.6987283439463948,0.0,0.0,0.0,0.3963694543733813,0.0,0.0,0.0,0.0311828987046572,0.0,0.0721310671528435,0.0,0.3760254858807015,0.5454890242292308,0.0,0.2508097530368224,0.0,0.0,0.0,0.0,0.3945342209733294,0.0,0.0,0.0,0.0799544626373967,0.0,0.0,0.0,0.0432054600917885,0.3165929999870299,0.0444191316762901,0.0,0.0
0.0,0.0,0.2901858288037653,0.3540985722880042,0.5882074982203093,0.0814645223480027,0.4108404552336754,0.0,0.2702072234588641,0.3922488515598601,0.2769738881485172,0.1243272769303815,0.2049259241797223,0.6845381356027984,0.0,0.0,0.0,0.0,0.3336761598680922,0.2760366788336304,0.0,0.2772388232609482,0.0245168919392866,0.0,0.0,0.0,0.2952103069212125,0.5528396239889808,0.178142369360796,0.0,0.6074879187996526,0.0,0.0,0.0559197511746242,0.0,0.8152789918752602,0.0,0.0831187478271447,0.0,0.0,0.0,0.2333083142809181,0.0,0.0,0.0,0.0,0.0,0.0,0.0,0.0,0.0,0.0,0.0,0.0,0.0,0.0,0.0,0.0,0.0,0.0,0.0,0.0,0.0,0.0,0.0,0.0,0.0,0.0,0.0,0.0,0.0,0.0,0.0,0.0,0.0,0.0
0.0,0.0,0.0,0.0,0.0975040999964067,0.0,0.131426491118388,0.0,0.2174750336676081,0.0003258196019907,0.0433635426053375,0.2723982508369122,0.2515671608642827,0.0,0.0,0.0,0.0,0.0,0.0,0.0,0.0,0.0,0.0,0.2540924919958304,0.056309383270802,0.2123660105025886,0.0,0.0,0.0,0.0,0.0097878635372864,0.1528997785653432,0.3345788236341664,0.1897278401811985,0.0,0.1158034319518942,0.0831187478271447,0.0,0.2068088112033383,0.2721169015435612,0.2042832131548511,0.0,0.0,0.0,0.3969713196897116,0.0,0.0,0.0,0.0,0.0,0.0,0.0,0.0,0.0,0.0403975219701332,0.0,0.1742120779588657,0.0,0.0,0.0,0.0,0.0,0.0,0.0,0.0,0.0,0.0,0.0,0.1793394115699598,0.0,0.2791277836049904,0.0,0.0,0.0,0.0,0.0
0.1877571650765856,0.0402865884294561,0.0,0.0,0.0,0.0,0.0,0.2040323974993046,0.0,0.0535958933500207,0.0,0.2047319771956984,0.0,0.0,0.0,0.0,0.0,0.0736963798739396,0.0,0.0088201227862672,0.0,0.0460904941142409,0.0,0.5443141088362587,0.182111682261901,0.2349973332069712,0.0,0.0,0.0,0.0,0.0,0.7629558990213593,0.3593684104914958,0.1451960336503529,0.0,0.0,0.0,0.2068088112033383,0.0,0.5155000500420154,0.2731018064291765,0.0,0.0683998194964003,0.0,0.1428940992033531,0.2873177228741402,0.0970527666184589,0.0,0.0,0.0,0.0,0.0,0.0,0.0,0.0177262902053378,0.0,0.0,0.2046710609501183,0.0132641866615472,0.012118792381053,0.0987543962521795,0.388179136029132,0.2183949144058401,0.0,0.2902363256989965,0.0,0.0625888328508636,0.0,0.589406014223785,0.0,0.2551222442631122,0.0,0.2287412174791086,0.0,0.2848657951192955,0.2457815093288576
0.1230913648196335,0.0934666058597568,0.0,0.0,0.0,0.0,0.0,0.0,0.0,0.0,0.0,0.4075410011413939,0.0,0.0,0.0,0.0,0.1756622192519018,0.1689358065317475,0.0,0.0,0.0,0.0,0.0815241479493377,0.6723836081097735,0.0974066947747636,0.3523787957999272,0.0,0.0,0.0,0.0,0.0,0.5224272458300333,0.8085681032926088,0.0,0.0,0.0,0.0,0.2721169015435612,0.5155000500420154,0.0,0.2221913952095595,0.0,0.0,0.0,0.3010587374130016,0.1866108627971924,0.1722707567562729,0.0,0.0,0.0,0.0,0.0,0.1966999315982894,0.0,0.0,0.0,0.0,0.4751161071534498,0.0,0.0,0.0,0.38692266606124,0.2575802471248252,0.0,0.013308131415728,0.0,0.0,0.0,0.6497452094276407,0.0230289623052115,0.3638081634409054,0.0,0.133894422141607,0.0,0.1110322468804353,0.1976287770664366
0.1175198648312176,0.1137255010838184,0.0,0.0,0.0,0.0,0.0,0.0,0.0,0.0,0.0,0.0,0.0,0.0,0.0,0.1502780214031976,0.1464985378449024,0.0538126552254305,0.0,0.0758875777313121,0.013337971362357,0.0144542171744882,0.0,0.1189968350528101,0.0297689021947085,0.1800684681058695,0.0,0.0,0.0594656218633176,0.0,0.0,0.1712302824010658,0.1518885639757809,0.5234774660790539,0.0,0.0,0.0,0.2042832131548511,0.2731018064291765,0.2221913952095595,0.0,0.1158897156964036,0.030840310849276,0.0,0.2014167337292406,0.0688474172009386,0.0450495581915866,0.0,0.0,0.0,0.0,0.0194890105874688,0.0120556037629087,0.0,0.0471276738067064,0.0,0.0,0.1517148011005253,0.0499704973283277,0.039084922343391,0.2584334047961961,0.0826614717270575,0.176046993038049,0.0,0.07107906017702,0.0,0.105378380674427,0.0,0.1424956376220532,0.0719892331866892,0.1458213596276376,0.0,0.0924516037983397,0.0679176098480932,0.0366049333109645,0.431312823128998
0.0,0.0,0.0,0.0,0.0,0.0072270700342403,0.0,0.0,0.0,0.0,0.0,0.0,0.0,0.0,0.0,0.0396761283068751,0.0,0.0,0.0,0.0,0.1327400508051554,0.0,0.1191724238336733,0.0,0.0,0.0,0.0423541713552744,0.2337034309499092,0.0,0.0,0.0,0.0,0.0,0.0910190071907469,0.1903389929578184,0.1109751346334782,0.2333083142809181,0.0,0.0,0.0,0.1158897156964036,0.0,0.137466135722659,0.0805010208251992,0.0793935017496037,0.0,0.0,0.0981365354632017,0.264250238898624,0.3067590956729981,0.0,0.3519503007797673,0.0429580059464937,0.0321434940367944,0.0113268644487378,0.104040853200649,0.0808067924439776,0.0590354625233345,0.0,0.0,0.0,0.0,0.0,0.3327601457131162,0.0,0.1619294721714188,0.0,0.1280087594770863,0.0,0.0,0.0,0.0467050807215371,0.0,0.0252029948989549,0.0,0.0
0.0,0.0,0.4300332648063097,0.0,0.4813184765849314,0.3262415503052308,0.0,0.1674686784982416,0.3763821621279983,0.0,0.4168482315192233,0.0,0.2124919335914317,0.6200976308513617,0.0,0.0,0.0,0.0,0.3432529835206584,0.0,0.0,0.0,0.2608549260122779,0.0,0.0,0.0,0.283142006811509,0.3107816388846369,0.0,0.0,0.0,0.0760790113414463,0.0,0.0393648355037123,0.0,0.5987942010477799,0.0,0.0,0.0683998194964003,0.0,0.030840310849276,0.137466135722659,0.0,0.5586936246996396,0.408426545690854,0.0,0.0,0.3575006160084438,0.5228068279232324,0.2057355343976094,0.0,0.1551227288095831,0.2032472374327391,0.0,0.2790659435365933,0.4130025259693916,0.512350058022659,0.1145246560367983,0.4625746363181126,0.1674406307045505,0.0,0.2192963663495537,0.0,0.2198502242251737,0.0661198476699999,0.0375504809798191,0.3704926732272213,0.0437877418527018,0.0190633428207839,0.2719272151403715,0.146363571330766,0.0446392811531129,0.4032051655647222,0.0,0.0,0.0047671848877327
0.0,0.0,0.0,0.0,0.0,0.0,0.0,0.0,0.0,0.0,0.0,0.0,0.0,0.0,0.0,0.0,0.0,0.0,0.0,0.0,0.0,0.0,0.0,0.0,0.0,0.0,0.0,0.0,0.0,0.0,0.0,0.0,0.0,0.0,0.0,0.6987283439463948,0.0,0.0,0.0,0.0,0.0,0.0805010208251992,0.5586936246996396,0.0,0.2427780022671635,0.0,0.0,0.3120342530370012,0.6325685742523433,0.4228081163381161,0.0,0.1676092989445439,0.0,0.1912619199874944,0.3792919286542365,0.2446439668279151,0.4408952255056325,0.0,0.2881497325378664,0.0,0.0,0.0,0.0,0.191038362854063,0.0,0.0,0.0,0.0419322591937923,0.0,0.0,0.0,0.0748841231365259,0.4692100818570398,0.1292973725112077,0.0,0.0106234872500776
0.0,0.0,0.0,0.0,0.0,0.0,0.0,0.0,0.0,0.1919668780992088,0.0,0.4829285530442259,0.0,0.0,0.0,0.0,0.0,0.0,0.0,0.0,0.0,0.0,0.0,0.1870730095083143,0.0,0.2247952359629106,0.0,0.0,0.0,0.0,0.0,0.2228093161518322,0.2945411465854141,0.1011401591340721,0.0,0.0,0.0,0.3969713196897116,0.1428940992033531,0.3010587374130016,0.2014167337292406,0.0793935017496037,0.408426545690854,0.2427780022671635,0.0,0.0,0.0,0.0,0.0,0.0,0.0,0.0,0.0,0.0,0.1769200149030528,0.1941150198651164,0.463573819530589,0.326816689214537,0.0,0.0,0.0,0.1302947671352785,0.0,0.0,0.0,0.0,0.0,0.0,0.2105575161477164,0.2195494021886921,0.2639467724253144,0.0,0.4293586211229223,0.0,0.0,0.1577819284368901
0.5398690814593443,0.0,0.0,0.0,0.0,0.0,0.0,0.0,0.0,0.0,0.0,0.0,0.0,0.0,0.0,0.1257300702425461,0.0,0.0,0.0,0.0,0.0265895569953205,0.0941108066450399,0.0,0.1907006393767131,0.0,0.0,0.0,0.0,0.0,0.0,0.0,0.2397776073162735,0.0480740255988773,0.0,0.0,0.0,0.0,0.0,0.2873177228741402,0.1866108627971924,0.0688474172009386,0.0,0.0,0.0,0.0,0.0,0.0,0.0,0.0,0.0,0.1299895741871312,0.0,0.0,0.0,0.0,0.0,0.0,0.0760299368137069,0.0,0.018435618068895,0.2608868159708821,0.0,0.192400393922105,0.0,0.2207392168784308,0.1321624679068882,0.0984185636955172,0.0,0.3316216899689618,0.0,0.0803707638083234,0.0533309218658839,0.1322536833972687,0.2681560133434141,0.0,0.3651896078502258
0.0,0.5343538052336005,0.0,0.0,0.0,0.0,0.0,0.0,0.0,0.0,0.0,0.0,0.0,0.0,0.1064116237473561,0.0125795307677108,0.0,0.171005746081668,0.0,0.0453817644549545,0.0,0.1033646551579225,0.3296550991097757,0.0,0.4519723889363783,0.5589315810436657,0.3161966608678191,0.0,0.1167377580783368,0.0,0.0,0.0,0.0666820800883556,0.0,0.0,0.0,0.0,0.0,0.0970527666184589,0.1722707567562729,0.0450495581915866,0.0,0.0,0.0,0.0,0.0,0.0,0.0,0.0,0.0,0.3879988873921641,0.1231765172791551,0.3371429086151428,0.0,0.5541647804900228,0.0,0.0,0.3930784863672483,0.0,0.2446520630626058,0.2794267383933485,0.5816238219010905,0.2616210741684146,0.0,0.0,0.0,0.1791245271381019,0.3472616741026736,0.0,0.7241378858196815,0.7347727121242782,0.4206803957410662,0.0,0.0,0.0,0.1963527149377407
0.0,0.0,0.8721021995764736,0.0,0.4476899241648577,0.4034800828679979,0.0,0.2168906318117192,0.562528216896744,0.0,0.6659420885828433,0.0,0.1953713523306565,0.3769811340547921,0.0,0.0,0.0,0.0,0.6525434774022243,0.0,0.0,0.0,0.5393690274201969,0.0,0.0,0.0,0.4374968525915524,0.0,0.0,0.0,0.0,0.0,0.0,0.0,0.0,0.3963694543733813,0.0,0.0,0.0,0.0,0.0,0.0981365354632017,0.3575006160084438,0.3120342530370012,0.0,0.0,0.0,0.0,0.374900486409859,0.0079207079563213,0.0,0.027332732201553,0.1556178468691524,0.0840259389748798,0.0,0.7510303046261408,0.0,0.0284798673164844,0.0341139463342944,0.0,0.0,0.0,0.0,0.5802435138757125,0.0,0.0,0.0,0.3090335480579991,0.0,0.0,0.0,0.0719594254029907,0.1571486009500547,0.0,0.0,0.0
0.0,0.0,0.0,0.0,0.0,0.0,0.0,0.0,0.0,0.0,0.0,0.0,0.0,0.0,0.0,0.0,0.0,0.0,0.0,0.0,0.0,0.0,0.0,0.0,0.0,0.0,0.0,0.0,0.0,0.0,0.0,0.0,0.0,0.0,0.0,0.0,0.0,0.0,0.0,0.0,0.0,0.264250238898624,0.5228068279232324,0.6325685742523433,0.0,0.0,0.0,0.374900486409859,0.0,0.4958285748683,0.0,0.3100762672148069,0.0,0.032389946425615,0.0,0.3422409038350694,0.0,0.0,0.2360568757459491,0.0,0.0,0.0,0.0,0.5471783445450971,0.0,0.0,0.0,0.1520473229703692,0.0,0.0,0.0,0.1300521296608978,0.1882636652668219,0.0,0.0,0.0
0.0,0.0,0.0426005579167769,0.0,0.0,0.0,0.0,0.0,0.0,0.0,0.1437341692502009,0.0,0.0,0.0,0.0,0.0,0.0,0.0,0.0,0.0,0.0,0.0,0.0,0.0,0.0,0.0,0.0,0.0,0.0,0.0,0.0,0.0,0.0,0.0,0.0,0.0,0.0,0.0,0.0,0.0,0.0,0.3067590956729981,0.2057355343976094,0.4228081163381161,0.0,0.0,0.0,0.0079207079563213,0.4958285748683,0.0,0.0,0.3976733993611857,0.0,0.355247654208575,0.1737131384889301,0.1310592800608325,0.195382782476813,0.0,0.2777294537325436,0.0,0.0,0.0,0.0,0.3139757013219881,0.0,0.0,0.0,0.0944627207027974,0.0,0.0,0.0,0.1134658691459508,0.1858097646378713,0.0,0.0,0.0
0.0,0.0,0.0,0.0,0.0,0.234284682950515,0.0,0.0,0.0,0.0,0.0,0.0,0.0,0.0,0.0,0.0,0.0,0.0,0.0,0.0,0.0,0.0,0.0267797639965674,0.0,0.0,0.0,0.0,0.0,0.1676474552396677,0.0,0.0,0.0,0.0,0.0,0.0,0.0,0.0,0.0,0.0,0.0,0.0,0.0,0.0,0.0,0.0,0.1299895741871312,0.3879988873921641,0.0,0.0,0.0,0.0,0.1887395632466967,0.1951486471969217,0.0,0.038922565934948,0.0,0.0,0.1527304502819568,0.0,0.1518735239762266,0.0084082207596793,0.1682896577331613,0.0,0.0,0.0,0.0457563431247958,0.0,0.3164682061481693,0.0,0.1176843033079072,0.0,0.3548798907311941,0.0,0.3062844073918648,0.0,0.0
0.0,0.0,0.0,0.0,0.0,0.1273247834282783,0.0,0.0,0.0,0.0,0.1647092380951006,0.0,0.0,0.0,0.0,0.0,0.0,0.0,0.0,0.0,0.0,0.0,0.0455551739993939,0.0,0.0,0.0,0.3069624086606076,0.0,0.0,0.0,0.0,0.0,0.0,0.0,0.0,0.0311828987046572,0.0,0.0,0.0,0.0,0.0194890105874688,0.3519503007797673,0.1551227288095831,0.1676092989445439,0.0,0.0,0.1231765172791551,0.027332732201553,0.3100762672148069,0.3976733993611857,0.1887395632466967,0.0,0.1716930484609594,0.0,0.4332734425890152,0.1253229694164285,0.0694976544236041,0.3378133822510439,0.0982604507714431,0.0,0.1324746525954974,0.170146541342215,0.0768020211534223,0.0941576402926139,0.0,0.0,0.1339429519167394,0.0603260424478728,0.0,0.2527612445162716,0.0111178411502694,0.345622430399002,0.0665954648050703,0.0616511276697841,0.0,0.0857714014081786
0.0,0.0,0.242158372797997,0.0,0.0349258231914872,0.4401760454232509,0.0,0.5727383965955319,0.1354307753594818,0.0,0.2216131299247718,0.0,0.0629075674062302,0.0,0.0,0.0,0.0,0.0,0.168351267260903,0.0,0.0,0.0,0.5063093221290333,0.0,0.0,0.0,0.0,0.0,0.0,0.0,0.0,0.0,0.0,0.0,0.0,0.0,0.0,0.0,0.0,0.1966999315982894,0.0120556037629087,0.0429580059464937,0.2032472374327391,0.0,0.0,0.0,0.3371429086151428,0.1556178468691524,0.0,0.0,0.1951486471969217,0.1716930484609594,0.0,0.0,0.0,0.255876416972941,0.0,0.3879818382262885,0.2397155374727868,0.0,0.0,0.0,0.0,0.0379738210313688,0.0,0.0,0.0,0.2606721408802742,0.1815322649501815,0.1509873534419089,0.1172716873679817,0.0222186432852944,0.0,0.0,0.0,0.0
0.0,0.0,0.0589958959539334,0.0,0.2777169477436401,0.0,0.0,0.0,0.242800426229911,0.0,0.0,0.0,0.0,0.0365440972299324,0.0,0.0,0.0,0.0,0.1187691783020378,0.0,0.0,0.0,0.0,0.0,0.0,0.0,0.324102513437216,0.0,0.0,0.0,0.0,0.0,0.0,0.0,0.0,0.0721310671528435,0.0,0.0,0.0,0.0,0.0,0.0321434940367944,0.0,0.1912619199874944,0.0,0.0,0.0,0.0840259389748798,0.032389946425615,0.355247654208575,0.0,0.0,0.0,0.0,0.0948780877976067,0.0,0.0,0.0,0.0,0.0,0.0,0.0,0.0,0.1187341614206002,0.5049194355830642,0.0,0.444906475448287,0.074802630500823,0.0,0.0,0.0,0.2292397853562709,0.1842579152640958,0.3613830255054849,0.2855499627104797,0.0711036893641553
0.0,0.0,0.0,0.0,0.0,0.0,0.0,0.0,0.0,0.579341294705128,0.0,0.1896918351106555,0.0,0.0,0.0,0.0,0.1354659602474739,0.1073353092397869,0.0,0.0,0.0,0.0,0.0,0.0,0.4612431891036204,0.2702692390327081,0.0,0.0,0.0,0.0,0.2438035106288208,0.0,0.0,0.0,0.0,0.0,0.0,0.0403975219701332,0.0177262902053378,0.0,0.0471276738067064,0.0113268644487378,0.2790659435365933,0.3792919286542365,0.1769200149030528,0.0,0.5541647804900228,0.0,0.0,0.1737131384889301,0.038922565934948,0.4332734425890152,0.0,0.0948780877976067,0.0,0.2433769417965783,0.3618331352528389,0.1375574252953085,0.0829322750154981,0.0,0.4126541714560288,0.5394228992114987,0.3529037683579077,0.0,0.1414929954625381,0.0,0.4876398260824174,0.0,0.0651816784920734,0.7368678499960811,0.4928958284522155,0.3743430138757294,0.2660886996405607,0.1239084586503383,0.0,0.1963096945522637
