0.0,0.1077843512494914,0.0,0.0,0.0,0.0,0.0,0.1186456284115411,0.0,0.0,0.0,0.3718125055883916,0.0,0.0,0.2434799880202562,0.0,0.0,0.0,0.0,0.0,0.0,0.0,0.3119091855952939,0.6995908234105069,0.4957140586923595,0.4773621577964479,0.0,0.0,0.0,0.0,0.0,0.2786197727464488,0.6913482275914834,0.2481903057858827,0.1084141838300685,0.0,0.0,0.0,0.5259840420388644,0.4796397225788697,0.4788200290119752,0.0,0.0,0.0,0.0,0.7632658528202522,0.0692970789371751,0.0,0.0,0.0,0.0,0.0,0.0,0.0,0.1080330922831951,0.0,0.0,0.0,0.0,0.0,0.2417736485759639,0.0,0.1039612999737067,0.0,0.0,0.0880022448443071,0.1209067349179675,0.0,0.6316543086019641,0.3566671903168952,0.462441518947717,0.0,0.0,0.0,0.0,0.0
0.1077843512494914,0.0,0.0,0.0,0.0,0.1945978474205328,0.0778711304079387,0.0,0.0,0.0,0.0,0.0,0.2111620406046177,0.0,0.0,0.1342517915173344,0.0,0.1202235818066483,0.0,0.0,0.0,0.1506916238234285,0.0,0.0,0.5171540035414602,0.4646087369218906,0.0,0.012082455208746,0.0,0.0,0.1080361679772438,0.0,0.1825170878811551,0.0,0.0,0.0,0.0,0.0,0.0,0.0073947361378429,0.0,0.0,0.0,0.0,0.0,0.0,0.5578396647578416,0.0,0.0,0.0,0.0,0.0,0.0,0.0,0.0,0.0,0.0,0.0,0.0,0.0,0.1573024575392278,0.0,0.2647707677679526,0.0,0.0,0.0,0.0,0.0,0.0,0.3758075688285423,0.3282261966039994,0.0,0.0,0.0,0.0,0.0545675028408096
0.0,0.0,0.0,0.0,0.6824726748971941,0.1578541312975481,0.1255513832925556,0.5968262869388542,0.8196388277803922,0.0,0.8889638015139716,0.0,0.0292266477523503,0.0,0.0,0.0,0.0,0.0,0.8823015850947733,0.0,0.0,0.0,0.8563228668188666,0.0,0.0,0.0,0.7295202985988846,0.0704259299265395,0.0,0.0,0.0,0.0,0.0,0.0,0.0,0.0,0.0,0.0,0.0,0.0,0.0,0.0,0.1950711732950267,0.0,0.0,0.0,0.0,0.9284089357602374,0.0,0.7943912770103299,0.3882209454723768,0.0,0.417970976408046,0.6678596464448763,0.0,0.8152540311084459,0.0,0.0,0.4323433714085694,0.0,0.0,0.0,0.0,0.904277132824443,0.0,0.0,0.0,0.6819920396227094,0.0,0.0,0.0,0.7672521811255223,0.0,0.0,0.0,0.0
0.0,0.0,0.0,0.0,0.2762747135730292,0.0,0.2727432992048476,0.0266249183783619,0.0825275959474236,0.0,0.1063456368209272,0.0,0.1261615634586619,0.4967966848343838,0.0,0.0,0.0,0.0,0.2152060872954246,0.0,0.0,0.0,0.068007566629993,0.0,0.0,0.0,0.0,0.2524608126231953,0.0,0.0,0.0,0.2156762941746917,0.0,0.2317338554604371,0.2964182716221828,0.4361791737857038,0.4549884257801782,0.0,0.0,0.0,0.0,0.0,0.0,0.0,0.0,0.0,0.0,0.0,0.0,0.0,0.0,0.0,0.0,0.0,0.0,0.0,0.0,0.0,0.0,0.0,0.0,0.0,0.0,0.0,0.0,0.0,0.0,0.0,0.0,0.0,0.0,0.0,0.0,0.0,0.0,0.0
0.0,0.0,0.6824726748971941,0.2762747135730292,0.0,0.0300517553942009,0.3767911524188106,0.4460913942190009,0.8167076486117552,0.0,0.6926839024675198,0.2766248255011925,0.0606601316491394,0.2157519875500531,0.0,0.0,0.0,0.0,0.4989330634331423,0.494277282647569,0.0,0.2584995654610229,0.6057598871266011,0.0,0.0,0.0,0.4926397664226803,0.0527532108908081,0.0,0.0,0.0,0.0,0.0097958287838038,0.0,0.0195112646219748,0.2273020805205362,0.1390810135984664,0.0,0.0,0.0,0.0,0.0,0.263900457749178,0.0,0.0,0.0,0.0,0.6918493204336875,0.0,0.0,0.0,0.0,0.2466811117718483,0.6819911326907936,0.0,0.6161423668676244,0.0,0.0,0.0,0.0,0.0,0.0,0.0,0.0,0.0,0.0,0.0,0.5522697825769807,0.0,0.0,0.0,0.5559139831635411,0.0,0.0,0.0,0.0
0.0,0.1945978474205328,0.1578541312975481,0.0,0.0300517553942009,0.0,0.2189632355120989,0.3738123110530344,0.1548841885513817,0.0262435366646318,0.0,0.0,0.3201319278273314,0.0,0.0,0.0,0.0,0.0883218457189611,0.1243880496187759,0.0257812379448273,0.3343651803072385,0.0,0.3289065538072658,0.0,0.0,0.0,0.4389273254295817,0.1059467758051244,0.3814222769581282,0.122306802872844,0.0,0.0,0.0,0.0,0.0,0.0,0.0,0.0,0.0,0.0,0.0,0.0,0.0190319760253068,0.0,0.0,0.0,0.0,0.1925827339206439,0.0,0.0,0.3198182145463277,0.1452067367659417,0.3509728385130046,0.0876753427851021,0.0,0.0,0.0,0.2890742911790467,0.0,0.0,0.0,0.0,0.0,0.1151969848901828,0.0,0.1552634251295614,0.0,0.2590923743809344,0.0,0.0,0.0,0.0565632543607152,0.1779322260294586,0.0,0.0,0.0
0.0,0.0778711304079387,0.1255513832925556,0.2727432992048476,0.3767911524188106,0.2189632355120989,0.0,0.0523697450543988,0.3127614997173485,0.0471658389775904,0.0,0.0,0.5167416217237146,0.1769923621878865,0.0,0.1230086673553701,0.0926976213276638,0.1469591813756866,0.1153069473176752,0.1537139971776163,0.0,0.1605541328499427,0.0,0.0,0.0,0.0,0.112086905270022,0.2360572625855677,0.2705394394721803,0.0,0.0450439929087096,0.0,0.0,0.0,0.1454304509714589,0.3803074702734115,0.3668362302995726,0.2002637870050784,0.0,0.0,0.0,0.0,0.0,0.0,0.0,0.0,0.0,0.0,0.0,0.0,0.0,0.0,0.0,0.0,0.0,0.0,0.0,0.0,0.0,0.0,0.0,0.0,0.0,0.0,0.0,0.0,0.0,0.0,0.0,0.0,0.0,0.0,0.0,0.0,0.0,0.0
0.1186456284115411,0.0,0.5968262869388542,0.0266249183783619,0.4460913942190009,0.3738123110530344,0.0523697450543988,0.0,0.4721762540949316,0.0,0.5978865387281895,0.0,0.1480190069373384,0.0941983540845665,0.4254016931693349,0.0,0.0,0.0,0.4298278779285021,0.3896903679580665,0.3406272687501389,0.104254389515395,0.8010422080319842,0.3728961505316765,0.0,0.4305973502470114,0.4502351195838909,0.2069174745793825,0.0,0.0,0.0,0.0,0.1871212681486021,0.0,0.0,0.0522201401838459,0.0,0.0,0.0110196939715745,0.0,0.0,0.0,0.2067736556146859,0.0,0.0,0.0,0.0,0.7445812857467674,0.0,0.5387574793674496,0.3873928247001597,0.4875500636736259,0.8246423372027407,0.5355235497769676,0.0,0.6473321278609716,0.0,0.4379606629230602,0.2966431136708247,0.4393827939480116,0.0,0.0,0.0,0.518333634664498,0.4310171213482016,0.3721205801650754,0.0,0.7343305860157534,0.0,0.0,0.0,0.4584946524139676,0.4254226036127467,0.0,0.0,0.0
0.0,0.0,0.8196388277803922,0.0825275959474236,0.8167076486117552,0.1548841885513817,0.3127614997173485,0.4721762540949316,0.0,0.0,0.718708596161285,0.2608397768244823,0.1675846692204272,0.0,0.0,0.0,0.0,0.0,0.6421711034119116,0.6093958463567006,0.0,0.364244771913228,0.6568809114117302,0.0,0.0,0.0,0.7190887741747305,0.0773062990108503,0.0,0.0,0.0,0.0,0.0,0.0,0.0,0.1180300987698836,0.0311649427872786,0.0,0.0,0.0,0.0,0.0,0.3106059819724691,0.0,0.0,0.0,0.0,0.7782294458159187,0.0,0.0,0.3465846815938394,0.0,0.2537786899056355,0.754527921526886,0.0,0.6149278918623607,0.0,0.0,0.2650497988484443,0.0,0.0,0.0,0.0,0.6582217893030732,0.0,0.0,0.0,0.5531476939322896,0.0,0.0,0.0,0.6667250237954951,0.0,0.0,0.0,0.0
0.0,0.0,0.0,0.0,0.0,0.0262435366646318,0.0471658389775904,0.0,0.0,0.0,0.0,0.108847063599813,0.2141907596197368,0.0,0.0,0.343301444495067,0.5930554944183971,0.4271212100685815,0.0,0.0,0.0,0.0,0.0,0.0598935264238152,0.1812056302545063,0.00472807537823,0.0,0.0795332237564293,0.0,0.0,0.296737641642804,0.1383719841034492,0.0,0.0300193734300828,0.0973181981809858,0.0,0.1165842646815322,0.2060159102527783,0.0286578616148809,0.0420096249863108,0.0377791576206598,0.0,0.0,0.0,0.3228301460570295,0.0,0.0,0.0,0.0,0.0,0.0,0.0,0.0,0.0,0.1687590682848672,0.0,0.2189868196615954,0.0,0.0,0.0,0.0,0.1257860920357207,0.0889318826578509,0.0,0.0,0.0,0.0,0.0,0.0452494305092896,0.0,0.0300200815171499,0.0,0.0,0.0,0.0,0.0995303717422718
0.0,0.0,0.8889638015139716,0.1063456368209272,0.6926839024675198,0.0,0.0,0.5978865387281895,0.718708596161285,0.0,0.0,0.4425244575954205,0.0,0.0593209146728568,0.0,0.0,0.0,0.0,0.7573174836443088,0.0,0.0,0.0,0.890530115839332,0.0,0.0,0.0,0.5928540598611367,0.0,0.0,0.0,0.0,0.0,0.2862229232080402,0.0,0.0,0.0,0.0,0.0,0.0,0.0,0.0,0.0,0.0,0.0,0.0,0.0,0.0,0.906523239992285,0.0,0.8089154850250732,0.4929323362001347,0.5886405854652911,0.4944458778931047,0.8282020362091262,0.0,0.9797817663721922,0.0,0.2984253417371681,0.445313475790875,0.0,0.0,0.0,0.0,0.8033579398018428,0.0,0.0,0.0,0.8138763568467888,0.0,0.0,0.0,0.828393364283786,0.0,0.0,0.0,0.0
0.3718125055883916,0.0,0.0,0.0,0.2766248255011925,0.0,0.0,0.0,0.2608397768244823,0.108847063599813,0.4425244575954205,0.0,0.2423546263826925,0.0,0.0,0.0,0.0,0.0,0.0,0.0,0.0,0.0,0.0,0.7405562807523001,0.2335396102970373,0.7802032725757976,0.0,0.3650529060725886,0.0,0.0,0.0,0.0833001101031127,0.4984438873214736,0.0064319668190764,0.05256134222668,0.1859703115354222,0.1061320490001784,0.1046911763252186,0.1384841605687352,0.1655929341330811,0.126141953826749,0.0,0.0,0.0,0.0,0.0,0.0,0.0,0.0,0.0,0.0,0.0,0.0,0.0,0.4269276048450157,0.0,0.8403610260025057,0.0,0.0,0.0,0.0,0.5249447754782294,0.0,0.0,0.0,0.0,0.0,0.0,0.5791804202246913,0.1219943051999884,0.5153863787167053,0.0,0.0,0.0,0.0,0.0665245559479604
0.0,0.2111620406046177,0.0292266477523503,0.1261615634586619,0.0606601316491394,0.3201319278273314,0.5167416217237146,0.1480190069373384,0.1675846692204272,0.2141907596197368,0.0,0.2423546263826925,0.0,0.0655669298990547,0.0,0.1981421092103109,0.3424201375536789,0.2073823270207529,0.0306154915004792,0.0,0.0,0.0,0.0,0.0,0.0,0.2647054734463887,0.0,0.5771260801975071,0.1190949867345057,0.3174075768036432,0.1651819369833732,0.1357104964571804,0.0,0.0734699547982948,0.3151918730756578,0.3937947225088841,0.302771650197687,0.3726132617361383,0.0,0.0,0.0,0.0,0.4146409436749858,0.0,0.0,0.0,0.0,0.0,0.0,0.0,0.0,0.0,0.0,0.0,0.0,0.0,0.0,0.0,0.0,0.0,0.0,0.0,0.0,0.0,0.0,0.0,0.0,0.0,0.0,0.0,0.0,0.0,0.0,0.0,0.0,0.0
0.0,0.0,0.0,0.4967966848343838,0.2157519875500531,0.0,0.1769923621878865,0.0941983540845665,0.0,0.0,0.0593209146728568,0.0,0.0655669298990547,0.0,0.0,0.0,0.0,0.0,0.0,0.0,0.0,0.0,0.078012300905856,0.0,0.0,0.0,0.0,0.1786100532678086,0.0,0.0,0.18606295472257,0.4585990508626792,0.0,0.4322735548785451,0.0,0.3626955699721757,0.3433404439917057,0.0,0.0,0.0,0.0,0.0,0.2041905657247375,0.0,0.0,0.0,0.0,0.0457129501370229,0.0,0.0,0.0,0.0,0.0,0.078802543186211,0.0,0.0808689818035174,0.0,0.0,0.0,0.0,0.0,0.0,0.0,0.0,0.0,0.0,0.0,0.0975849533483894,0.0,0.0,0.0,0.0,0.0,0.0,0.0,0.0
0.2434799880202562,0.0,0.0,0.0,0.0,0.0,0.0,0.4254016931693349,0.0,0.0,0.0,0.0,0.0,0.0,0.0,0.0,0.0,0.0,0.0,0.7346968369823308,0.4887810187770244,0.4950610873030087,0.6698752898733294,0.1024265404898433,0.0589967193573393,0.1461169928143461,0.5143841066791628,0.0,0.0579198497970759,0.0,0.0,0.0,0.0588276911520483,0.0,0.0,0.0,0.0,0.0,0.0,0.0991599034689655,0.0,0.0,0.0,0.0,0.0,0.0,0.1976892292905242,0.0,0.0,0.0,0.3711658788346946,0.0,0.3895093427841757,0.0,0.0,0.0,0.0,0.0,0.0,0.94718803745313,0.47738746450497,0.0,0.0,0.0,0.7034344332715403,0.7151795047181688,0.7120713650311825,0.6788453129193887,0.0,0.0,0.1505818524998669,0.7368928148769007,0.2318533169087141,0.3699507558265267,0.0,0.0834119434468108
0.0,0.1342517915173344,0.0,0.0,0.0,0.0,0.1230086673553701,0.0,0.0,0.343301444495067,0.0,0.0,0.1981421092103109,0.0,0.0,0.0,0.5544096306555013,0.7113426336583657,0.0,0.0,0.0,0.1327478372516277,0.0,0.0194563731827594,0.1173138858644744,0.0,0.0,0.2390313243738488,0.0,0.3743339808381438,0.619744044966796,0.1522804858711194,0.0,0.2669818424386171,0.1934416999705273,0.0,0.0,0.0,0.0060125896879907,0.0,0.0320441508595737,0.0,0.0,0.0,0.0,0.0,0.0,0.0,0.0,0.0,0.0,0.0,0.0,0.0,0.0,0.0,0.0,0.0,0.0,0.0,0.0,0.0,0.2342942916903914,0.0,0.0,0.0,0.0,0.0,0.0,0.0,0.0,0.0,0.0,0.0,0.0,0.1854770949454633
0.0,0.0,0.0,0.0,0.0,0.0,0.0926976213276638,0.0,0.0,0.5930554944183971,0.0,0.0,0.3424201375536789,0.0,0.0,0.5544096306555013,0.0,0.7052020932626691,0.0,0.0,0.0,0.0,0.0,0.0,0.0644810504259738,0.0,0.0,0.2593442938247645,0.0,0.0,0.5707615481385101,0.1031005861225714,0.0,0.2223587312637991,0.2603880337080229,0.0,0.0,0.4291635325860732,0.0,0.0,0.0,0.0,0.0,0.0,0.0,0.0,0.0,0.0,0.0,0.0,0.0,0.0,0.0,0.0,0.0,0.0,0.0,0.0,0.0,0.0,0.0,0.0,0.0,0.0,0.0,0.0,0.0,0.0,0.0,0.0,0.0,0.0,0.0,0.0,0.0,0.0
0.0,0.1202235818066483,0.0,0.0,0.0,0.0883218457189611,0.1469591813756866,0.0,0.0,0.4271212100685815,0.0,0.0,0.2073823270207529,0.0,0.0,0.7113426336583657,0.7052020932626691,0.0,0.0,0.0,0.0,0.0,0.0,0.0,0.072952219974954,0.0,0.0,0.1464726685413919,0.3393271214928106,0.0,0.4885024821192858,0.0,0.0,0.0516187262002276,0.0632708835713531,0.0,0.0,0.0,0.0,0.0,0.0,0.0,0.0,0.0,0.0,0.0,0.0,0.0,0.0,0.0,0.0,0.0,0.0,0.0,0.0,0.0,0.0,0.0,0.0,0.0,0.0,0.0,0.1216644355284749,0.0,0.0,0.0,0.0,0.0,0.0,0.0,0.0,0.0,0.0,0.0,0.0,0.0319656408733935
0.0,0.0,0.8823015850947733,0.2152060872954246,0.4989330634331423,0.1243880496187759,0.1153069473176752,0.4298278779285021,0.6421711034119116,0.0,0.7573174836443088,0.0,0.0306154915004792,0.0,0.0,0.0,0.0,0.0,0.0,0.0,0.0,0.0,0.7103057747973817,0.0,0.0,0.0,0.5745798949385661,0.0876156797173759,0.0,0.0,0.0,0.0,0.0,0.0,0.0,0.0,0.0,0.0,0.0,0.0,0.0,0.0,0.1913274528684302,0.0,0.0,0.0,0.0,0.6883730371799973,0.0,0.0,0.3877992604513571,0.0,0.3561358858065993,0.4598654853627221,0.0,0.6288309470024838,0.0,0.0,0.3755279618984815,0.0,0.0,0.0,0.0,0.965058043213257,0.0,0.0,0.0,0.4902309728642416,0.0,0.0,0.0,0.620900232940558,0.0,0.0,0.0,0.0
0.0,0.0,0.0,0.0,0.494277282647569,0.0257812379448273,0.1537139971776163,0.3896903679580665,0.6093958463567006,0.0,0.0,0.0,0.0,0.0,0.7346968369823308,0.0,0.0,0.0,0.0,0.0,0.2163413510038983,0.8272213319400222,0.6350507628018246,0.0,0.0,0.0707006524027972,0.6238312584566819,0.0,0.2137606125743897,0.0,0.0,0.0,0.0,0.0,0.0,0.0,0.0,0.0,0.0,0.0,0.0,0.0,0.0,0.0,0.0,0.0,0.4052502228028747,0.0,0.0,0.0,0.2808239081091485,0.0,0.2279152932260452,0.0,0.0,0.0,0.0,0.0,0.0,0.7873957676969693,0.0,0.0,0.0,0.0,0.906412970866844,0.403181218937597,0.9104801960299264,0.5064117209614993,0.0,0.0,0.1120907317116122,0.6610840589165172,0.5329644117626352,0.2544999488392901,0.0,0.1460725156156516
0.0,0.0,0.0,0.0,0.0,0.3343651803072385,0.0,0.3406272687501389,0.0,0.0,0.0,0.0,0.0,0.0,0.4887810187770244,0.0,0.0,0.0,0.0,0.2163413510038983,0.0,0.075423816252135,0.2480005707334233,0.0,0.0,0.0,0.2916898255172563,0.0,0.4612232240918542,0.0487545952991678,0.0,0.0,0.0,0.0,0.0,0.0,0.0,0.0,0.0,0.2657065327736498,0.0,0.0,0.0,0.0,0.0,0.2197067299284114,0.0067704334090562,0.0,0.0,0.0,0.1825430493051299,0.0,0.4239494970348114,0.0,0.0,0.0,0.0,0.0,0.0,0.3878226833634091,0.3218729712368199,0.0,0.0,0.0,0.030776137195804,0.8490721216832816,0.1267723699868797,0.3039517994869307,0.0,0.0,0.0,0.2013226356510797,0.0214126221830936,0.0823711267474964,0.0,0.0
0.0,0.1506916238234285,0.0,0.0,0.2584995654610229,0.0,0.1605541328499427,0.104254389515395,0.364244771913228,0.0,0.0,0.0,0.0,0.0,0.4950610873030087,0.1327478372516277,0.0,0.0,0.0,0.8272213319400222,0.075423816252135,0.0,0.3597154931123248,0.0,0.0191388734199627,0.046996211660579,0.3672910585063238,0.0,0.1922829398600087,0.0,0.0,0.0,0.0,0.0,0.0,0.0,0.0,0.0,0.0,0.0,0.0,0.0,0.0,0.0,0.0,0.0,0.5032151736843575,0.0,0.0,0.0,0.1496611582907603,0.0,0.0,0.0,0.0,0.0,0.0,0.0,0.0,0.620023463845062,0.5738140968370776,0.0,0.525661462573989,0.0,0.6786396932000812,0.2064104126079814,0.8466197537180367,0.1808445507883959,0.0,0.2704060095013553,0.1254920538736916,0.3821435817755301,0.0,0.265587488923275,0.0,0.2860236698480551
0.3119091855952939,0.0,0.8563228668188666,0.068007566629993,0.6057598871266011,0.3289065538072658,0.0,0.8010422080319842,0.6568809114117302,0.0,0.890530115839332,0.0,0.0,0.078012300905856,0.6698752898733294,0.0,0.0,0.0,0.7103057747973817,0.6350507628018246,0.2480005707334233,0.3597154931123248,0.0,0.5168616186071443,0.10627861533261,0.4632636135385228,0.6358780687447043,0.0152276298714534,0.0,0.0,0.0,0.0,0.2928360126599311,0.0,0.0,0.0,0.0,0.0,0.0,0.1500042435259253,0.0,0.0,0.0592085088693371,0.0,0.0,0.0,0.3731851350338915,0.8884266885067282,0.0,0.7508248669200464,0.5847200612935539,0.6061435855598787,0.7068320276624513,0.7491546288544005,0.0,0.8645902011353233,0.0,0.4125405061127314,0.4687626900098308,0.6780721528980562,0.0,0.0,0.0,0.7651768285824695,0.6909371235448964,0.394123013560418,0.6568776619343506,0.9261358523232434,0.0,0.0,0.3462640320350856,0.7727031606347639,0.4242779451633829,0.0567591416703997,0.2528811210540798,0.0
0.6995908234105069,0.0,0.0,0.0,0.0,0.0,0.0,0.3728961505316765,0.0,0.0598935264238152,0.0,0.7405562807523001,0.0,0.0,0.1024265404898433,0.0194563731827594,0.0,0.0,0.0,0.0,0.0,0.0,0.5168616186071443,0.0,0.391810447657888,0.6512693177819462,0.0,0.1260116586480921,0.0,0.0,0.0,0.2627725930502906,0.6480334122395977,0.2138071727618115,0.155838324775752,0.0935605404278132,0.0,0.0,0.3728428047395274,0.3141969633713657,0.3741709680522302,0.0,0.0,0.0,0.0,0.4590051743839248,0.0,0.0,0.0,0.0,0.0,0.0,0.0,0.0,0.3539329455534701,0.0,0.5838388814536759,0.0,0.0,0.0,0.0479322312670451,0.3791954602669259,0.0650269842007263,0.0,0.0,0.0,0.0,0.0,0.7870743899196115,0.3042322435760536,0.5688090647340878,0.0,0.0,0.0,0.0,0.2139928002318985
0.4957140586923595,0.5171540035414602,0.0,0.0,0.0,0.0,0.0,0.0,0.0,0.1812056302545063,0.0,0.2335396102970373,0.0,0.0,0.0589967193573393,0.1173138858644744,0.0644810504259738,0.072952219974954,0.0,0.0,0.0,0.0191388734199627,0.10627861533261,0.391810447657888,0.0,0.5008345760875809,0.0,0.0,0.0,0.0,0.0015830322607325,0.0,0.3985835640044182,0.0,0.0,0.0,0.0,0.0,0.0362813012759008,0.3118274131141318,0.1228280578953664,0.0292458973121001,0.0,0.0,0.0,0.427710340852438,0.2859767361849281,0.0,0.0,0.0,0.0,0.0,0.0,0.0,0.1729153019321836,0.0,0.1159987081476101,0.0,0.0,0.0,0.2747410099707542,0.2789603836139705,0.3036213350691839,0.0,0.0,0.0,0.0,0.0,0.3796474713066946,0.4342887590733126,0.3811148936333505,0.0,0.0,0.0,0.0,0.1139908936907542
0.4773621577964479,0.4646087369218906,0.0,0.0,0.0,0.0,0.0,0.4305973502470114,0.0,0.00472807537823,0.0,0.7802032725757976,0.2647054734463887,0.0,0.1461169928143461,0.0,0.0,0.0,0.0,0.0707006524027972,0.0,0.046996211660579,0.4632636135385228,0.6512693177819462,0.5008345760875809,0.0,0.0,0.1749780481329527,0.0,0.0,0.0,0.1532488054562917,0.5131135418573386,0.0232020439305103,0.031637554258654,0.1464645726706589,0.0,0.0021891127265894,0.214898908682027,0.2034652994269592,0.1573817276961443,0.2215449945555048,0.0,0.0,0.0,0.229044999239343,0.303290425476012,0.0,0.0,0.0,0.0,0.0,0.0,0.0,0.2807959271901831,0.0,0.5933057620241353,0.0,0.0,0.2140340132115381,0.0696364472365866,0.5222355037770219,0.0,0.0,0.2188662615825591,0.0,0.2174189076168568,0.4094226207092518,0.5485760945374392,0.3104486874564244,0.7185707801448176,0.2175459342542707,0.0,0.0,0.0,0.0513978622249988
0.0,0.0,0.7295202985988846,0.0,0.4926397664226803,0.4389273254295817,0.112086905270022,0.4502351195838909,0.7190887741747305,0.0,0.5928540598611367,0.0,0.0,0.0,0.5143841066791628,0.0,0.0,0.0,0.5745798949385661,0.6238312584566819,0.2916898255172563,0.3672910585063238,0.6358780687447043,0.0,0.0,0.0,0.0,0.0,0.1960803405928785,0.0,0.0,0.0,0.0,0.0,0.0,0.0,0.0,0.0,0.0,0.0,0.0,0.0,0.0783187554816877,0.0,0.0,0.0,0.3257075054787433,0.6687231644279302,0.0,0.0,0.3961154278736642,0.4092371660031734,0.3083671450843863,0.5135128036968779,0.0,0.5654046963787027,0.0,0.0599306315850037,0.0343151173961451,0.4675772037305737,0.0,0.0,0.0,0.5827315462059848,0.4848655608159574,0.33896057917871,0.4824236006418408,0.5299161081654213,0.0,0.0,0.0,0.7028871229650506,0.249596042216219,0.00164145454428,0.0942786304709663,0.0
0.0,0.012082455208746,0.0704259299265395,0.2524608126231953,0.0527532108908081,0.1059467758051244,0.2360572625855677,0.2069174745793825,0.0773062990108503,0.0795332237564293,0.0,0.3650529060725886,0.5771260801975071,0.1786100532678086,0.0,0.2390313243738488,0.2593442938247645,0.1464726685413919,0.0876156797173759,0.0,0.0,0.0,0.0152276298714534,0.1260116586480921,0.0,0.1749780481329527,0.0,0.0,0.0,0.4326024790130864,0.1555631583754518,0.0798587930295797,0.0,0.0492341842511039,0.2977980229990231,0.3920476898280632,0.4393204681466443,0.4376056062158048,0.0,0.0,0.0,0.0411279697778489,0.4240838709549643,0.0,0.0,0.0,0.0,0.0,0.0,0.0,0.0,0.0,0.1025744618895413,0.0,0.0,0.0,0.0,0.0,0.0,0.0,0.0,0.0,0.0,0.0,0.0,0.0,0.0,0.0,0.0,0.0,0.0,0.0,0.473245604450122,0.0,0.0,0.1183847673972687
0.0,0.0,0.0,0.0,0.0,0.3814222769581282,0.2705394394721803,0.0,0.0,0.0,0.0,0.0,0.1190949867345057,0.0,0.0579198497970759,0.0,0.0,0.3393271214928106,0.0,0.2137606125743897,0.4612232240918542,0.1922829398600087,0.0,0.0,0.0,0.0,0.1960803405928785,0.0,0.0,0.5123447358168516,0.0,0.0,0.0,0.0,0.0,0.0,0.0,0.0,0.0,0.0,0.0,0.0,0.0,0.0,0.0,0.0,0.0108692764900855,0.0,0.0,0.0,0.0,0.0,0.0,0.0,0.0,0.0,0.0,0.0,0.0,0.0,0.0,0.0,0.0,0.0,0.0,0.2797544265465261,0.0,0.0,0.0,0.0,0.0,0.0,0.0303860737142095,0.02428321024889,0.0,0.010701982252774
0.0,0.0,0.0,0.0,0.0,0.122306802872844,0.0,0.0,0.0,0.0,0.0,0.0,0.3174075768036432,0.0,0.0,0.3743339808381438,0.0,0.0,0.0,0.0,0.0487545952991678,0.0,0.0,0.0,0.0,0.0,0.0,0.4326024790130864,0.5123447358168516,0.0,0.2513592594300243,0.0554472597767911,0.0,0.0,0.0,0.0,0.0,0.0,0.0,0.0,0.0,0.0,0.0,0.0,0.0,0.0,0.0,0.0,0.0,0.0,0.0,0.0,0.0,0.0,0.0,0.0,0.0,0.0,0.0,0.0,0.0,0.0,0.0,0.0,0.0,0.0,0.0,0.0,0.0,0.0,0.0,0.0,0.0,0.0,0.0,0.0
0.0,0.1080361679772438,0.0,0.0,0.0,0.0,0.0450439929087096,0.0,0.0,0.296737641642804,0.0,0.0,0.1651819369833732,0.18606295472257,0.0,0.619744044966796,0.5707615481385101,0.4885024821192858,0.0,0.0,0.0,0.0,0.0,0.0,0.0015830322607325,0.0,0.0,0.1555631583754518,0.0,0.2513592594300243,0.0,0.2972127324977933,0.0,0.4655537681174965,0.4244630891655054,0.1911602072504029,0.3077981343694912,0.3313081961448111,0.0962000098221181,0.0,0.1788056970779808,0.0,0.0,0.0,0.0,0.0,0.0,0.0,0.0,0.0,0.0,0.0,0.0,0.0,0.0,0.0,0.0,0.0,0.0,0.0,0.0,0.0,0.0831403306692696,0.0,0.0,0.0,0.0,0.0,0.0,0.0,0.0,0.0,0.0,0.0,0.0,0.2843594318067167
0.2786197727464488,0.0,0.0,0.2156762941746917,0.0,0.0,0.0,0.0,0.0,0.1383719841034492,0.0,0.0833001101031127,0.1357104964571804,0.4585990508626792,0.0,0.1522804858711194,0.1031005861225714,0.0,0.0,0.0,0.0,0.0,0.0,0.2627725930502906,0.0,0.1532488054562917,0.0,0.0798587930295797,0.0,0.0554472597767911,0.2972127324977933,0.0,0.2618727330695398,0.6478402528333168,0.5347660440425944,0.1017641960446602,0.2289676367299167,0.3313111103966121,0.7774924257060403,0.1961303106462279,0.4385991814362024,0.3071844651211386,0.2063114176850268,0.0,0.4284051671601089,0.2373103117289689,0.0,0.0,0.0,0.0,0.0,0.0,0.0,0.0,0.0,0.0,0.0317549293007357,0.0338342946395501,0.0,0.0,0.0,0.0,0.0,0.0,0.0,0.0,0.0,0.0,0.2649501694927195,0.0,0.2442763720069444,0.0,0.0,0.0,0.0,0.1273304393085326
0.6913482275914834,0.1825170878811551,0.0,0.0,0.0097958287838038,0.0,0.0,0.1871212681486021,0.0,0.0,0.2862229232080402,0.4984438873214736,0.0,0.0,0.0588276911520483,0.0,0.0,0.0,0.0,0.0,0.0,0.0,0.2928360126599311,0.6480334122395977,0.3985835640044182,0.5131135418573386,0.0,0.0,0.0,0.0,0.0,0.2618727330695398,0.0,0.3301451748548357,0.1761091608594757,0.0,0.0,0.0,0.4222883927417186,0.5819073866338538,0.4009585208225356,0.3758204048671466,0.0,0.0,0.0,0.5714357232989323,0.1350138933532831,0.0,0.0,0.0,0.0,0.0,0.0,0.0,0.0953253142549143,0.0,0.2205200747441267,0.0,0.0,0.0671489935783708,0.057674667165506,0.2309864072638177,0.0,0.0,0.0,0.0759437204745669,0.0,0.2796400766894378,0.54922581036702,0.3065767884190837,0.4002073773156488,0.1595845592650111,0.0,0.1234997544880005,0.0,0.0
0.2481903057858827,0.0,0.0,0.2317338554604371,0.0,0.0,0.0,0.0,0.0,0.0300193734300828,0.0,0.0064319668190764,0.0734699547982948,0.4322735548785451,0.0,0.2669818424386171,0.2223587312637991,0.0516187262002276,0.0,0.0,0.0,0.0,0.0,0.2138071727618115,0.0,0.0232020439305103,0.0,0.0492341842511039,0.0,0.0,0.4655537681174965,0.6478402528333168,0.3301451748548357,0.0,0.6555501813765324,0.1222312116564372,0.2732280423114547,0.3013469258807154,0.603374121280021,0.1346317780851649,0.5367137663574674,0.3259487712031321,0.0552235050503717,0.0,0.3035542835938006,0.1751180348810619,0.0,0.0,0.0,0.0,0.0,0.0,0.0,0.0,0.0,0.0,0.0,0.0,0.0,0.0,0.0,0.0,0.0,0.0,0.0,0.0,0.0,0.0,0.1366717798448795,0.0,0.073986865321597,0.0,0.0,0.0298860152705357,0.0,0.0794125808729952
0.1084141838300685,0.0,0.0,0.2964182716221828,0.0195112646219748,0.0,0.1454304509714589,0.0,0.0,0.0973181981809858,0.0,0.05256134222668,0.3151918730756578,0.0,0.0,0.1934416999705273,0.2603880337080229,0.0632708835713531,0.0,0.0,0.0,0.0,0.0,0.155838324775752,0.0,0.031637554258654,0.0,0.2977980229990231,0.0,0.0,0.4244630891655054,0.5347660440425944,0.1761091608594757,0.6555501813765324,0.0,0.2934821711789462,0.4177212784326981,0.4109639988049953,0.4117212460275217,0.0,0.2216537332781143,0.3527840325282325,0.2829371709144457,0.1170723389429284,0.280563381118965,0.0,0.0,0.0,0.0,0.0,0.0,0.0,0.0,0.0,0.0,0.0,0.1147971557179546,0.0,0.0,0.0,0.0,0.0,0.0,0.0,0.0,0.0,0.0,0.0,0.0,0.0,0.1261189455410777,0.0,0.0,0.0,0.0,0.0
0.0,0.0,0.0,0.4361791737857038,0.2273020805205362,0.0,0.3803074702734115,0.0522201401838459,0.1180300987698836,0.0,0.0,0.1859703115354222,0.3937947225088841,0.3626955699721757,0.0,0.0,0.0,0.0,0.0,0.0,0.0,0.0,0.0,0.0935605404278132,0.0,0.1464645726706589,0.0,0.3920476898280632,0.0,0.0,0.1911602072504029,0.1017641960446602,0.0,0.1222312116564372,0.2934821711789462,0.0,0.5118069195577257,0.2530772692718268,0.0,0.0,0.0,0.0505999180739314,0.443785292212471,0.4286005884868574,0.0,0.0,0.0,0.0,0.0,0.0,0.0,0.1408630908244349,0.0,0.0230828435527251,0.0,0.0,0.2418103699733312,0.1853841190973405,0.2333337845072349,0.0,0.0,0.0,0.0,0.0,0.0,0.0,0.0,0.0,0.0,0.0,0.0,0.0,0.1606786504550128,0.0,0.0,0.0
0.0,0.0,0.0,0.4549884257801782,0.1390810135984664,0.0,0.3668362302995726,0.0,0.0311649427872786,0.1165842646815322,0.0,0.1061320490001784,0.302771650197687,0.3433404439917057,0.0,0.0,0.0,0.0,0.0,0.0,0.0,0.0,0.0,0.0,0.0,0.0,0.0,0.4393204681466443,0.0,0.0,0.3077981343694912,0.2289676367299167,0.0,0.2732280423114547,0.4177212784326981,0.5118069195577257,0.0,0.3025685188896868,0.1173511940902349,0.0,0.0306418750200984,0.0,0.0,0.0,0.0,0.0,0.0,0.0,0.0,0.0,0.0,0.0,0.0,0.0,0.0,0.0,0.0,0.0,0.0,0.0,0.0,0.0,0.0,0.0,0.0,0.0,0.0,0.0,0.0,0.0,0.0,0.0,0.0,0.0,0.0,0.0
0.0,0.0,0.0,0.0,0.0,0.0,0.2002637870050784,0.0,0.0,0.2060159102527783,0.0,0.1046911763252186,0.3726132617361383,0.0,0.0,0.0,0.4291635325860732,0.0,0.0,0.0,0.0,0.0,0.0,0.0,0.0,0.0021891127265894,0.0,0.4376056062158048,0.0,0.0,0.3313081961448111,0.3313111103966121,0.0,0.3013469258807154,0.4109639988049953,0.2530772692718268,0.3025685188896868,0.0,0.1207579554744324,0.0,0.0354655902137812,0.1475010169076633,0.0,0.0,0.4076854258537141,0.0,0.0,0.0,0.0,0.0,0.0,0.0,0.0,0.0,0.1444816838161937,0.0,0.2615099715755999,0.0,0.0,0.0,0.0,0.0,0.0,0.0,0.0,0.0,0.0,0.0,0.0,0.0,0.0557601657190485,0.0,0.0,0.0,0.0,0.0
0.5259840420388644,0.0,0.0,0.0,0.0,0.0,0.0,0.0110196939715745,0.0,0.0286578616148809,0.0,0.1384841605687352,0.0,0.0,0.0,0.0060125896879907,0.0,0.0,0.0,0.0,0.0,0.0,0.0,0.3728428047395274,0.0362813012759008,0.214898908682027,0.0,0.0,0.0,0.0,0.0962000098221181,0.7774924257060403,0.4222883927417186,0.603374121280021,0.4117212460275217,0.0,0.1173511940902349,0.1207579554744324,0.0,0.4051940478926159,0.5418130919965859,0.4347234762668713,0.0197386183497413,0.0,0.2922635113429558,0.4481858661362725,0.0,0.0,0.0194276281600521,0.0,0.0,0.0,0.0399872610376019,0.0,0.0,0.0185805595812278,0.0389533971355268,0.0995834276501835,0.0727398378209973,0.0,0.0,0.0487261475372789,0.0,0.0,0.0,0.020839058083473,0.0,0.0085965396572018,0.4081361278526962,0.1209590046991031,0.3369960156116552,0.0,0.0,0.1584362607455145,0.1365705867168077,0.1322384826882431
0.4796397225788697,0.0073947361378429,0.0,0.0,0.0,0.0,0.0,0.0,0.0,0.0420096249863108,0.0,0.1655929341330811,0.0,0.0,0.0991599034689655,0.0,0.0,0.0,0.0,0.0,0.2657065327736498,0.0,0.1500042435259253,0.3141969633713657,0.3118274131141318,0.2034652994269592,0.0,0.0,0.0,0.0,0.0,0.1961303106462279,0.5819073866338538,0.1346317780851649,0.0,0.0,0.0,0.0,0.4051940478926159,0.0,0.275900863248788,0.1929534631059224,0.0,0.0,0.0,0.5000928002887062,0.0322589162809976,0.0,0.0,0.0,0.2382476490071965,0.0,0.3021709135449142,0.0998990878219708,0.0,0.2202200239502102,0.0,0.076487821625901,0.0,0.0429507588960369,0.1789034440621791,0.0532826929803453,0.0,0.0,0.0,0.2654019998122611,0.0,0.2273915830838109,0.3193641223646405,0.2395724276753972,0.1143800123763636,0.0887850939150418,0.0,0.1090751423542815,0.0,0.0
0.4788200290119752,0.0,0.0,0.0,0.0,0.0,0.0,0.0,0.0,0.0377791576206598,0.0,0.126141953826749,0.0,0.0,0.0,0.0320441508595737,0.0,0.0,0.0,0.0,0.0,0.0,0.0,0.3741709680522302,0.1228280578953664,0.1573817276961443,0.0,0.0,0.0,0.0,0.1788056970779808,0.4385991814362024,0.4009585208225356,0.5367137663574674,0.2216537332781143,0.0,0.0306418750200984,0.0354655902137812,0.5418130919965859,0.275900863248788,0.0,0.3384656130792831,0.0,0.0,0.1068793033651587,0.3516501893752407,0.0,0.0,0.0954924443459571,0.0,0.0,0.0,0.0,0.0,0.0,0.0,0.0318895784375171,0.0,0.0895057141560433,0.0,0.0,0.0,0.0,0.0,0.0,0.0,0.0,0.0,0.3928954887551623,0.1001653273090654,0.2382374698678172,0.0,0.0,0.2323235459475097,0.025562347503186,0.2929111793324234
0.0,0.0,0.0,0.0,0.0,0.0,0.0,0.0,0.0,0.0,0.0,0.0,0.0,0.0,0.0,0.0,0.0,0.0,0.0,0.0,0.0,0.0,0.0,0.0,0.0292458973121001,0.2215449945555048,0.0,0.0411279697778489,0.0,0.0,0.0,0.3071844651211386,0.3758204048671466,0.3259487712031321,0.3527840325282325,0.0505999180739314,0.0,0.1475010169076633,0.4347234762668713,0.1929534631059224,0.3384656130792831,0.0,0.0645561235354597,0.0,0.0,0.4007917115471943,0.0,0.0,0.2396552079258459,0.0,0.0,0.0024591911295106,0.0778039188177355,0.0,0.0,0.0,0.0511139183633679,0.1334285606916275,0.0,0.0,0.0,0.0,0.0,0.0,0.0,0.006974077325022,0.0,0.0,0.2916201298434232,0.012629387520881,0.2942164883575806,0.0,0.0,0.0119022705270791,0.0146214648942018,0.070404951101795
0.0,0.0,0.1950711732950267,0.0,0.263900457749178,0.0190319760253068,0.0,0.2067736556146859,0.3106059819724691,0.0,0.0,0.0,0.4146409436749858,0.2041905657247375,0.0,0.0,0.0,0.0,0.1913274528684302,0.0,0.0,0.0,0.0592085088693371,0.0,0.0,0.0,0.0783187554816877,0.4240838709549643,0.0,0.0,0.0,0.2063114176850268,0.0,0.0552235050503717,0.2829371709144457,0.443785292212471,0.0,0.0,0.0197386183497413,0.0,0.0,0.0645561235354597,0.0,0.6042499260748487,0.1730205127012745,0.0,0.0,0.1828254912931212,0.2824102421116121,0.2417113915850745,0.0,0.323648981835716,0.0,0.0,0.3287432846481372,0.0,0.3378949285490881,0.233445156473373,0.2098950988413107,0.0982351338049567,0.0,0.2827606571881309,0.0,0.2041475583296931,0.1920162888007152,0.0,0.2628753921728928,0.0,0.0,0.0,0.2167059698067434,0.0,0.3954889223287497,0.0,0.0,0.2139967641226337
0.0,0.0,0.0,0.0,0.0,0.0,0.0,0.0,0.0,0.0,0.0,0.0,0.0,0.0,0.0,0.0,0.0,0.0,0.0,0.0,0.0,0.0,0.0,0.0,0.0,0.0,0.0,0.0,0.0,0.0,0.0,0.0,0.0,0.0,0.1170723389429284,0.4286005884868574,0.0,0.0,0.0,0.0,0.0,0.0,0.6042499260748487,0.0,0.1691636005004231,0.0,0.0,0.0,0.1562305897893658,0.0273935099907917,0.0,0.1095440542418661,0.0,0.0,0.2076985856682312,0.0,0.2414266497417304,0.0948183420017884,0.0230862082722524,0.0,0.0,0.0,0.0,0.1032024910579042,0.0,0.0,0.0,0.0,0.0,0.0,0.0,0.0,0.4059910715776166,0.0,0.0,0.1608759645972481
0.0,0.0,0.0,0.0,0.0,0.0,0.0,0.0,0.0,0.3228301460570295,0.0,0.0,0.0,0.0,0.0,0.0,0.0,0.0,0.0,0.0,0.0,0.0,0.0,0.0,0.0,0.0,0.0,0.0,0.0,0.0,0.0,0.4284051671601089,0.0,0.3035542835938006,0.280563381118965,0.0,0.0,0.4076854258537141,0.2922635113429558,0.0,0.1068793033651587,0.0,0.1730205127012745,0.1691636005004231,0.0,0.0,0.0,0.0,0.0,0.0,0.0,0.0,0.0,0.0,0.0,0.0,0.0,0.0,0.0,0.0,0.0,0.0,0.0,0.0,0.0,0.0,0.0,0.0,0.0,0.0,0.0,0.0,0.0,0.0,0.0,0.0
0.7632658528202522,0.0,0.0,0.0,0.0,0.0,0.0,0.0,0.0,0.0,0.0,0.0,0.0,0.0,0.0,0.0,0.0,0.0,0.0,0.0,0.2197067299284114,0.0,0.0,0.4590051743839248,0.427710340852438,0.229044999239343,0.0,0.0,0.0,0.0,0.0,0.2373103117289689,0.5714357232989323,0.1751180348810619,0.0,0.0,0.0,0.0,0.4481858661362725,0.5000928002887062,0.3516501893752407,0.4007917115471943,0.0,0.0,0.0,0.0,0.0,0.0,0.0,0.0,0.1164911862122869,0.0,0.1456964185519681,0.0,0.0,0.0,0.0,0.0,0.0,0.1633846693178683,0.2755006494594655,0.0,0.0365743235870021,0.0,0.0,0.2872877413033777,0.0,0.2136346075438069,0.4642005366806478,0.2370125400521454,0.2884425747648091,0.1045682713515937,0.0,0.447778494604422,0.0,0.19460473640095
0.0692970789371751,0.5578396647578416,0.0,0.0,0.0,0.0,0.0,0.0,0.0,0.0,0.0,0.0,0.0,0.0,0.1976892292905242,0.0,0.0,0.0,0.0,0.4052502228028747,0.0067704334090562,0.5032151736843575,0.3731851350338915,0.0,0.2859767361849281,0.303290425476012,0.3257075054787433,0.0,0.0108692764900855,0.0,0.0,0.0,0.1350138933532831,0.0,0.0,0.0,0.0,0.0,0.0,0.0322589162809976,0.0,0.0,0.0,0.0,0.0,0.0,0.0,0.0,0.0,0.0,0.6199855416877502,0.3900667369824483,0.2735830888244038,0.1518765497820993,0.5278146965291455,0.0,0.0,0.5366696555291129,0.0,0.2833131329326843,0.5599858375983918,0.7272187774319822,0.5919523532712644,0.0,0.2895803626158597,0.0748761623158343,0.4797433793463534,0.3169149429624963,0.0,0.7630454017053886,0.559502920833365,0.3532143399670954,0.3718209221484729,0.1492157694684231,0.0,0.094052608270988
0.0,0.0,0.9284089357602374,0.0,0.6918493204336875,0.1925827339206439,0.0,0.7445812857467674,0.7782294458159187,0.0,0.906523239992285,0.0,0.0,0.0457129501370229,0.0,0.0,0.0,0.0,0.6883730371799973,0.0,0.0,0.0,0.8884266885067282,0.0,0.0,0.0,0.6687231644279302,0.0,0.0,0.0,0.0,0.0,0.0,0.0,0.0,0.0,0.0,0.0,0.0,0.0,0.0,0.0,0.1828254912931212,0.0,0.0,0.0,0.0,0.0,0.2370995712122297,0.8077481323421964,0.4391252701095137,0.6695065991020724,0.5419510605373912,0.7469850347828408,0.0,0.8892755877002753,0.0,0.3542229413346569,0.4181346441676483,0.0,0.0,0.0,0.0,0.8055631304677112,0.0,0.0,0.0,0.846748250773434,0.0,0.0,0.0,0.7585465612527955,0.4776707446711275,0.0768131857496402,0.3316814817461073,0.0159589211721137
0.0,0.0,0.0,0.0,0.0,0.0,0.0,0.0,0.0,0.0,0.0,0.0,0.0,0.0,0.0,0.0,0.0,0.0,0.0,0.0,0.0,0.0,0.0,0.0,0.0,0.0,0.0,0.0,0.0,0.0,0.0,0.0,0.0,0.0,0.0,0.0,0.0,0.0,0.0194276281600521,0.0,0.0954924443459571,0.2396552079258459,0.2824102421116121,0.1562305897893658,0.0,0.0,0.0,0.2370995712122297,0.0,0.2856850751226716,0.1500561347170602,0.3846260593323124,0.1957171006485153,0.211409815277764,0.0,0.1519011474331609,0.0,0.3044321661679931,0.3444106672034933,0.0,0.0,0.0,0.0,0.1919585349821581,0.0,0.0,0.0,0.2286974398950239,0.0,0.0,0.0,0.1310178839196855,0.2435062891649513,0.0,0.0,0.122996088889664
0.0,0.0,0.7943912770103299,0.0,0.0,0.0,0.0,0.5387574793674496,0.0,0.0,0.8089154850250732,0.0,0.0,0.0,0.0,0.0,0.0,0.0,0.0,0.0,0.0,0.0,0.7508248669200464,0.0,0.0,0.0,0.0,0.0,0.0,0.0,0.0,0.0,0.0,0.0,0.0,0.0,0.0,0.0,0.0,0.0,0.0,0.0,0.2417113915850745,0.0273935099907917,0.0,0.0,0.0,0.8077481323421964,0.2856850751226716,0.0,0.4673126385170106,0.8185131927744658,0.3982093277704484,0.7703395715160041,0.4937036855419675,0.7316911077938123,0.4086026295339982,0.5113969248819322,0.5274051591640104,0.0,0.0,0.0,0.0,0.7507546570845396,0.0,0.0,0.0,0.679698457081686,0.0,0.0,0.0,0.6675166112942837,0.5805614922923273,0.0,0.0,0.0
0.0,0.0,0.3882209454723768,0.0,0.0,0.3198182145463277,0.0,0.3873928247001597,0.3465846815938394,0.0,0.4929323362001347,0.0,0.0,0.0,0.3711658788346946,0.0,0.0,0.0,0.3877992604513571,0.2808239081091485,0.1825430493051299,0.1496611582907603,0.5847200612935539,0.0,0.0,0.0,0.3961154278736642,0.0,0.0,0.0,0.0,0.0,0.0,0.0,0.0,0.0,0.0,0.0,0.0,0.2382476490071965,0.0,0.0,0.0,0.0,0.0,0.1164911862122869,0.6199855416877502,0.4391252701095137,0.1500561347170602,0.4673126385170106,0.0,0.5074709332451879,0.5604439597162223,0.5355145652924037,0.3753647733092802,0.5004168358441691,0.0,0.5911740613454511,0.155289008685606,0.290679825346406,0.3643576115861647,0.4602782352201874,0.2406668923579394,0.4343291572354815,0.2596408097161454,0.2792323573812744,0.2902569522009369,0.6771868604290824,0.0,0.6545562424624125,0.375795791616714,0.6442662184286123,0.2759714193222323,0.1604584241003222,0.0084077074643448,0.0
0.0,0.0,0.0,0.0,0.0,0.1452067367659417,0.0,0.4875500636736259,0.0,0.0,0.5886405854652911,0.0,0.0,0.0,0.0,0.0,0.0,0.0,0.0,0.0,0.0,0.0,0.6061435855598787,0.0,0.0,0.0,0.4092371660031734,0.0,0.0,0.0,0.0,0.0,0.0,0.0,0.0,0.1408630908244349,0.0,0.0,0.0,0.0,0.0,0.0024591911295106,0.323648981835716,0.1095440542418661,0.0,0.0,0.3900667369824483,0.6695065991020724,0.3846260593323124,0.8185131927744658,0.5074709332451879,0.0,0.3242929627751659,0.6467265247287226,0.6177010706535483,0.5305205825596098,0.433526269646604,0.7255947071428738,0.3784230577278716,0.0,0.2109733792885255,0.5726324068274194,0.3271908974830332,0.5876693103814224,0.57751875937009,0.0,0.5611922358205018,0.5711094141987844,0.0,0.3734360708216516,0.4063821505340102,0.5463050093462377,0.5919752208997224,0.1270055786928205,0.0,0.036531117394713
0.0,0.0,0.417970976408046,0.0,0.2466811117718483,0.3509728385130046,0.0,0.8246423372027407,0.2537786899056355,0.0,0.4944458778931047,0.0,0.0,0.0,0.3895093427841757,0.0,0.0,0.0,0.3561358858065993,0.2279152932260452,0.4239494970348114,0.0,0.7068320276624513,0.0,0.0,0.0,0.3083671450843863,0.1025744618895413,0.0,0.0,0.0,0.0,0.0,0.0,0.0,0.0,0.0,0.0,0.0399872610376019,0.3021709135449142,0.0,0.0778039188177355,0.0,0.0,0.0,0.1456964185519681,0.2735830888244038,0.5419510605373912,0.1957171006485153,0.3982093277704484,0.5604439597162223,0.3242929627751659,0.0,0.4469586369403425,0.0,0.5696501280687486,0.0,0.4684459313402884,0.2964486174969755,0.3455743737335103,0.0670492612233354,0.0,0.0,0.4097465104223574,0.3033506733338175,0.4199173034814709,0.0,0.7263519595428017,0.3502306323621455,0.2114016018363781,0.3504187077255482,0.447954126789691,0.3270844360683157,0.0,0.0542635718223472,0.0
0.0,0.0,0.6678596464448763,0.0,0.6819911326907936,0.0876753427851021,0.0,0.5355235497769676,0.754527921526886,0.0,0.8282020362091262,0.0,0.0,0.078802543186211,0.0,0.0,0.0,0.0,0.4598654853627221,0.0,0.0,0.0,0.7491546288544005,0.0,0.0,0.0,0.5135128036968779,0.0,0.0,0.0,0.0,0.0,0.0,0.0,0.0,0.0230828435527251,0.0,0.0,0.0,0.0998990878219708,0.0,0.0,0.0,0.0,0.0,0.0,0.1518765497820993,0.7469850347828408,0.211409815277764,0.7703395715160041,0.5355145652924037,0.6467265247287226,0.4469586369403425,0.0,0.3975502412214545,0.7948006701113842,0.3283485691250556,0.3472042693740272,0.3369785026047498,0.0,0.0,0.0,0.0,0.489704176507667,0.5755584093257767,0.0,0.4668629643497506,0.7684312172980968,0.0,0.0,0.1971073023592586,0.7528084012551527,0.2709153564771825,0.0288566157725515,0.0298777658508318,0.0
0.1080330922831951,0.0,0.0,0.0,0.0,0.0,0.0,0.0,0.0,0.1687590682848672,0.0,0.4269276048450157,0.0,0.0,0.0,0.0,0.0,0.0,0.0,0.0,0.0,0.0,0.0,0.3539329455534701,0.1729153019321836,0.2807959271901831,0.0,0.0,0.0,0.0,0.0,0.0,0.0953253142549143,0.0,0.0,0.0,0.0,0.1444816838161937,0.0,0.0,0.0,0.0,0.3287432846481372,0.2076985856682312,0.0,0.0,0.5278146965291455,0.0,0.0,0.4937036855419675,0.3753647733092802,0.6177010706535483,0.0,0.3975502412214545,0.0,0.3562098742285329,0.6116075022565022,0.4842492357064558,0.2432717671415276,0.0,0.2963497179595869,0.8168745762600653,0.6044538090375099,0.4588999093405406,0.4312418061562499,0.0,0.5342791941767931,0.0,0.2155191721878628,0.5538051754527851,0.5791541464415859,0.2976643304645804,0.4480100129935735,0.1878686477893124,0.0,0.3356188510109028
0.0,0.0,0.8152540311084459,0.0,0.6161423668676244,0.0,0.0,0.6473321278609716,0.6149278918623607,0.0,0.9797817663721922,0.0,0.0,0.0808689818035174,0.0,0.0,0.0,0.0,0.6288309470024838,0.0,0.0,0.0,0.8645902011353233,0.0,0.0,0.0,0.5654046963787027,0.0,0.0,0.0,0.0,0.0,0.0,0.0,0.0,0.0,0.0,0.0,0.0185805595812278,0.2202200239502102,0.0,0.0,0.0,0.0,0.0,0.0,0.0,0.8892755877002753,0.1519011474331609,0.7316911077938123,0.5004168358441691,0.5305205825596098,0.5696501280687486,0.7948006701113842,0.3562098742285329,0.0,0.2979089901737553,0.2749217755335775,0.4480506186135084,0.0,0.0,0.0,0.0,0.7248078928759712,0.0,0.0,0.0,0.8544311025957743,0.0,0.0,0.0,0.8208688400442729,0.2684177920067923,0.0,0.0,0.0
0.0,0.0,0.0,0.0,0.0,0.0,0.0,0.0,0.0,0.2189868196615954,0.0,0.8403610260025057,0.0,0.0,0.0,0.0,0.0,0.0,0.0,0.0,0.0,0.0,0.0,0.5838388814536759,0.1159987081476101,0.5933057620241353,0.0,0.0,0.0,0.0,0.0,0.0317549293007357,0.2205200747441267,0.0,0.1147971557179546,0.2418103699733312,0.0,0.2615099715755999,0.0389533971355268,0.0,0.0318895784375171,0.0511139183633679,0.3378949285490881,0.2414266497417304,0.0,0.0,0.0,0.0,0.0,0.4086026295339982,0.0,0.433526269646604,0.0,0.3283485691250556,0.6116075022565022,0.2979089901737553,0.0,0.539793336840928,0.0,0.0,0.0,0.6600431006706927,0.1259651995123665,0.0,0.0,0.0,0.0,0.0,0.4716951930184704,0.161594076865794,0.5499878941550767,0.0,0.4897765636926505,0.0,0.0,0.1040932250875964
